"id","especie","altura","circ_tronco_cm","diametro_tronco","long","lat","seccion","inclinacion_peligrosa","peligrosidad_especie"
3,"Fresno europeo","Bajo (2 - 4 mts)",52,"Mediano",-68.8574212649,-32.8959944483,5,"0",0.0420032310177706
8,"Morera","Medio (4 - 8 mts)",54,"Mediano",-68.8572185354,-32.895838834,5,"0",0.185148665048544
11,"Morera","Medio (4 - 8 mts)",110,"Grande",-68.8570150632,-32.8958572818,5,"0",0.185148665048544
15,"Morera","Bajo (2 - 4 mts)",56,"Mediano",-68.8567599137,-32.8958801479,5,"1",0.185148665048544
18,"Morera","Medio (4 - 8 mts)",140,"Grande",-68.8565970585,-32.8958954911,5,"0",0.185148665048544
20,"Fresno europeo","Bajo (2 - 4 mts)",36,"Mediano",-68.8564561132,-32.8959077601,5,"0",0.0420032310177706
25,"Fresno europeo","Bajo (2 - 4 mts)",70,"Grande",-68.8559930265,-32.8959464079,5,"0",0.0420032310177706
27,"Jacarand","Bajo (2 - 4 mts)",18,"Chico",-68.8558670144,-32.8959593075,5,"0",0.103064066852368
36,"Morera","Medio (4 - 8 mts)",180,"Grande",-68.8555115869,-32.8962997301,5,"0",0.185148665048544
39,"Morera","Medio (4 - 8 mts)",50,"Mediano",-68.8555247378,-32.896472695,5,"1",0.185148665048544
40,"Fresno europeo","Medio (4 - 8 mts)",140,"Grande",-68.8555275959,-32.8965286068,5,"0",0.0420032310177706
42,"Jacarand","Medio (4 - 8 mts)",40,"Mediano",-68.8555384332,-32.8966506469,5,"0",0.103064066852368
43,"Olmo bola","Medio (4 - 8 mts)",160,"Grande",-68.8555456877,-32.8967214732,5,"0",0.0231481481481481
47,"Morera","Medio (4 - 8 mts)",150,"Grande",-68.8557135396,-32.8968884698,5,"0",0.185148665048544
50,"Fresno europeo","Medio (4 - 8 mts)",160,"Grande",-68.8559959252,-32.8968869126,5,"0",0.0420032310177706
55,"Morera","Medio (4 - 8 mts)",120,"Grande",-68.8564928055,-32.8968819132,5,"0",0.185148665048544
56,"Fresno americano","Bajo (2 - 4 mts)",22,"Mediano",-68.8565517502,-32.8968807383,5,"0",0.0512455516014235
57,"Jacarand","Medio (4 - 8 mts)",60,"Mediano",-68.8566003809,-32.8968795525,5,"0",0.103064066852368
58,"Morera","Medio (4 - 8 mts)",110,"Grande",-68.8566897621,-32.8968080147,5,"0",0.185148665048544
64,"Fresno europeo","Bajo (2 - 4 mts)",50,"Mediano",-68.8566631466,-32.8965007268,5,"0",0.0420032310177706
65,"Fresno europeo","Bajo (2 - 4 mts)",60,"Mediano",-68.8566745934,-32.8964536752,5,"0",0.0420032310177706
71,"Conifera","Medio (4 - 8 mts)",80,"Grande",-68.8570000164,-32.8961607332,5,"0",0.021505376344086
72,"Fresno americano","Bajo (2 - 4 mts)",18,"Chico",-68.8570207182,-32.8961433254,5,"0",0.0512455516014235
78,"Fresno americano","Bajo (2 - 4 mts)",20,"Chico",-68.8573362717,-32.8960538251,5,"0",0.0512455516014235
81,"Fresno americano","Bajo (2 - 4 mts)",36,"Mediano",-68.8569036408,-32.9018688672,5,"0",0.0512455516014235
82,"Fresno americano","Bajo (2 - 4 mts)",40,"Mediano",-68.856861979,-32.901873777,5,"1",0.0512455516014235
84,"Fresno americano","Bajo (2 - 4 mts)",24,"Mediano",-68.8566761685,-32.9018764604,5,"0",0.0512455516014235
85,"Fresno europeo","Bajo (2 - 4 mts)",36,"Mediano",-68.85658883,-32.9018751105,5,"0",0.0420032310177706
93,"Morera","Medio (4 - 8 mts)",140,"Grande",-68.8559831011,-32.9019032972,5,"0",0.185148665048544
94,"Morera","Bajo (2 - 4 mts)",40,"Mediano",-68.8559767703,-32.9018780886,5,"0",0.185148665048544
95,"Morera","Bajo (2 - 4 mts)",44,"Mediano",-68.8559778475,-32.9018181842,5,"0",0.185148665048544
96,"Fresno europeo","Bajo (2 - 4 mts)",36,"Mediano",-68.8559749632,-32.9017834767,5,"0",0.0420032310177706
98,"Olmo comun","Bajo (2 - 4 mts)",40,"Mediano",-68.8561006803,-32.9017260692,5,"0",0.0227272727272727
99,"Pltano","Bajo (2 - 4 mts)",160,"Grande",-68.8562045722,-32.9017241239,5,"0",0.0903973509933775
107,"Pltano","Medio (4 - 8 mts)",180,"Grande",-68.8568847571,-32.9017166601,5,"0",0.0903973509933775
108,"Pltano","Alto (> 8 mts)",180,"Grande",-68.8569135597,-32.9017174677,5,"0",0.0903973509933775
112,"Morera","Bajo (2 - 4 mts)",22,"Mediano",-68.8569770778,-32.8635909097,6,"0",0.185148665048544
114,"Liquidambar","Muy bajo (1 - 2 mts)",8,"Chico",-68.8567764294,-32.8635820428,6,"0",0
117,"Acer","Medio (4 - 8 mts)",80,"Grande",-68.8565642207,-32.8636422827,6,"0",0.0204081632653061
121,"Morera","Bajo (2 - 4 mts)",16,"Chico",-68.8565817275,-32.8638083644,6,"0",0.185148665048544
124,"Ailanthus","Bajo (2 - 4 mts)",80,"Grande",-68.8567009475,-32.8640296437,6,"0",0.0380952380952381
126,"Jacarand","Bajo (2 - 4 mts)",46,"Mediano",-68.8569444054,-32.8640397021,6,"0",0.103064066852368
133,"Paraiso sombrilla","Medio (4 - 8 mts)",90,"Grande",-68.8576602822,-32.8640745531,6,"0",0.022887323943662
134,"Paraiso sombrilla","Medio (4 - 8 mts)",120,"Grande",-68.8577134749,-32.8640769147,6,"0",0.022887323943662
136,"Morera","Bajo (2 - 4 mts)",24,"Mediano",-68.8578758998,-32.864085761,6,"0",0.185148665048544
137,"Morera","Medio (4 - 8 mts)",80,"Grande",-68.8579538039,-32.8640881831,6,"0",0.185148665048544
140,"Fresno europeo","Bajo (2 - 4 mts)",36,"Mediano",-68.8581197222,-32.8640958771,6,"0",0.0420032310177706
145,"Fresno europeo","Muy bajo (1 - 2 mts)",4,"Chico",-68.8581808708,-32.8642127881,6,"0",0.0420032310177706
146,"Fresno europeo","Muy bajo (1 - 2 mts)",14,"Chico",-68.8580854,-32.8642075023,6,"0",0.0420032310177706
147,"Fresno europeo","Muy bajo (1 - 2 mts)",7,"Chico",-68.8580028841,-32.8642039579,6,"0",0.0420032310177706
148,"Paraiso","Bajo (2 - 4 mts)",120,"Grande",-68.8579576256,-32.864202141,6,"0",0.0859023207481815
150,"Jacarand","Bajo (2 - 4 mts)",30,"Mediano",-68.857820378,-32.8641944866,6,"0",0.103064066852368
151,"Paraiso sombrilla","Bajo (2 - 4 mts)",42,"Mediano",-68.857754913,-32.8641909605,6,"0",0.022887323943662
153,"Jacarand","Medio (4 - 8 mts)",56,"Mediano",-68.8576246578,-32.8641856357,6,"0",0.103064066852368
155,"Fresno europeo","Bajo (2 - 4 mts)",24,"Mediano",-68.8575412426,-32.8641826418,6,"0",0.0420032310177706
159,"Fresno europeo","Bajo (2 - 4 mts)",20,"Chico",-68.857346078,-32.8641697479,6,"0",0.0420032310177706
161,"Paraiso sombrilla","Bajo (2 - 4 mts)",100,"Grande",-68.8571537012,-32.8641614654,6,"0",0.022887323943662
162,"Paraiso sombrilla","Bajo (2 - 4 mts)",80,"Grande",-68.8570880942,-32.8641579352,6,"0",0.022887323943662
165,"Paraiso","Medio (4 - 8 mts)",60,"Mediano",-68.8568438587,-32.8641461494,6,"0",0.0859023207481815
166,"Paraiso","Bajo (2 - 4 mts)",50,"Mediano",-68.8567592135,-32.8641420301,6,"0",0.0859023207481815
168,"Paraiso","Bajo (2 - 4 mts)",40,"Mediano",-68.8566239237,-32.8642132741,6,"0",0.0859023207481815
170,"Paraiso","Medio (4 - 8 mts)",60,"Mediano",-68.8566366649,-32.8643478911,6,"0",0.0859023207481815
180,"Morera","Bajo (2 - 4 mts)",44,"Mediano",-68.8572069582,-32.8646130845,6,"0",0.185148665048544
182,"Morera","Bajo (2 - 4 mts)",50,"Mediano",-68.8572935648,-32.8646183608,6,"0",0.185148665048544
185,"Aguaribay","Medio (4 - 8 mts)",130,"Grande",-68.8575229985,-32.8646301785,6,"0",0.106529209621993
186,"Morera","Bajo (2 - 4 mts)",26,"Mediano",-68.8575959693,-32.864633138,6,"0",0.185148665048544
189,"Prunas","Bajo (2 - 4 mts)",22,"Mediano",-68.8580176954,-32.8646533329,6,"0",0.0321782178217822
190,"Paraiso sombrilla","Bajo (2 - 4 mts)",60,"Mediano",-68.8580625525,-32.8646558255,6,"0",0.022887323943662
196,"Morera","Muy bajo (1 - 2 mts)",22,"Mediano",-68.8583293667,-32.8646707742,6,"0",0.185148665048544
198,"Fresno europeo","Bajo (2 - 4 mts)",20,"Chico",-68.8584029873,-32.8645344121,6,"0",0.0420032310177706
204,"Morera","Alto (> 8 mts)",130,"Grande",-68.8393721078,-32.8705776557,4,"1",0.185148665048544
205,"Morera","Muy bajo (1 - 2 mts)",2,"Chico",-68.8393497818,-32.8705100171,4,"0",0.185148665048544
208,"Olmo bola","Medio (4 - 8 mts)",65,"Grande",-68.8393090184,-32.8703372173,4,"0",0.0231481481481481
211,"Fresno americano","Medio (4 - 8 mts)",40,"Mediano",-68.8392752324,-32.8702071153,4,"1",0.0512455516014235
215,"Pltano","Alto (> 8 mts)",200,"Grande",-68.8389727497,-32.8699815525,4,"0",0.0903973509933775
218,"Pltano","Alto (> 8 mts)",170,"Grande",-68.8387341999,-32.8699698865,4,"1",0.0903973509933775
222,"Fresno europeo","Alto (> 8 mts)",125,"Grande",-68.8384548507,-32.8699559989,4,"0",0.0420032310177706
226,"Fresno americano","Medio (4 - 8 mts)",118,"Grande",-68.8380796956,-32.8699463184,4,"0",0.0512455516014235
228,"Pltano","Alto (> 8 mts)",180,"Grande",-68.8380639089,-32.8700831815,4,"0",0.0903973509933775
230,"Morera","Medio (4 - 8 mts)",120,"Grande",-68.8380983294,-32.8702159238,4,"1",0.185148665048544
231,"Jacarand","Bajo (2 - 4 mts)",25,"Mediano",-68.8381161635,-32.8702836173,4,"1",0.103064066852368
233,"Morera","Medio (4 - 8 mts)",70,"Grande",-68.838138476,-32.8703616535,4,"1",0.185148665048544
234,"Pltano","Alto (> 8 mts)",165,"Grande",-68.8381569483,-32.8704309717,4,"0",0.0903973509933775
235,"Pltano","Alto (> 8 mts)",170,"Grande",-68.8381639122,-32.8704812818,4,"0",0.0903973509933775
237,"Morera","Medio (4 - 8 mts)",35,"Mediano",-68.8383248382,-32.8705394661,4,"0",0.185148665048544
239,"Olmo bola","Medio (4 - 8 mts)",110,"Grande",-68.8385301422,-32.8705570438,4,"0",0.0231481481481481
242,"Pltano","Alto (> 8 mts)",138,"Grande",-68.8387310619,-32.8705730005,4,"0",0.0903973509933775
245,"Pltano","Alto (> 8 mts)",165,"Grande",-68.8389966337,-32.8705933864,4,"0",0.0903973509933775
246,"Pltano","Alto (> 8 mts)",168,"Grande",-68.8390639607,-32.8706005035,4,"0",0.0903973509933775
252,"Morera","Muy bajo (1 - 2 mts)",4,"Chico",-68.822199023,-32.8669862615,4,"0",0.185148665048544
253,"Paraiso sombrilla","Medio (4 - 8 mts)",150,"Grande",-68.8221276323,-32.8669915711,4,"0",0.022887323943662
260,"Fresno europeo","Medio (4 - 8 mts)",130,"Grande",-68.8220845592,-32.8668629328,4,"0",0.0420032310177706
263,"Fresno europeo","Bajo (2 - 4 mts)",14,"Chico",-68.8223245902,-32.8667496333,4,"0",0.0420032310177706
265,"Olmo bola","Medio (4 - 8 mts)",100,"Grande",-68.8224916781,-32.8667139353,4,"0",0.0231481481481481
268,"Paraiso sombrilla","Medio (4 - 8 mts)",150,"Grande",-68.8225191763,-32.8669136618,4,"0",0.022887323943662
272,"Morera","Alto (> 8 mts)",135,"Grande",-68.8214511411,-32.8673961887,4,"1",0.185148665048544
277,"Morera","Alto (> 8 mts)",180,"Grande",-68.8214768818,-32.8676252287,4,"0",0.185148665048544
283,"Morera","Alto (> 8 mts)",180,"Grande",-68.8217530143,-32.8677780855,4,"1",0.185148665048544
291,"Morera","Alto (> 8 mts)",115,"Grande",-68.8222434259,-32.8677637637,4,"0",0.185148665048544
293,"Morera","Alto (> 8 mts)",110,"Grande",-68.8224812194,-32.8677514353,4,"0",0.185148665048544
295,"Fresno europeo","Bajo (2 - 4 mts)",120,"Grande",-68.8226190791,-32.8676765909,4,"1",0.0420032310177706
297,"Fresno europeo","Medio (4 - 8 mts)",140,"Grande",-68.8226052434,-32.8675699189,4,"0",0.0420032310177706
298,"Fresno europeo","Medio (4 - 8 mts)",120,"Grande",-68.8225960679,-32.8674655997,4,"0",0.0420032310177706
306,"Fresno europeo","Medio (4 - 8 mts)",105,"Grande",-68.8224011128,-32.8671097264,4,"0",0.0420032310177706
308,"Fresno europeo","Alto (> 8 mts)",130,"Grande",-68.8222502473,-32.8671150395,4,"1",0.0420032310177706
310,"Fresno europeo","Medio (4 - 8 mts)",100,"Grande",-68.8221491965,-32.8671164738,4,"0",0.0420032310177706
311,"Acer","Medio (4 - 8 mts)",120,"Grande",-68.8220301975,-32.8671218446,4,"0",0.0204081632653061
313,"Fresno europeo","Medio (4 - 8 mts)",35,"Mediano",-68.8218158077,-32.8671278738,4,"0",0.0420032310177706
316,"Morera","Medio (4 - 8 mts)",65,"Grande",-68.8216023808,-32.86713706,4,"0",0.185148665048544
317,"lamo criollo","Alto (> 8 mts)",280,"Grande",-68.8215088145,-32.8671385045,4,"0",0.0128205128205128
320,"Morera","Medio (4 - 8 mts)",150,"Grande",-68.8201615859,-32.867324059,4,"0",0.185148665048544
322,"Morera","Medio (4 - 8 mts)",150,"Grande",-68.8201777076,-32.8674740195,4,"0",0.185148665048544
326,"Paraiso sombrilla","Medio (4 - 8 mts)",64,"Grande",-68.8202140935,-32.8677569901,4,"0",0.022887323943662
327,"Fresno europeo","Muy bajo (1 - 2 mts)",5,"Chico",-68.8203178588,-32.8678154382,4,"0",0.0420032310177706
329,"Perenne","Muy bajo (1 - 2 mts)",6,"Chico",-68.8204708199,-32.8678122025,4,"0",0.0364741641337386
330,"Paraiso sombrilla","Medio (4 - 8 mts)",180,"Grande",-68.8205439381,-32.8678099955,4,"0",0.022887323943662
331,"Fresno americano","Bajo (2 - 4 mts)",20,"Chico",-68.8205821625,-32.8678083236,4,"0",0.0512455516014235
332,"Caducifolio","Muy bajo (1 - 2 mts)",4,"Chico",-68.8206314205,-32.8678089443,4,"0",0.0512249443207127
333,"Caducifolio","Muy bajo (1 - 2 mts)",4,"Chico",-68.8206689621,-32.8678072704,4,"0",0.0512249443207127
335,"Jacarand","Medio (4 - 8 mts)",48,"Mediano",-68.8208082932,-32.867801711,4,"0",0.103064066852368
338,"Morera","Medio (4 - 8 mts)",110,"Grande",-68.8210036415,-32.8677961999,4,"0",0.185148665048544
342,"Morera","Medio (4 - 8 mts)",120,"Grande",-68.8213364357,-32.8677165205,4,"0",0.185148665048544
348,"Paraiso sombrilla","Bajo (2 - 4 mts)",75,"Grande",-68.8212900713,-32.8673360267,4,"0",0.022887323943662
351,"Morera","Medio (4 - 8 mts)",150,"Grande",-68.8212753436,-32.8671879718,4,"0",0.185148665048544
352,"Morera","Medio (4 - 8 mts)",140,"Grande",-68.8211573568,-32.8671462341,4,"0",0.185148665048544
353,"Morera","Medio (4 - 8 mts)",120,"Grande",-68.8210835284,-32.8671501528,4,"0",0.185148665048544
357,"Fresno europeo","Bajo (2 - 4 mts)",50,"Mediano",-68.820646311,-32.8671691395,4,"0",0.0420032310177706
358,"Morera","Medio (4 - 8 mts)",130,"Grande",-68.8205588286,-32.8671747804,4,"0",0.185148665048544
361,"Morera","Medio (4 - 8 mts)",160,"Grande",-68.8204023729,-32.8671826432,4,"0",0.185148665048544
372,"Morera","Medio (4 - 8 mts)",125,"Grande",-68.8189082254,-32.8675175597,4,"1",0.185148665048544
382,"Fresno europeo","Bajo (2 - 4 mts)",35,"Mediano",-68.8193975928,-32.8678455064,4,"0",0.0420032310177706
387,"Morera","Medio (4 - 8 mts)",60,"Mediano",-68.8197693947,-32.8678320132,4,"0",0.185148665048544
389,"Paraiso","Alto (> 8 mts)",145,"Grande",-68.819932011,-32.8678290193,4,"0",0.0859023207481815
390,"Fresno europeo","Bajo (2 - 4 mts)",25,"Mediano",-68.8199619514,-32.8678269137,4,"0",0.0420032310177706
391,"Morera","Alto (> 8 mts)",150,"Grande",-68.8200646897,-32.8677785972,4,"0",0.185148665048544
392,"Morera","Alto (> 8 mts)",168,"Grande",-68.8200578238,-32.8677087511,4,"0",0.185148665048544
395,"Morera","Alto (> 8 mts)",165,"Grande",-68.820035821,-32.8675542845,4,"0",0.185148665048544
396,"Morera","Alto (> 8 mts)",185,"Grande",-68.8200295583,-32.8675016291,4,"0",0.185148665048544
397,"Morera","Alto (> 8 mts)",185,"Grande",-68.8200138353,-32.8673945456,4,"0",0.185148665048544
398,"Morera","Alto (> 8 mts)",170,"Grande",-68.8200043899,-32.8673137619,4,"0",0.185148665048544
400,"Ligustro","Alto (> 8 mts)",130,"Grande",-68.8199019368,-32.8671916251,4,"0",0.0138888888888889
401,"Prunas","Medio (4 - 8 mts)",40,"Mediano",-68.8198025633,-32.8671963169,4,"1",0.0321782178217822
406,"Fresno europeo","Medio (4 - 8 mts)",50,"Mediano",-68.8195437137,-32.8672118533,4,"0",0.0420032310177706
407,"Paraiso","Alto (> 8 mts)",220,"Grande",-68.8194867909,-32.8672160244,4,"0",0.0859023207481815
410,"Fresno europeo","Alto (> 8 mts)",250,"Grande",-68.8192111441,-32.8672320462,4,"0",0.0420032310177706
412,"Acer","Bajo (2 - 4 mts)",24,"Mediano",-68.8181695523,-32.8673379826,4,"0",0.0204081632653061
414,"Morera","Medio (4 - 8 mts)",180,"Grande",-68.8184846549,-32.867300752,4,"0",0.185148665048544
415,"Morera","Medio (4 - 8 mts)",70,"Grande",-68.8183360151,-32.8673146478,4,"0",0.185148665048544
416,"Morera","Medio (4 - 8 mts)",120,"Grande",-68.81825797,-32.8673255017,4,"0",0.185148665048544
419,"Paraiso sombrilla","Medio (4 - 8 mts)",120,"Grande",-68.8179482172,-32.8673610858,4,"0",0.022887323943662
422,"Morera","Medio (4 - 8 mts)",150,"Grande",-68.8176405358,-32.8674092606,4,"0",0.185148665048544
426,"Paraiso sombrilla","Medio (4 - 8 mts)",200,"Grande",-68.8174505264,-32.8675596269,4,"0",0.022887323943662
429,"Olmo bola","Medio (4 - 8 mts)",100,"Grande",-68.8174250413,-32.8677714418,4,"0",0.0231481481481481
433,"Morera","Medio (4 - 8 mts)",100,"Grande",-68.8174599526,-32.8679595059,4,"0",0.185148665048544
434,"Morera","Medio (4 - 8 mts)",150,"Grande",-68.8174709993,-32.8680080918,4,"0",0.185148665048544
435,"Acer","Muy bajo (1 - 2 mts)",12,"Chico",-68.8175554938,-32.8680475506,4,"0",0.0204081632653061
437,"Paraiso sombrilla","Bajo (2 - 4 mts)",80,"Grande",-68.8176214761,-32.8680311954,4,"0",0.022887323943662
438,"Morera","Muy bajo (1 - 2 mts)",8,"Chico",-68.8176995362,-32.8680132915,4,"0",0.185148665048544
439,"Morera","Medio (4 - 8 mts)",120,"Grande",-68.8178122349,-32.8679937996,4,"0",0.185148665048544
443,"Morera","Medio (4 - 8 mts)",90,"Grande",-68.8181543076,-32.8679206082,4,"0",0.185148665048544
447,"Morera","Medio (4 - 8 mts)",100,"Grande",-68.8184258278,-32.8679005639,4,"0",0.185148665048544
457,"Morera","Alto (> 8 mts)",140,"Grande",-68.8215354939,-32.8680489861,4,"0",0.185148665048544
466,"Morera","Alto (> 8 mts)",148,"Grande",-68.8217680874,-32.8686025603,4,"0",0.185148665048544
473,"Morera","Alto (> 8 mts)",140,"Grande",-68.8223209495,-32.8685817196,4,"1",0.185148665048544
474,"Morera","Alto (> 8 mts)",160,"Grande",-68.8224149243,-32.86857923,4,"1",0.185148665048544
479,"Paraiso","Medio (4 - 8 mts)",110,"Grande",-68.8227185167,-32.8683589349,4,"0",0.0859023207481815
480,"Fresno europeo","Bajo (2 - 4 mts)",45,"Mediano",-68.8227131523,-32.8683163096,4,"0",0.0420032310177706
488,"Fresno europeo","Medio (4 - 8 mts)",135,"Grande",-68.8226596411,-32.867921885,4,"0",0.0420032310177706
489,"Jacarand","Bajo (2 - 4 mts)",25,"Mediano",-68.8225743513,-32.8678777758,4,"1",0.103064066852368
490,"Morera","Alto (> 8 mts)",180,"Grande",-68.8224689402,-32.8678808949,4,"0",0.185148665048544
492,"Morera","Medio (4 - 8 mts)",150,"Grande",-68.8223340986,-32.8678833183,4,"0",0.185148665048544
501,"Morera","Alto (> 8 mts)",120,"Grande",-68.8216700602,-32.8679039412,4,"1",0.185148665048544
507,"Morera","Medio (4 - 8 mts)",130,"Grande",-68.8202922576,-32.8682116077,4,"0",0.185148665048544
508,"Morera","Alto (> 8 mts)",130,"Grande",-68.8202983414,-32.8682582277,4,"0",0.185148665048544
511,"Morera","Alto (> 8 mts)",120,"Grande",-68.8203110424,-32.8683688784,4,"0",0.185148665048544
514,"Morera","Alto (> 8 mts)",160,"Grande",-68.8203358788,-32.868587767,4,"0",0.185148665048544
515,"Morera","Medio (4 - 8 mts)",90,"Grande",-68.820395667,-32.8686377364,4,"1",0.185148665048544
516,"Morera","Alto (> 8 mts)",170,"Grande",-68.820509398,-32.8686357193,4,"0",0.185148665048544
518,"Morera","Alto (> 8 mts)",160,"Grande",-68.8206328223,-32.8686337161,4,"0",0.185148665048544
519,"Morera","Medio (4 - 8 mts)",150,"Grande",-68.8206913489,-32.8686310588,4,"0",0.185148665048544
524,"Morera","Alto (> 8 mts)",130,"Grande",-68.8210011764,-32.8686237714,4,"0",0.185148665048544
525,"Morera","Muy bajo (1 - 2 mts)",3,"Chico",-68.8210766105,-32.868620589,4,"0",0.185148665048544
529,"Morera","Alto (> 8 mts)",140,"Grande",-68.8213876239,-32.8686127694,4,"0",0.185148665048544
530,"Paraiso sombrilla","Muy bajo (1 - 2 mts)",8,"Chico",-68.8214554508,-32.868555019,4,"0",0.022887323943662
531,"Morera","Bajo (2 - 4 mts)",20,"Chico",-68.8214477588,-32.8684996196,4,"0",0.185148665048544
533,"Morera","Medio (4 - 8 mts)",120,"Grande",-68.8214265293,-32.868357311,4,"0",0.185148665048544
535,"Fresno europeo","Muy bajo (1 - 2 mts)",3,"Chico",-68.8214130986,-32.8682454168,4,"0",0.0420032310177706
537,"Morera","Medio (4 - 8 mts)",160,"Grande",-68.8214028562,-32.8681436622,4,"0",0.185148665048544
543,"Morera","Medio (4 - 8 mts)",84,"Grande",-68.8211841189,-32.8679221741,4,"0",0.185148665048544
544,"Morera","Medio (4 - 8 mts)",130,"Grande",-68.8210960284,-32.8679259002,4,"0",0.185148665048544
551,"Morera","Medio (4 - 8 mts)",150,"Grande",-68.820472118,-32.8679453224,4,"1",0.185148665048544
555,"Fresno europeo","Alto (> 8 mts)",170,"Grande",-68.818951919,-32.868068028,4,"1",0.0420032310177706
556,"Morera","Alto (> 8 mts)",200,"Grande",-68.8189679588,-32.8681779001,4,"0",0.185148665048544
557,"Morera","Alto (> 8 mts)",148,"Grande",-68.8189759579,-32.8682433864,4,"0",0.185148665048544
559,"Morera","Medio (4 - 8 mts)",180,"Grande",-68.8189861651,-32.8683121851,4,"1",0.185148665048544
560,"Morera","Alto (> 8 mts)",195,"Grande",-68.8189926951,-32.868380276,4,"0",0.185148665048544
561,"Morera","Alto (> 8 mts)",160,"Grande",-68.8190072511,-32.8684963857,4,"1",0.185148665048544
562,"Morera","Alto (> 8 mts)",130,"Grande",-68.8190189344,-32.8685681126,4,"0",0.185148665048544
564,"Perenne","Muy bajo (1 - 2 mts)",80,"Grande",-68.8190893112,-32.868684504,4,"0",0.0364741641337386
565,"Morera","Alto (> 8 mts)",150,"Grande",-68.8191445832,-32.8686829384,4,"0",0.185148665048544
566,"Caducifolio","Bajo (2 - 4 mts)",30,"Mediano",-68.8192272188,-32.8686808568,4,"0",0.0512249443207127
568,"Morera","Alto (> 8 mts)",180,"Grande",-68.8192733885,-32.8686792788,4,"0",0.185148665048544
570,"Morera","Alto (> 8 mts)",150,"Grande",-68.8194308706,-32.8686734739,4,"0",0.185148665048544
571,"Morera","Alto (> 8 mts)",180,"Grande",-68.8194952426,-32.8686735668,4,"0",0.185148665048544
575,"Morera","Muy bajo (1 - 2 mts)",8,"Chico",-68.8197797608,-32.8686624272,4,"0",0.185148665048544
581,"Morera","Alto (> 8 mts)",120,"Grande",-68.820166945,-32.8686052795,4,"1",0.185148665048544
583,"Morera","Alto (> 8 mts)",180,"Grande",-68.8201567064,-32.8685102362,4,"1",0.185148665048544
584,"Morera","Medio (4 - 8 mts)",100,"Grande",-68.8201503,-32.8684625165,4,"0",0.185148665048544
587,"Morera","Alto (> 8 mts)",180,"Grande",-68.8201271983,-32.868305492,4,"1",0.185148665048544
589,"Morera","Alto (> 8 mts)",160,"Grande",-68.8201118163,-32.8681696811,4,"1",0.185148665048544
592,"Morera","Alto (> 8 mts)",165,"Grande",-68.8200878579,-32.8680147121,4,"1",0.185148665048544
595,"Morera","Alto (> 8 mts)",110,"Grande",-68.8199274921,-32.8679645419,4,"1",0.185148665048544
597,"Paraiso","Medio (4 - 8 mts)",100,"Grande",-68.8198623028,-32.8679683353,4,"0",0.0859023207481815
600,"Morera","Alto (> 8 mts)",130,"Grande",-68.81970164,-32.8679742119,4,"1",0.185148665048544
601,"Morera","Alto (> 8 mts)",160,"Grande",-68.8196436984,-32.8679746839,4,"1",0.185148665048544
602,"Morera","Alto (> 8 mts)",60,"Mediano",-68.8195505797,-32.8679746479,4,"0",0.185148665048544
603,"Morera","Alto (> 8 mts)",110,"Grande",-68.8194929066,-32.8679770587,4,"0",0.185148665048544
605,"Fresno europeo","Medio (4 - 8 mts)",50,"Mediano",-68.8193692492,-32.8679812417,4,"0",0.0420032310177706
608,"Acer","Bajo (2 - 4 mts)",18,"Chico",-68.8193167519,-32.8679830369,4,"0",0.0204081632653061
609,"Fresno europeo","Muy bajo (1 - 2 mts)",20,"Chico",-68.8192709078,-32.8679854648,4,"0",0.0420032310177706
616,"Fresno europeo","Medio (4 - 8 mts)",150,"Grande",-68.818788173,-32.868074623,4,"0",0.0420032310177706
618,"Morera","Alto (> 8 mts)",160,"Grande",-68.8188012173,-32.8681799742,4,"0",0.185148665048544
620,"Paraiso sombrilla","Medio (4 - 8 mts)",110,"Grande",-68.8188165734,-32.8683312322,4,"0",0.022887323943662
621,"Morera","Medio (4 - 8 mts)",170,"Grande",-68.8188320398,-32.8684183312,4,"0",0.185148665048544
622,"Morera","Medio (4 - 8 mts)",120,"Grande",-68.8188397216,-32.8684936726,4,"0",0.185148665048544
623,"Ligustro","Bajo (2 - 4 mts)",34,"Mediano",-68.8188451077,-32.8685378787,4,"0",0.0138888888888889
636,"Paraiso sombrilla","Medio (4 - 8 mts)",84,"Grande",-68.8180401959,-32.868710559,4,"0",0.022887323943662
641,"Morera","Bajo (2 - 4 mts)",20,"Chico",-68.8178380719,-32.8687141971,4,"0",0.185148665048544
646,"Morera","Medio (4 - 8 mts)",126,"Grande",-68.8175777823,-32.868368836,4,"0",0.185148665048544
647,"Paraiso sombrilla","Bajo (2 - 4 mts)",80,"Grande",-68.8175967585,-32.8684125669,4,"0",0.022887323943662
650,"Morera","Alto (> 8 mts)",140,"Grande",-68.8175509861,-32.8682911213,4,"0",0.185148665048544
651,"Morera","Alto (> 8 mts)",124,"Grande",-68.8175601966,-32.8683290654,4,"0",0.185148665048544
652,"Paraiso","Medio (4 - 8 mts)",40,"Mediano",-68.8175414182,-32.8681892701,4,"0",0.0859023207481815
657,"Morera","Medio (4 - 8 mts)",90,"Grande",-68.8176893258,-32.8681559382,4,"0",0.185148665048544
662,"Morera","Medio (4 - 8 mts)",82,"Grande",-68.8181404984,-32.8680595572,4,"0",0.185148665048544
664,"Paraiso","Alto (> 8 mts)",140,"Grande",-68.8183338739,-32.8680404319,4,"0",0.0859023207481815
665,"Paraiso sombrilla","Bajo (2 - 4 mts)",160,"Grande",-68.8184218796,-32.8680343759,4,"1",0.022887323943662
671,"Tilo","Bajo (2 - 4 mts)",36,"Mediano",-68.8518028684,-32.9014787235,2,"0",0
674,"Jacarand","Muy bajo (1 - 2 mts)",14,"Chico",-68.8527703975,-32.9020982708,2,"1",0.103064066852368
675,"Ailanthus","Medio (4 - 8 mts)",160,"Grande",-68.851887392,-32.90212356,2,"0",0.0380952380952381
678,"Ailanthus","Medio (4 - 8 mts)",70,"Grande",-68.8518493518,-32.9018321239,2,"0",0.0380952380952381
680,"Morera","Bajo (2 - 4 mts)",60,"Mediano",-68.8525667727,-32.9017699591,2,"0",0.185148665048544
684,"Olmo comun","Medio (4 - 8 mts)",74,"Grande",-68.8414017725,-32.8631835815,4,"0",0.0227272727272727
685,"Paraiso","Bajo (2 - 4 mts)",44,"Mediano",-68.8414102867,-32.8632141264,4,"0",0.0859023207481815
686,"Perenne","Muy bajo (1 - 2 mts)",18,"Chico",-68.8415291368,-32.8637287447,4,"0",0.0364741641337386
688,"Morera","Medio (4 - 8 mts)",28,"Mediano",-68.8416410791,-32.8641890035,4,"0",0.185148665048544
691,"Fresno europeo","Alto (> 8 mts)",75,"Grande",-68.8410491626,-32.8633084083,4,"0",0.0420032310177706
695,"Morera","Alto (> 8 mts)",51,"Mediano",-68.8410883686,-32.8629353285,4,"1",0.185148665048544
696,"Paraiso","Alto (> 8 mts)",107,"Grande",-68.8340299649,-32.8649668542,4,"1",0.0859023207481815
703,"Morera","Alto (> 8 mts)",140,"Grande",-68.8337971817,-32.864775843,4,"1",0.185148665048544
709,"Arabia","Muy bajo (1 - 2 mts)",30,"Mediano",-68.8812138433,-32.8733351866,8,"0",0
712,"Eucalyptus","Bajo (2 - 4 mts)",30,"Mediano",-68.8812389634,-32.8732133221,8,"0",0.0909090909090909
713,"Paraiso sombrilla","Muy bajo (1 - 2 mts)",5,"Chico",-68.8812711382,-32.8731713932,8,"0",0.022887323943662
715,"Paraiso sombrilla","Muy bajo (1 - 2 mts)",10,"Chico",-68.8813215183,-32.8731279676,8,"0",0.022887323943662
716,"Arabia","Bajo (2 - 4 mts)",36,"Mediano",-68.8813399494,-32.8731110278,8,"0",0
719,"Morera","Muy bajo (1 - 2 mts)",8,"Chico",-68.8813975152,-32.8730556724,8,"0",0.185148665048544
723,"Paraiso","Bajo (2 - 4 mts)",45,"Mediano",-68.8814215228,-32.8726969235,8,"0",0.0859023207481815
725,"Paraiso sombrilla","Bajo (2 - 4 mts)",45,"Mediano",-68.8813355159,-32.8726139176,8,"0",0.022887323943662
728,"Perenne","Muy bajo (1 - 2 mts)",12,"Chico",-68.8812401865,-32.8724939026,8,"0",0.0364741641337386
730,"Paraiso sombrilla","Bajo (2 - 4 mts)",45,"Mediano",-68.881226904,-32.8724215768,8,"0",0.022887323943662
731,"Paraiso sombrilla","Bajo (2 - 4 mts)",26,"Mediano",-68.88123911,-32.872389278,8,"0",0.022887323943662
733,"Paraiso","Bajo (2 - 4 mts)",40,"Mediano",-68.8807497404,-32.8723096121,8,"0",0.0859023207481815
744,"Paraiso","Muy bajo (1 - 2 mts)",18,"Chico",-68.8804494726,-32.8712233306,8,"0",0.0859023207481815
755,"Paraiso","Muy bajo (1 - 2 mts)",2,"Chico",-68.8803697018,-32.8666762384,8,"0",0.0859023207481815
758,"Aguaribay","Bajo (2 - 4 mts)",20,"Chico",-68.8804225325,-32.8668703581,8,"0",0.106529209621993
761,"Aguaribay","Alto (> 8 mts)",95,"Grande",-68.8804810282,-32.8670852935,8,"1",0.106529209621993
764,"Aguaribay","Alto (> 8 mts)",200,"Grande",-68.8805228966,-32.8672391329,8,"0",0.106529209621993
765,"Aguaribay","Medio (4 - 8 mts)",35,"Mediano",-68.8805341773,-32.8672805847,8,"1",0.106529209621993
766,"Aguaribay","Medio (4 - 8 mts)",150,"Grande",-68.880548737,-32.8673340818,8,"0",0.106529209621993
770,"Aguaribay","Alto (> 8 mts)",140,"Grande",-68.8803660029,-32.8674233454,8,"0",0.106529209621993
771,"Aguaribay","Alto (> 8 mts)",125,"Grande",-68.8802866041,-32.8674389446,8,"0",0.106529209621993
778,"Aguaribay","Alto (> 8 mts)",170,"Grande",-68.8798260681,-32.867531246,8,"1",0.106529209621993
779,"Aguaribay","Alto (> 8 mts)",130,"Grande",-68.879753211,-32.867546219,8,"0",0.106529209621993
780,"Aguaribay","Medio (4 - 8 mts)",110,"Grande",-68.8796833938,-32.8675571381,8,"0",0.106529209621993
782,"Aguaribay","Medio (4 - 8 mts)",138,"Grande",-68.8795850182,-32.8674570463,8,"1",0.106529209621993
784,"Aguaribay","Bajo (2 - 4 mts)",35,"Mediano",-68.879554013,-32.8673239091,8,"0",0.106529209621993
786,"Acer","Medio (4 - 8 mts)",20,"Chico",-68.8794775004,-32.8670438004,8,"0",0.0204081632653061
790,"Aguaribay","Medio (4 - 8 mts)",150,"Grande",-68.8794460856,-32.8666269713,8,"0",0.106529209621993
791,"Aguaribay","Medio (4 - 8 mts)",90,"Grande",-68.8795076092,-32.866614974,8,"0",0.106529209621993
792,"Aguaribay","Medio (4 - 8 mts)",110,"Grande",-68.8795846069,-32.8665999592,8,"0",0.106529209621993
793,"Aguaribay","Medio (4 - 8 mts)",120,"Grande",-68.8796639633,-32.866584484,8,"0",0.106529209621993
794,"Paraiso","Medio (4 - 8 mts)",68,"Grande",-68.8797044949,-32.86657658,8,"0",0.0859023207481815
796,"Paraiso","Medio (4 - 8 mts)",65,"Grande",-68.8797777124,-32.8665623017,8,"0",0.0859023207481815
797,"Paraiso","Medio (4 - 8 mts)",58,"Mediano",-68.8798293299,-32.8665522351,8,"0",0.0859023207481815
801,"Aguaribay","Muy bajo (1 - 2 mts)",12,"Chico",-68.8800737018,-32.86650399,8,"0",0.106529209621993
809,"Jacarand","Medio (4 - 8 mts)",40,"Mediano",-68.8792157608,-32.8660266573,8,"1",0.103064066852368
813,"Aguaribay","Medio (4 - 8 mts)",98,"Grande",-68.8825596605,-32.8668244233,8,"0",0.106529209621993
814,"Aguaribay","Medio (4 - 8 mts)",96,"Grande",-68.8825527959,-32.8668680264,8,"0",0.106529209621993
815,"Aguaribay","Medio (4 - 8 mts)",98,"Grande",-68.8825450155,-32.8669174365,8,"0",0.106529209621993
818,"Aguaribay","Medio (4 - 8 mts)",140,"Grande",-68.8825027063,-32.8670110676,8,"0",0.106529209621993
819,"Aguaribay","Medio (4 - 8 mts)",100,"Grande",-68.8824613574,-32.8670222441,8,"0",0.106529209621993
822,"Aguaribay","Medio (4 - 8 mts)",110,"Grande",-68.882330815,-32.8670472164,8,"0",0.106529209621993
824,"Aguaribay","Medio (4 - 8 mts)",100,"Grande",-68.8822305153,-32.867066403,8,"0",0.106529209621993
831,"Aguaribay","Medio (4 - 8 mts)",110,"Grande",-68.8817256858,-32.8671629744,8,"0",0.106529209621993
845,"Aguaribay","Medio (4 - 8 mts)",96,"Grande",-68.8806701325,-32.867186096,8,"0",0.106529209621993
855,"Aguaribay","Medio (4 - 8 mts)",100,"Grande",-68.8805198591,-32.8666342637,8,"0",0.106529209621993
856,"Aguaribay","Medio (4 - 8 mts)",100,"Grande",-68.8805104636,-32.8665988713,8,"0",0.106529209621993
859,"Aguaribay","Medio (4 - 8 mts)",100,"Grande",-68.8804810302,-32.8664879942,8,"0",0.106529209621993
861,"Aguaribay","Medio (4 - 8 mts)",110,"Grande",-68.8804606659,-32.8664113658,8,"0",0.106529209621993
865,"Aguaribay","Bajo (2 - 4 mts)",80,"Grande",-68.8804144719,-32.8662376352,8,"0",0.106529209621993
866,"Aguaribay","Medio (4 - 8 mts)",81,"Grande",-68.8803986173,-32.8661779179,8,"0",0.106529209621993
868,"Aguaribay","Bajo (2 - 4 mts)",30,"Mediano",-68.8803681008,-32.8660629766,8,"0",0.106529209621993
869,"Aguaribay","Medio (4 - 8 mts)",140,"Grande",-68.8803507814,-32.8659977404,8,"0",0.106529209621993
871,"Aguaribay","Medio (4 - 8 mts)",115,"Grande",-68.8803152592,-32.8658639435,8,"0",0.106529209621993
873,"Aguaribay","Medio (4 - 8 mts)",125,"Grande",-68.8802781701,-32.8657242435,8,"0",0.106529209621993
874,"Aguaribay","Bajo (2 - 4 mts)",50,"Mediano",-68.8802638316,-32.8656702354,8,"0",0.106529209621993
875,"Aguaribay","Muy bajo (1 - 2 mts)",12,"Chico",-68.8802468004,-32.865606086,8,"0",0.106529209621993
877,"Morera","Muy bajo (1 - 2 mts)",8,"Chico",-68.848816248,-32.8742788744,6,"0",0.185148665048544
879,"Morera","Muy bajo (1 - 2 mts)",16,"Chico",-68.8488519979,-32.8751454958,6,"0",0.185148665048544
880,"Paraiso sombrilla","Bajo (2 - 4 mts)",54,"Mediano",-68.848085096,-32.8752872571,6,"0",0.022887323943662
885,"Acacia SP","Bajo (2 - 4 mts)",80,"Grande",-68.8477558177,-32.8753458564,6,"0",0.150492264416315
886,"Acacia SP","Medio (4 - 8 mts)",30,"Mediano",-68.8476830019,-32.8753616781,6,"1",0.150492264416315
887,"Fresno europeo","Bajo (2 - 4 mts)",50,"Mediano",-68.8475241905,-32.8752954825,6,"0",0.0420032310177706
889,"Morera","Bajo (2 - 4 mts)",50,"Mediano",-68.8476879524,-32.8743982145,6,"0",0.185148665048544
891,"Paraiso","Alto (> 8 mts)",170,"Grande",-68.847204773,-32.8730963185,6,"0",0.0859023207481815
892,"Paraiso","Alto (> 8 mts)",125,"Grande",-68.8472328409,-32.8732296971,6,"0",0.0859023207481815
893,"Paraiso","Alto (> 8 mts)",180,"Grande",-68.8472490009,-32.8732860024,6,"0",0.0859023207481815
894,"Paraiso","Medio (4 - 8 mts)",95,"Grande",-68.8472827725,-32.8734407581,6,"1",0.0859023207481815
895,"Fresno europeo","Alto (> 8 mts)",80,"Grande",-68.8471857285,-32.8735261418,6,"0",0.0420032310177706
896,"Fresno europeo","Alto (> 8 mts)",155,"Grande",-68.8470819208,-32.8735460326,6,"0",0.0420032310177706
898,"Fresno europeo","Alto (> 8 mts)",160,"Grande",-68.8465990598,-32.8736356766,6,"0",0.0420032310177706
908,"Fresno americano","Muy bajo (1 - 2 mts)",6,"Chico",-68.8469617811,-32.8729337355,6,"0",0.0512455516014235
914,"Morera","Bajo (2 - 4 mts)",20,"Chico",-68.852195758,-32.8719749181,6,"1",0.185148665048544
915,"Fresno europeo","Medio (4 - 8 mts)",80,"Grande",-68.8522419583,-32.8719658719,6,"0",0.0420032310177706
916,"Morera","Bajo (2 - 4 mts)",10,"Chico",-68.8524666854,-32.8719234257,6,"0",0.185148665048544
919,"Paraiso","Bajo (2 - 4 mts)",40,"Mediano",-68.8540957535,-32.8718879891,6,"0",0.0859023207481815
920,"Jacarand","Bajo (2 - 4 mts)",28,"Mediano",-68.8541010002,-32.8719491156,6,"0",0.103064066852368
923,"Morera","Medio (4 - 8 mts)",130,"Grande",-68.8529910951,-32.8722742178,6,"0",0.185148665048544
925,"Fresno europeo","Muy bajo (1 - 2 mts)",3,"Chico",-68.8528412018,-32.8719377159,6,"0",0.0420032310177706
928,"Paraiso sombrilla","Bajo (2 - 4 mts)",46,"Mediano",-68.8539421554,-32.8716655151,6,"0",0.022887323943662
931,"Perenne","Muy bajo (1 - 2 mts)",8,"Chico",-68.8506637877,-32.8728854571,6,"0",0.0364741641337386
932,"Fresno europeo","Bajo (2 - 4 mts)",36,"Mediano",-68.8506035054,-32.8728978501,6,"0",0.0420032310177706
934,"Morera","Medio (4 - 8 mts)",100,"Grande",-68.8503960711,-32.8729352534,6,"0",0.185148665048544
935,"Morera","Medio (4 - 8 mts)",100,"Grande",-68.8502990446,-32.872953833,6,"0",0.185148665048544
937,"Morera","Medio (4 - 8 mts)",60,"Mediano",-68.8501567409,-32.8729817062,6,"0",0.185148665048544
938,"Morera","Medio (4 - 8 mts)",50,"Mediano",-68.8500671118,-32.8729964001,6,"0",0.185148665048544
941,"Fresno europeo","Bajo (2 - 4 mts)",40,"Mediano",-68.8498723902,-32.872754325,6,"0",0.0420032310177706
942,"Liquidambar","Medio (4 - 8 mts)",38,"Mediano",-68.8498419993,-32.8726338727,6,"0",0
943,"Liquidambar","Bajo (2 - 4 mts)",24,"Mediano",-68.8498286794,-32.8725810788,6,"0",0
945,"Paraiso","Muy bajo (1 - 2 mts)",8,"Chico",-68.848539123,-32.8731849981,6,"0",0.0859023207481815
948,"Fresno europeo","Medio (4 - 8 mts)",36,"Mediano",-68.8473858291,-32.8733390538,6,"0",0.0420032310177706
949,"Prunas","Bajo (2 - 4 mts)",26,"Mediano",-68.8473270375,-32.8731233897,6,"0",0.0321782178217822
950,"Fresno europeo","Muy bajo (1 - 2 mts)",5,"Chico",-68.8473396067,-32.8728682779,6,"0",0.0420032310177706
955,"Morera","Medio (4 - 8 mts)",35,"Mediano",-68.8346618062,-32.8950378853,3,"0",0.185148665048544
956,"Morera","Muy bajo (1 - 2 mts)",10,"Chico",-68.8346645967,-32.8950678179,3,"0",0.185148665048544
961,"Jacarand","Medio (4 - 8 mts)",78,"Grande",-68.8342303714,-32.8950511046,3,"0",0.103064066852368
962,"Morera","Alto (> 8 mts)",115,"Grande",-68.834370351,-32.8950268019,3,"0",0.185148665048544
965,"Morera","Alto (> 8 mts)",130,"Grande",-68.8497624641,-32.8728600186,6,"1",0.185148665048544
967,"Morera","Alto (> 8 mts)",105,"Grande",-68.8497842782,-32.8729473279,6,"1",0.185148665048544
972,"Fresno europeo","Medio (4 - 8 mts)",50,"Mediano",-68.8487707679,-32.8726052402,6,"0",0.0420032310177706
973,"Fresno europeo","Alto (> 8 mts)",120,"Grande",-68.8490367708,-32.8725571865,6,"0",0.0420032310177706
979,"Morera","Medio (4 - 8 mts)",45,"Mediano",-68.8361998502,-32.8688170182,4,"1",0.185148665048544
981,"Caducifolio","Muy bajo (1 - 2 mts)",10,"Chico",-68.8358158608,-32.8688658059,4,"0",0.0512249443207127
988,"Paraiso","Bajo (2 - 4 mts)",16,"Chico",-68.8350443737,-32.8683253099,4,"0",0.0859023207481815
992,"Pltano","Alto (> 8 mts)",135,"Grande",-68.8354210723,-32.868004554,4,"1",0.0903973509933775
993,"Paraiso","Medio (4 - 8 mts)",78,"Grande",-68.8356736335,-32.8679594505,4,"0",0.0859023207481815
995,"Morera","Alto (> 8 mts)",123,"Grande",-68.8391674428,-32.8797153558,1,"0",0.185148665048544
1001,"Fresno europeo","Bajo (2 - 4 mts)",20,"Chico",-68.8378331048,-32.8792148452,1,"0",0.0420032310177706
1003,"Paraiso","Medio (4 - 8 mts)",54,"Mediano",-68.8377638554,-32.8789473304,1,"0",0.0859023207481815
1006,"Aguaribay","Bajo (2 - 4 mts)",36,"Mediano",-68.8802257504,-32.8653705122,8,"0",0.106529209621993
1015,"Aguaribay","Medio (4 - 8 mts)",110,"Grande",-68.8808570388,-32.8652449128,8,"0",0.106529209621993
1022,"Aguaribay","Medio (4 - 8 mts)",130,"Grande",-68.8813988275,-32.8651408048,8,"0",0.106529209621993
1024,"Aguaribay","Medio (4 - 8 mts)",40,"Mediano",-68.8815285073,-32.8651158587,8,"0",0.106529209621993
1032,"Aguaribay","Bajo (2 - 4 mts)",80,"Grande",-68.882131035,-32.865001788,8,"0",0.106529209621993
1033,"Aguaribay","Medio (4 - 8 mts)",110,"Grande",-68.8821961234,-32.8649890615,8,"0",0.106529209621993
1035,"Aguaribay","Bajo (2 - 4 mts)",60,"Mediano",-68.8823263346,-32.8649634794,8,"0",0.106529209621993
1036,"Aguaribay","Medio (4 - 8 mts)",120,"Grande",-68.8823897088,-32.8649510288,8,"0",0.106529209621993
1037,"Aguaribay","Bajo (2 - 4 mts)",36,"Mediano",-68.8824498492,-32.8649392127,8,"0",0.106529209621993
1039,"Aguaribay","Bajo (2 - 4 mts)",80,"Grande",-68.8825725916,-32.8649178559,8,"0",0.106529209621993
1040,"Aguaribay","Medio (4 - 8 mts)",100,"Grande",-68.882629535,-32.8649061729,8,"0",0.106529209621993
1041,"Aguaribay","Medio (4 - 8 mts)",100,"Grande",-68.8827121699,-32.8648903562,8,"0",0.106529209621993
1044,"Aguaribay","Bajo (2 - 4 mts)",80,"Grande",-68.88131227,-32.8679647266,8,"0",0.106529209621993
1045,"Aguaribay","Bajo (2 - 4 mts)",150,"Grande",-68.8813777606,-32.8679517898,8,"0",0.106529209621993
1061,"Paraiso","Medio (4 - 8 mts)",85,"Grande",-68.8772494788,-32.8691292858,8,"1",0.0859023207481815
1065,"Morera","Muy bajo (1 - 2 mts)",2,"Chico",-68.8772175488,-32.8690111414,8,"0",0.185148665048544
1068,"Aguaribay","Medio (4 - 8 mts)",80,"Grande",-68.8800134795,-32.8682045017,8,"1",0.106529209621993
1071,"Aguaribay","Bajo (2 - 4 mts)",130,"Grande",-68.8802367208,-32.8681655532,8,"0",0.106529209621993
1074,"Aguaribay","Bajo (2 - 4 mts)",70,"Grande",-68.8805559208,-32.8680964216,8,"0",0.106529209621993
1076,"Acacia SP","Muy bajo (1 - 2 mts)",14,"Chico",-68.8806667387,-32.868076608,8,"0",0.150492264416315
1082,"Morera","Muy bajo (1 - 2 mts)",12,"Chico",-68.880987751,-32.8680084498,8,"0",0.185148665048544
1084,"Aguaribay","Bajo (2 - 4 mts)",22,"Mediano",-68.8810356572,-32.8678992505,8,"0",0.106529209621993
1086,"Fresno americano","Bajo (2 - 4 mts)",14,"Chico",-68.8810057603,-32.8677921954,8,"0",0.0512455516014235
1087,"Caducifolio","Bajo (2 - 4 mts)",34,"Mediano",-68.8809911039,-32.867749267,8,"0",0.0512249443207127
1089,"Perenne","Muy bajo (1 - 2 mts)",100,"Grande",-68.8809361263,-32.8675732768,8,"0",0.0364741641337386
1091,"Paraiso sombrilla","Bajo (2 - 4 mts)",28,"Mediano",-68.8808442976,-32.8674717379,8,"0",0.022887323943662
1095,"Paraiso sombrilla","Muy bajo (1 - 2 mts)",16,"Chico",-68.8804121803,-32.8675565357,8,"0",0.022887323943662
1097,"Liquidambar","Bajo (2 - 4 mts)",38,"Mediano",-68.8802114088,-32.8675918082,8,"0",0
1098,"Liquidambar","Bajo (2 - 4 mts)",34,"Mediano",-68.8801244862,-32.8676046589,8,"0",0
1102,"Aguaribay","Medio (4 - 8 mts)",86,"Grande",-68.8797914944,-32.8676662101,8,"0",0.106529209621993
1105,"Aguaribay","Bajo (2 - 4 mts)",42,"Mediano",-68.8796823405,-32.8677286458,8,"0",0.106529209621993
1107,"Fresno europeo","Bajo (2 - 4 mts)",16,"Chico",-68.8797052455,-32.8678091198,8,"0",0.0420032310177706
1118,"Jacarand","Bajo (2 - 4 mts)",22,"Mediano",-68.8762093887,-32.8661332079,8,"0",0.103064066852368
1119,"Prunas","Bajo (2 - 4 mts)",48,"Mediano",-68.8761650469,-32.8661427193,8,"0",0.0321782178217822
1123,"Acer","Medio (4 - 8 mts)",80,"Grande",-68.8759027329,-32.8661899174,8,"0",0.0204081632653061
1125,"Morera","Alto (> 8 mts)",138,"Grande",-68.8757942053,-32.8666739002,8,"0",0.185148665048544
1127,"Morera","Alto (> 8 mts)",100,"Grande",-68.8758331116,-32.8668205265,8,"0",0.185148665048544
1132,"Morera","Alto (> 8 mts)",108,"Grande",-68.8759001798,-32.8670564216,8,"0",0.185148665048544
1133,"Morera","Alto (> 8 mts)",118,"Grande",-68.8759176388,-32.8671213574,8,"0",0.185148665048544
1138,"Paraiso","Medio (4 - 8 mts)",75,"Grande",-68.8760013142,-32.8674372609,8,"0",0.0859023207481815
1140,"Morera","Medio (4 - 8 mts)",23,"Mediano",-68.8761343597,-32.8679145581,8,"0",0.185148665048544
1141,"Caducifolio","Bajo (2 - 4 mts)",45,"Mediano",-68.8770724236,-32.8684422015,8,"1",0.0512249443207127
1144,"Morera","Alto (> 8 mts)",135,"Grande",-68.877035257,-32.8683027403,8,"0",0.185148665048544
1147,"Olmo comun","Alto (> 8 mts)",98,"Grande",-68.8770043747,-32.8681869413,8,"0",0.0227272727272727
1153,"Morera","Alto (> 8 mts)",95,"Grande",-68.8769370791,-32.8679349902,8,"0",0.185148665048544
1154,"Fresno europeo","Alto (> 8 mts)",70,"Grande",-68.8769253335,-32.8678908857,8,"0",0.0420032310177706
1159,"Fresno americano","Medio (4 - 8 mts)",53,"Mediano",-68.8753499728,-32.8650495805,8,"1",0.0512455516014235
1160,"Fresno americano","Medio (4 - 8 mts)",30,"Mediano",-68.8753443846,-32.8649986733,8,"0",0.0512455516014235
1163,"Tipa","Bajo (2 - 4 mts)",32,"Mediano",-68.8756679566,-32.8648911696,8,"0",0.101123595505618
1165,"Morera","Bajo (2 - 4 mts)",20,"Chico",-68.8757721454,-32.8648735268,8,"0",0.185148665048544
1166,"Fresno europeo","Bajo (2 - 4 mts)",25,"Mediano",-68.8758014706,-32.864866584,8,"0",0.0420032310177706
1172,"Paraiso","Muy bajo (1 - 2 mts)",3,"Chico",-68.8760082046,-32.8648306591,8,"0",0.0859023207481815
1179,"Conifera","Medio (4 - 8 mts)",22,"Mediano",-68.8761668288,-32.8650442971,8,"0",0.021505376344086
1180,"Conifera","Medio (4 - 8 mts)",28,"Mediano",-68.8761718894,-32.8650631548,8,"0",0.021505376344086
1189,"Morera","Alto (> 8 mts)",78,"Grande",-68.8762689954,-32.8654265765,8,"0",0.185148665048544
1192,"Morera","Bajo (2 - 4 mts)",20,"Chico",-68.8763187393,-32.8656122244,8,"0",0.185148665048544
1194,"Acacia SP","Medio (4 - 8 mts)",45,"Mediano",-68.876351541,-32.865734928,8,"0",0.150492264416315
1198,"Fresno europeo","Bajo (2 - 4 mts)",18,"Chico",-68.8755182868,-32.8656277638,8,"1",0.0420032310177706
1200,"Aguaribay","Bajo (2 - 4 mts)",48,"Mediano",-68.8770304385,-32.8678310985,8,"0",0.106529209621993
1201,"Paraiso","Alto (> 8 mts)",130,"Grande",-68.8772046984,-32.8653960112,8,"0",0.0859023207481815
1203,"Fresno europeo","Bajo (2 - 4 mts)",28,"Mediano",-68.877233202,-32.86550301,8,"0",0.0420032310177706
1206,"Acer","Bajo (2 - 4 mts)",20,"Chico",-68.8772815647,-32.8656853353,8,"0",0.0204081632653061
1207,"Fresno americano","Bajo (2 - 4 mts)",37,"Mediano",-68.8772964336,-32.8657206891,8,"0",0.0512455516014235
1211,"Paraiso sombrilla","Bajo (2 - 4 mts)",70,"Grande",-68.8762385632,-32.8648842071,8,"0",0.022887323943662
1212,"Paraiso sombrilla","Medio (4 - 8 mts)",110,"Grande",-68.8762293036,-32.8648554294,8,"0",0.022887323943662
1213,"Paraiso sombrilla","Medio (4 - 8 mts)",65,"Grande",-68.8762580158,-32.8647843879,8,"0",0.022887323943662
1216,"Morera","Bajo (2 - 4 mts)",40,"Mediano",-68.8765550163,-32.8647339997,8,"0",0.185148665048544
1217,"Caducifolio","Muy bajo (1 - 2 mts)",4,"Chico",-68.8767214834,-32.8647031582,8,"0",0.0512249443207127
1218,"Paraiso sombrilla","Medio (4 - 8 mts)",122,"Grande",-68.8768372801,-32.8646817055,8,"0",0.022887323943662
1219,"Paraiso sombrilla","Medio (4 - 8 mts)",100,"Grande",-68.8769784443,-32.8646704108,8,"0",0.022887323943662
1220,"Jacarand","Muy bajo (1 - 2 mts)",3,"Chico",-68.8770196599,-32.8647028917,8,"0",0.103064066852368
1222,"Fresno europeo","Muy bajo (1 - 2 mts)",10,"Chico",-68.8770685609,-32.8648854483,8,"0",0.0420032310177706
1226,"Paraiso","Medio (4 - 8 mts)",30,"Mediano",-68.876727025,-32.8658811189,8,"0",0.0859023207481815
1234,"Acacia SP","Medio (4 - 8 mts)",80,"Grande",-68.8764583475,-32.8657140321,8,"0",0.150492264416315
1235,"Jacarand","Alto (> 8 mts)",95,"Grande",-68.8764041915,-32.8654992128,8,"1",0.103064066852368
1239,"Fresno americano","Bajo (2 - 4 mts)",40,"Mediano",-68.8763779455,-32.8654005648,8,"0",0.0512455516014235
1241,"Paraiso sombrilla","Medio (4 - 8 mts)",110,"Grande",-68.8763341253,-32.8652485263,8,"0",0.022887323943662
1243,"Acacia SP","Alto (> 8 mts)",60,"Mediano",-68.8774369233,-32.8662902088,8,"0",0.150492264416315
1245,"Paraiso","Medio (4 - 8 mts)",130,"Grande",-68.8774595652,-32.8663745395,8,"1",0.0859023207481815
1263,"Morera","Medio (4 - 8 mts)",70,"Grande",-68.8790736454,-32.8688543646,8,"0",0.185148665048544
1264,"Morera","Medio (4 - 8 mts)",100,"Grande",-68.8790618145,-32.8688100421,8,"0",0.185148665048544
1270,"Palo borracho","Bajo (2 - 4 mts)",90,"Grande",-68.8788154966,-32.8685753738,8,"0",0
1273,"Paraiso","Bajo (2 - 4 mts)",46,"Mediano",-68.8786197868,-32.8686113664,8,"0",0.0859023207481815
1274,"Morera","Medio (4 - 8 mts)",48,"Mediano",-68.8785763597,-32.8686193232,8,"0",0.185148665048544
1276,"Acacia SP","Bajo (2 - 4 mts)",40,"Mediano",-68.8785008073,-32.8686331954,8,"0",0.150492264416315
1277,"Aguaribay","Bajo (2 - 4 mts)",30,"Mediano",-68.8784625389,-32.8686402221,8,"0",0.106529209621993
1278,"Paraiso","Bajo (2 - 4 mts)",76,"Grande",-68.8780616456,-32.868186805,8,"0",0.0859023207481815
1279,"Paraiso","Bajo (2 - 4 mts)",30,"Mediano",-68.8783078853,-32.868533541,8,"0",0.0859023207481815
1282,"Morera","Medio (4 - 8 mts)",68,"Grande",-68.8787820599,-32.8677963155,8,"0",0.185148665048544
1283,"Acacia SP","Bajo (2 - 4 mts)",56,"Mediano",-68.8787724424,-32.8677603448,8,"0",0.150492264416315
1288,"Morera","Medio (4 - 8 mts)",60,"Mediano",-68.8777775401,-32.8701082573,8,"0",0.185148665048544
1290,"Morera","Bajo (2 - 4 mts)",60,"Mediano",-68.8774757101,-32.86949197,8,"0",0.185148665048544
1298,"Morera","Bajo (2 - 4 mts)",44,"Mediano",-68.8774078948,-32.8692347501,8,"0",0.185148665048544
1302,"Paraiso sombrilla","Bajo (2 - 4 mts)",70,"Grande",-68.8783420068,-32.8661713209,8,"0",0.022887323943662
1304,"Paraiso sombrilla","Muy bajo (1 - 2 mts)",13,"Chico",-68.8783654728,-32.8662528831,8,"0",0.022887323943662
1308,"Paraiso sombrilla","Bajo (2 - 4 mts)",65,"Grande",-68.8784993848,-32.8667326368,8,"0",0.022887323943662
1310,"Paraiso sombrilla","Muy bajo (1 - 2 mts)",22,"Mediano",-68.8785243452,-32.8668256294,8,"0",0.022887323943662
1313,"Ligustro","Muy bajo (1 - 2 mts)",12,"Chico",-68.8775952142,-32.866437359,8,"0",0.0138888888888889
1314,"Aguaribay","Medio (4 - 8 mts)",68,"Grande",-68.8772304427,-32.8646001007,8,"0",0.106529209621993
1316,"Aguaribay","Bajo (2 - 4 mts)",60,"Mediano",-68.8773806102,-32.8645709789,8,"1",0.106529209621993
1319,"Aguaribay","Bajo (2 - 4 mts)",60,"Mediano",-68.8778407408,-32.8644813515,8,"0",0.106529209621993
1321,"Caducifolio","Bajo (2 - 4 mts)",32,"Mediano",-68.8779117029,-32.8645362637,8,"0",0.0512249443207127
1325,"Paraiso sombrilla","Muy bajo (1 - 2 mts)",15,"Chico",-68.8779547424,-32.8646952232,8,"0",0.022887323943662
1330,"Paraiso sombrilla","Medio (4 - 8 mts)",82,"Grande",-68.878121624,-32.8653030152,8,"0",0.022887323943662
1331,"Paraiso sombrilla","Medio (4 - 8 mts)",68,"Grande",-68.8781329903,-32.8653449605,8,"0",0.022887323943662
1335,"Morera","Bajo (2 - 4 mts)",60,"Mediano",-68.8778972007,-32.865663287,8,"0",0.185148665048544
1337,"Morera","Bajo (2 - 4 mts)",40,"Mediano",-68.8777563275,-32.8656896232,8,"0",0.185148665048544
1339,"Morera","Medio (4 - 8 mts)",60,"Mediano",-68.8773949727,-32.8657103594,8,"0",0.185148665048544
1344,"Fresno americano","Bajo (2 - 4 mts)",40,"Mediano",-68.8773388634,-32.86550101,8,"0",0.0512455516014235
1346,"Fresno europeo","Bajo (2 - 4 mts)",30,"Mediano",-68.8773163604,-32.8654169391,8,"0",0.0420032310177706
1349,"Fresno europeo","Muy bajo (1 - 2 mts)",15,"Chico",-68.8772820617,-32.8652888178,8,"0",0.0420032310177706
1354,"Paraiso sombrilla","Bajo (2 - 4 mts)",50,"Mediano",-68.8772161184,-32.8650427967,8,"0",0.022887323943662
1355,"Morera","Medio (4 - 8 mts)",97,"Grande",-68.8772097172,-32.8650188684,8,"0",0.185148665048544
1356,"Paraiso sombrilla","Bajo (2 - 4 mts)",55,"Mediano",-68.8771989696,-32.8649787613,8,"0",0.022887323943662
1357,"Paraiso sombrilla","Bajo (2 - 4 mts)",35,"Mediano",-68.8771924676,-32.8649544524,8,"0",0.022887323943662
1359,"Fresno europeo","Bajo (2 - 4 mts)",36,"Mediano",-68.8771755315,-32.8648911836,8,"0",0.0420032310177706
1368,"Aguaribay","Medio (4 - 8 mts)",35,"Mediano",-68.8788420551,-32.8670828738,8,"1",0.106529209621993
1379,"Acer","Medio (4 - 8 mts)",45,"Mediano",-68.8705975376,-32.8785055081,7,"0",0.0204081632653061
1380,"Acer","Medio (4 - 8 mts)",50,"Mediano",-68.8706584764,-32.8785192787,7,"0",0.0204081632653061
1381,"Acer","Medio (4 - 8 mts)",50,"Mediano",-68.8707139307,-32.8786733371,7,"0",0.0204081632653061
1382,"Acacia SP","Muy bajo (1 - 2 mts)",22,"Mediano",-68.8707468876,-32.878768719,7,"0",0.150492264416315
1387,"Aguaribay","Alto (> 8 mts)",145,"Grande",-68.8708223111,-32.8790088746,7,"0",0.106529209621993
1388,"Acer","Medio (4 - 8 mts)",60,"Mediano",-68.8708369615,-32.8790524199,7,"0",0.0204081632653061
1389,"Acer","Bajo (2 - 4 mts)",28,"Mediano",-68.8708560009,-32.87910901,7,"0",0.0204081632653061
1393,"Aguaribay","Alto (> 8 mts)",160,"Grande",-68.8709307015,-32.8793308208,7,"0",0.106529209621993
1395,"Paraiso","Muy bajo (1 - 2 mts)",12,"Chico",-68.8709643895,-32.8794308398,7,"0",0.0859023207481815
1400,"Acer","Bajo (2 - 4 mts)",40,"Mediano",-68.8712058071,-32.87977876,7,"0",0.0204081632653061
1403,"Acer","Medio (4 - 8 mts)",60,"Mediano",-68.8714382283,-32.8797392407,7,"0",0.0204081632653061
1412,"Paraiso","Medio (4 - 8 mts)",150,"Grande",-68.871500381,-32.8793041807,7,"0",0.0859023207481815
1414,"Acer","Medio (4 - 8 mts)",40,"Mediano",-68.8714624628,-32.8791916582,7,"1",0.0204081632653061
1419,"Morera","Medio (4 - 8 mts)",70,"Grande",-68.8713536459,-32.8788701286,7,"0",0.185148665048544
1426,"Paraiso sombrilla","Bajo (2 - 4 mts)",52,"Mediano",-68.8712436594,-32.8785436168,7,"0",0.022887323943662
1430,"Acer","Medio (4 - 8 mts)",90,"Grande",-68.8711857072,-32.8783717466,7,"0",0.0204081632653061
1434,"Acer","Bajo (2 - 4 mts)",38,"Mediano",-68.8709963589,-32.878187009,7,"0",0.0204081632653061
1435,"Paraiso","Muy bajo (1 - 2 mts)",5,"Chico",-68.8709445262,-32.8781994476,7,"0",0.0859023207481815
1440,"Paraiso sombrilla","Muy bajo (1 - 2 mts)",32,"Mediano",-68.8716909494,-32.8755736363,7,"0",0.022887323943662
1443,"Aguaribay","Medio (4 - 8 mts)",100,"Grande",-68.8714995127,-32.8755415063,7,"0",0.106529209621993
1445,"Fresno europeo","Muy bajo (1 - 2 mts)",8,"Chico",-68.8713379439,-32.8755792069,7,"0",0.0420032310177706
1448,"Conifera","Muy bajo (1 - 2 mts)",28,"Mediano",-68.8711414723,-32.8756541734,7,"0",0.021505376344086
1452,"Fresno europeo","Muy bajo (1 - 2 mts)",30,"Mediano",-68.871209588,-32.8758629461,7,"0",0.0420032310177706
1454,"Fresno europeo","Medio (4 - 8 mts)",80,"Grande",-68.8712250649,-32.8759088411,7,"0",0.0420032310177706
1455,"Fresno americano","Muy bajo (1 - 2 mts)",30,"Mediano",-68.8712524125,-32.8759849867,7,"0",0.0512455516014235
1456,"Acacia SP","Medio (4 - 8 mts)",70,"Grande",-68.8712611744,-32.8760081746,7,"0",0.150492264416315
1458,"Fresno europeo","Bajo (2 - 4 mts)",55,"Mediano",-68.8712947305,-32.8761049862,7,"0",0.0420032310177706
1460,"Fresno europeo","Bajo (2 - 4 mts)",45,"Mediano",-68.8713374288,-32.8762265631,7,"0",0.0420032310177706
1464,"Paraiso","Medio (4 - 8 mts)",140,"Grande",-68.8714155793,-32.8764514854,7,"0",0.0859023207481815
1465,"Paraiso","Medio (4 - 8 mts)",105,"Grande",-68.8714221509,-32.8764700436,7,"0",0.0859023207481815
1467,"Fresno americano","Bajo (2 - 4 mts)",30,"Mediano",-68.8714374751,-32.8765220014,7,"0",0.0512455516014235
1485,"Paraiso","Bajo (2 - 4 mts)",33,"Mediano",-68.871924665,-32.8771542099,7,"0",0.0859023207481815
1486,"Fresno americano","Muy bajo (1 - 2 mts)",8,"Chico",-68.8719994067,-32.8771362002,7,"0",0.0512455516014235
1488,"Paraiso","Muy bajo (1 - 2 mts)",25,"Mediano",-68.872159277,-32.8770961076,7,"0",0.0859023207481815
1493,"Acacia SP","Medio (4 - 8 mts)",80,"Grande",-68.8720836645,-32.8766639683,7,"1",0.150492264416315
1494,"Paraiso","Medio (4 - 8 mts)",110,"Grande",-68.872058649,-32.8765942229,7,"0",0.0859023207481815
1498,"Fresno europeo","Bajo (2 - 4 mts)",30,"Mediano",-68.8719912587,-32.876403186,7,"0",0.0420032310177706
1500,"Paraiso","Medio (4 - 8 mts)",80,"Grande",-68.8719608605,-32.8763204317,7,"0",0.0859023207481815
1508,"Jacarand","Medio (4 - 8 mts)",30,"Mediano",-68.8718229998,-32.8759245189,7,"0",0.103064066852368
1510,"Morera","Medio (4 - 8 mts)",60,"Mediano",-68.8717948007,-32.8758278871,7,"0",0.185148665048544
1511,"Morera","Medio (4 - 8 mts)",120,"Grande",-68.8717584965,-32.8757194761,7,"0",0.185148665048544
1513,"Paraiso","Bajo (2 - 4 mts)",36,"Mediano",-68.8738016172,-32.8776867924,7,"0",0.0859023207481815
1518,"Fresno americano","Bajo (2 - 4 mts)",14,"Chico",-68.873389326,-32.8778849306,7,"0",0.0512455516014235
1522,"Morera","Bajo (2 - 4 mts)",17,"Chico",-68.8734630631,-32.8781176665,7,"0",0.185148665048544
1523,"Fresno americano","Muy bajo (1 - 2 mts)",20,"Chico",-68.8734780646,-32.8781630468,7,"0",0.0512455516014235
1525,"Fresno americano","Muy bajo (1 - 2 mts)",10,"Chico",-68.8735229476,-32.8782629944,7,"0",0.0512455516014235
1526,"Fresno americano","Muy bajo (1 - 2 mts)",13,"Chico",-68.8735409187,-32.8783257173,7,"0",0.0512455516014235
1528,"Fresno americano","Bajo (2 - 4 mts)",27,"Mediano",-68.8735712572,-32.8784212004,7,"0",0.0512455516014235
1531,"Fresno europeo","Bajo (2 - 4 mts)",60,"Mediano",-68.8736292424,-32.8785791013,7,"0",0.0420032310177706
1532,"Fresno americano","Muy bajo (1 - 2 mts)",18,"Chico",-68.8736494957,-32.8786324056,7,"0",0.0512455516014235
1534,"Fresno americano","Bajo (2 - 4 mts)",32,"Mediano",-68.8736954205,-32.8787552978,7,"0",0.0512455516014235
1535,"lamo criollo","Medio (4 - 8 mts)",80,"Grande",-68.8729137818,-32.8774820233,7,"0",0.0128205128205128
1538,"lamo criollo","Medio (4 - 8 mts)",84,"Grande",-68.8726514257,-32.8775461067,7,"0",0.0128205128205128
1539,"Fresno americano","Bajo (2 - 4 mts)",26,"Mediano",-68.8726931166,-32.8779757747,7,"0",0.0512455516014235
1542,"Fresno americano","Bajo (2 - 4 mts)",26,"Mediano",-68.8728359249,-32.8783795379,7,"0",0.0512455516014235
1543,"Fresno americano","Muy bajo (1 - 2 mts)",9,"Chico",-68.8728458946,-32.8784178718,7,"0",0.0512455516014235
1548,"Morera","Medio (4 - 8 mts)",56,"Mediano",-68.8730412749,-32.8789940072,7,"0",0.185148665048544
1549,"Tilo","Medio (4 - 8 mts)",50,"Mediano",-68.8731090276,-32.8791939382,7,"0",0
1551,"Prunas","Bajo (2 - 4 mts)",30,"Mediano",-68.8731341568,-32.8792824477,7,"0",0.0321782178217822
1555,"Fresno europeo","Bajo (2 - 4 mts)",38,"Mediano",-68.8736922068,-32.8792702373,7,"0",0.0420032310177706
1556,"Fresno americano","Bajo (2 - 4 mts)",36,"Mediano",-68.8736885477,-32.8791716695,7,"0",0.0512455516014235
1559,"Paraiso","Bajo (2 - 4 mts)",100,"Grande",-68.8736333298,-32.8790121537,7,"0",0.0859023207481815
1562,"Fresno americano","Bajo (2 - 4 mts)",48,"Mediano",-68.8735622794,-32.8788084552,7,"0",0.0512455516014235
1571,"Fresno americano","Bajo (2 - 4 mts)",25,"Mediano",-68.873631715,-32.876897508,7,"0",0.0512455516014235
1572,"Paraiso sombrilla","Medio (4 - 8 mts)",80,"Grande",-68.8735692245,-32.876917357,7,"0",0.022887323943662
1574,"Morera","Medio (4 - 8 mts)",80,"Grande",-68.8734320706,-32.8769493366,7,"0",0.185148665048544
1575,"Fresno americano","Bajo (2 - 4 mts)",55,"Mediano",-68.8728348457,-32.8762457595,7,"0",0.0512455516014235
1583,"Fresno europeo","Bajo (2 - 4 mts)",22,"Mediano",-68.8724380476,-32.8756628692,7,"0",0.0420032310177706
1585,"Paraiso sombrilla","Bajo (2 - 4 mts)",70,"Grande",-68.8724969132,-32.8757346067,7,"0",0.022887323943662
1586,"Acacia SP","Bajo (2 - 4 mts)",50,"Mediano",-68.8725042227,-32.8757610897,7,"0",0.150492264416315
1592,"Algarrobo","Muy bajo (1 - 2 mts)",12,"Chico",-68.8728749828,-32.8768156718,7,"0",0.4
1593,"Morera","Medio (4 - 8 mts)",60,"Mediano",-68.8722476815,-32.879616824,7,"0",0.185148665048544
1595,"Morera","Medio (4 - 8 mts)",55,"Mediano",-68.8720950312,-32.8796496474,7,"0",0.185148665048544
1597,"Acacia SP","Bajo (2 - 4 mts)",70,"Grande",-68.8719592647,-32.8796721428,7,"0",0.150492264416315
1606,"Paraiso","Medio (4 - 8 mts)",66,"Grande",-68.8716554456,-32.8793064499,7,"0",0.0859023207481815
1613,"Morera","Muy bajo (1 - 2 mts)",10,"Chico",-68.8715269003,-32.8789250332,7,"0",0.185148665048544
1614,"Acer","Bajo (2 - 4 mts)",15,"Chico",-68.8715131029,-32.8788840785,7,"0",0.0204081632653061
1619,"Paraiso","Medio (4 - 8 mts)",100,"Grande",-68.8714290262,-32.8786477141,7,"0",0.0859023207481815
1622,"Morera","Bajo (2 - 4 mts)",32,"Mediano",-68.8713782805,-32.878497007,7,"0",0.185148665048544
1623,"Jacarand","Medio (4 - 8 mts)",50,"Mediano",-68.8713667103,-32.8784626469,7,"0",0.103064066852368
1627,"Prunas","Bajo (2 - 4 mts)",30,"Mediano",-68.8712815596,-32.8782098732,7,"0",0.0321782178217822
1634,"Acer","Muy bajo (1 - 2 mts)",20,"Chico",-68.8711578898,-32.8778427475,7,"0",0.0204081632653061
1637,"Paraiso sombrilla","Bajo (2 - 4 mts)",70,"Grande",-68.8711223518,-32.8777372361,7,"0",0.022887323943662
1638,"Prunas","Muy bajo (1 - 2 mts)",15,"Chico",-68.8710884683,-32.8776330484,7,"0",0.0321782178217822
1641,"Paraiso sombrilla","Medio (4 - 8 mts)",95,"Grande",-68.8713866405,-32.8775074248,7,"0",0.022887323943662
1649,"Fresno americano","Muy bajo (1 - 2 mts)",18,"Chico",-68.8716828749,-32.8777271409,7,"0",0.0512455516014235
1655,"Aguaribay","Alto (> 8 mts)",110,"Grande",-68.8717857924,-32.8780327619,7,"1",0.106529209621993
1659,"Morera","Bajo (2 - 4 mts)",32,"Mediano",-68.8719009826,-32.8783121372,7,"0",0.185148665048544
1661,"Fresno americano","Muy bajo (1 - 2 mts)",12,"Chico",-68.8719215634,-32.8783732308,7,"0",0.0512455516014235
1663,"Paraiso","Bajo (2 - 4 mts)",20,"Chico",-68.8719667652,-32.87850746,7,"0",0.0859023207481815
1667,"Paraiso sombrilla","Bajo (2 - 4 mts)",46,"Mediano",-68.8720275416,-32.8786879528,7,"0",0.022887323943662
1670,"Aguaribay","Alto (> 8 mts)",136,"Grande",-68.8720779374,-32.8788375809,7,"1",0.106529209621993
1671,"Morera","Medio (4 - 8 mts)",66,"Grande",-68.8720944718,-32.8788866626,7,"0",0.185148665048544
1675,"Aguaribay","Alto (> 8 mts)",122,"Grande",-68.8721761671,-32.8791292476,7,"0",0.106529209621993
1682,"Morera","Medio (4 - 8 mts)",70,"Grande",-68.8723131003,-32.879535641,7,"0",0.185148665048544
1685,"Paraiso","Muy bajo (1 - 2 mts)",14,"Chico",-68.8721348999,-32.8772276732,7,"0",0.0859023207481815
1686,"Paraiso","Bajo (2 - 4 mts)",20,"Chico",-68.8720583317,-32.877245131,7,"0",0.0859023207481815
1687,"Paraiso","Bajo (2 - 4 mts)",25,"Mediano",-68.8719846185,-32.8772619389,7,"0",0.0859023207481815
1689,"Acer","Bajo (2 - 4 mts)",25,"Mediano",-68.8719340279,-32.877874267,7,"0",0.0204081632653061
1691,"Aguaribay","Alto (> 8 mts)",180,"Grande",-68.871970196,-32.8779807373,7,"0",0.106529209621993
1694,"Acer","Medio (4 - 8 mts)",60,"Mediano",-68.8719927011,-32.8781162903,7,"0",0.0204081632653061
1695,"Acacia SP","Alto (> 8 mts)",75,"Grande",-68.8720152987,-32.8781867592,7,"0",0.150492264416315
1697,"Paraiso","Medio (4 - 8 mts)",70,"Grande",-68.8720479931,-32.8782917182,7,"0",0.0859023207481815
1701,"Morera","Medio (4 - 8 mts)",58,"Mediano",-68.872086761,-32.8783999539,7,"0",0.185148665048544
1702,"Acacia SP","Alto (> 8 mts)",50,"Mediano",-68.8720946903,-32.8784227207,7,"0",0.150492264416315
1705,"Paraiso","Medio (4 - 8 mts)",58,"Mediano",-68.8721406293,-32.8785564943,7,"1",0.0859023207481815
1707,"Paraiso","Alto (> 8 mts)",130,"Grande",-68.8722028229,-32.8787475573,7,"0",0.0859023207481815
1710,"Paraiso","Alto (> 8 mts)",130,"Grande",-68.8722715565,-32.8789341617,7,"0",0.0859023207481815
1711,"Perenne","Bajo (2 - 4 mts)",16,"Chico",-68.8722960601,-32.8790051699,7,"0",0.0364741641337386
1712,"Prunas","Bajo (2 - 4 mts)",9,"Chico",-68.8723033657,-32.8790307954,7,"0",0.0321782178217822
1713,"Morera","Bajo (2 - 4 mts)",12,"Chico",-68.872313765,-32.8790638368,7,"0",0.185148665048544
1715,"Fresno americano","Bajo (2 - 4 mts)",14,"Chico",-68.8723345729,-32.8791211102,7,"0",0.0512455516014235
1716,"Paraiso","Alto (> 8 mts)",80,"Grande",-68.872343681,-32.8791431406,7,"0",0.0859023207481815
1722,"Fresno americano","Medio (4 - 8 mts)",28,"Mediano",-68.8724624713,-32.8794986192,7,"0",0.0512455516014235
1725,"Tilo","Bajo (2 - 4 mts)",16,"Chico",-68.872732347,-32.8795359736,7,"0",0
1732,"Jacarand","Medio (4 - 8 mts)",48,"Mediano",-68.8729844595,-32.8792796304,7,"0",0.103064066852368
1734,"Fresno americano","Alto (> 8 mts)",98,"Grande",-68.8728935023,-32.8790079344,7,"1",0.0512455516014235
1739,"Caducifolio","Medio (4 - 8 mts)",38,"Mediano",-68.8727798294,-32.8786980907,7,"1",0.0512249443207127
1751,"Paraiso","Medio (4 - 8 mts)",65,"Grande",-68.87245203,-32.877828057,7,"0",0.0859023207481815
1752,"Fresno americano","Medio (4 - 8 mts)",45,"Mediano",-68.8724470188,-32.8778067972,7,"0",0.0512455516014235
1753,"Perenne","Bajo (2 - 4 mts)",32,"Mediano",-68.872434102,-32.8777745981,7,"1",0.0364741641337386
1757,"Aguaribay","Alto (> 8 mts)",180,"Grande",-68.8707779352,-32.8793405348,7,"0",0.106529209621993
1761,"Aguaribay","Medio (4 - 8 mts)",105,"Grande",-68.8706807582,-32.8790598111,7,"1",0.106529209621993
1766,"Acer","Medio (4 - 8 mts)",60,"Mediano",-68.8705921491,-32.8788295784,7,"1",0.0204081632653061
1767,"Acer","Medio (4 - 8 mts)",30,"Mediano",-68.8705474459,-32.8786866822,7,"0",0.0204081632653061
1769,"Morera","Medio (4 - 8 mts)",50,"Mediano",-68.8705074983,-32.8785245209,7,"0",0.185148665048544
1771,"Morera","Medio (4 - 8 mts)",30,"Mediano",-68.8704596208,-32.8783969015,7,"0",0.185148665048544
1773,"Fresno americano","Bajo (2 - 4 mts)",16,"Chico",-68.8704033295,-32.8783265399,7,"0",0.0512455516014235
1775,"Prunas","Medio (4 - 8 mts)",30,"Mediano",-68.8702944416,-32.8783549549,7,"0",0.0321782178217822
1777,"Acer","Medio (4 - 8 mts)",40,"Mediano",-68.870178055,-32.878382178,7,"0",0.0204081632653061
1781,"Prunas","Medio (4 - 8 mts)",16,"Chico",-68.8699783529,-32.8784296873,7,"0",0.0321782178217822
1783,"Liquidambar","Medio (4 - 8 mts)",32,"Mediano",-68.8699222526,-32.8784592189,7,"0",0
1784,"Tilo","Bajo (2 - 4 mts)",25,"Mediano",-68.8699294482,-32.8784974393,7,"0",0
1788,"Fresno europeo","Medio (4 - 8 mts)",28,"Mediano",-68.8699754749,-32.8786297034,7,"0",0.0420032310177706
1789,"Braquiquito","Medio (4 - 8 mts)",85,"Grande",-68.8700115751,-32.8787344446,7,"0",0
1790,"Acer","Medio (4 - 8 mts)",58,"Mediano",-68.8700529359,-32.8788539431,7,"0",0.0204081632653061
1792,"Acer","Medio (4 - 8 mts)",78,"Grande",-68.8701075915,-32.8790120234,7,"0",0.0204081632653061
1796,"Fresno europeo","Medio (4 - 8 mts)",40,"Mediano",-68.8701663612,-32.8791886658,7,"0",0.0420032310177706
1806,"Acer","Medio (4 - 8 mts)",28,"Mediano",-68.8703620152,-32.8798207341,7,"0",0.0204081632653061
1808,"Acer","Medio (4 - 8 mts)",35,"Mediano",-68.870415522,-32.8799363974,7,"0",0.0204081632653061
1811,"Morera","Medio (4 - 8 mts)",40,"Mediano",-68.8706349323,-32.8799095909,7,"0",0.185148665048544
1817,"Acer","Medio (4 - 8 mts)",30,"Mediano",-68.8708924862,-32.8798592702,7,"0",0.0204081632653061
1825,"Paraiso","Bajo (2 - 4 mts)",30,"Mediano",-68.8613951692,-32.8711333635,7,"0",0.0859023207481815
1837,"Paraiso","Muy bajo (1 - 2 mts)",9,"Chico",-68.8607220289,-32.8718974016,7,"0",0.0859023207481815
1841,"Paraiso","Bajo (2 - 4 mts)",66,"Grande",-68.8586206477,-32.8717537767,6,"0",0.0859023207481815
1842,"Paraiso","Bajo (2 - 4 mts)",66,"Grande",-68.8586826095,-32.8721080845,6,"0",0.0859023207481815
1843,"Paraiso","Bajo (2 - 4 mts)",72,"Grande",-68.8586938626,-32.8721926158,6,"0",0.0859023207481815
1846,"Acacia SP","Muy bajo (1 - 2 mts)",5,"Chico",-68.8594043918,-32.87206198,6,"0",0.150492264416315
1847,"Acacia SP","Muy bajo (1 - 2 mts)",4,"Chico",-68.8593794213,-32.8719370141,6,"0",0.150492264416315
1849,"Acacia SP","Muy bajo (1 - 2 mts)",4,"Chico",-68.8593318602,-32.8716409902,6,"0",0.150492264416315
1850,"Acacia SP","Muy bajo (1 - 2 mts)",5,"Chico",-68.8593221497,-32.8715820788,6,"0",0.150492264416315
1851,"Acacia SP","Muy bajo (1 - 2 mts)",4,"Chico",-68.85931365,-32.8715345364,6,"0",0.150492264416315
1852,"Acacia SP","Muy bajo (1 - 2 mts)",4,"Chico",-68.8593088116,-32.8714947473,6,"0",0.150492264416315
1867,"Conifera","Medio (4 - 8 mts)",60,"Mediano",-68.8611977499,-32.8706674861,7,"1",0.021505376344086
1868,"Perenne","Muy bajo (1 - 2 mts)",180,"Grande",-68.8611983978,-32.8707083489,7,"0",0.0364741641337386
1873,"Paraiso","Medio (4 - 8 mts)",95,"Grande",-68.8609141579,-32.8705710992,7,"0",0.0859023207481815
1874,"Paraiso","Medio (4 - 8 mts)",70,"Grande",-68.8608919446,-32.8704502005,7,"0",0.0859023207481815
1875,"Paraiso","Medio (4 - 8 mts)",52,"Mediano",-68.8608776021,-32.8703688255,7,"0",0.0859023207481815
1877,"Paraiso","Medio (4 - 8 mts)",45,"Mediano",-68.8608442798,-32.8702075601,7,"0",0.0859023207481815
1880,"Olmo comun","Medio (4 - 8 mts)",58,"Mediano",-68.8607852091,-32.8699150405,7,"0",0.0227272727272727
1883,"Aguaribay","Medio (4 - 8 mts)",70,"Grande",-68.861468852,-32.8696251147,7,"0",0.106529209621993
1885,"lamo blanco","Alto (> 8 mts)",145,"Grande",-68.8581376337,-32.8689648367,6,"0",0.046875
1888,"Morera","Medio (4 - 8 mts)",62,"Grande",-68.8582572191,-32.8697462772,6,"0",0.185148665048544
1889,"lamo blanco","Medio (4 - 8 mts)",78,"Grande",-68.8584074122,-32.8698663537,6,"0",0.046875
1891,"Acacia SP","Muy bajo (1 - 2 mts)",3,"Chico",-68.8585341272,-32.8698522765,6,"0",0.150492264416315
1893,"Acacia SP","Muy bajo (1 - 2 mts)",2,"Chico",-68.8586562833,-32.8698393463,6,"0",0.150492264416315
1895,"Acacia SP","Muy bajo (1 - 2 mts)",2,"Chico",-68.8587916812,-32.8698236186,6,"0",0.150492264416315
1896,"Morera","Alto (> 8 mts)",85,"Grande",-68.8588683195,-32.8698148161,6,"0",0.185148665048544
1900,"Acacia SP","Muy bajo (1 - 2 mts)",2,"Chico",-68.8589955251,-32.8694487786,6,"1",0.150492264416315
1901,"Acacia SP","Muy bajo (1 - 2 mts)",2,"Chico",-68.8589812231,-32.8693579051,6,"1",0.150492264416315
1904,"Acacia SP","Muy bajo (1 - 2 mts)",3,"Chico",-68.8588883053,-32.8688354764,6,"1",0.150492264416315
1907,"Paraiso","Medio (4 - 8 mts)",45,"Mediano",-68.8587184458,-32.8687214818,6,"0",0.0859023207481815
1908,"Paraiso","Medio (4 - 8 mts)",60,"Mediano",-68.8585859681,-32.8687327791,6,"0",0.0859023207481815
1909,"Paraiso","Bajo (2 - 4 mts)",35,"Mediano",-68.8584719414,-32.8687491196,6,"1",0.0859023207481815
1912,"Paraiso","Medio (4 - 8 mts)",58,"Mediano",-68.8583076116,-32.8687704201,6,"0",0.0859023207481815
1915,"Paraiso","Medio (4 - 8 mts)",35,"Mediano",-68.8597482882,-32.871631256,6,"0",0.0859023207481815
1917,"Paraiso","Medio (4 - 8 mts)",45,"Mediano",-68.8597636569,-32.8717267546,7,"0",0.0859023207481815
1919,"Paraiso","Bajo (2 - 4 mts)",25,"Mediano",-68.8597813546,-32.8718367225,7,"0",0.0859023207481815
1922,"Acacia SP","Muy bajo (1 - 2 mts)",2,"Chico",-68.8595052992,-32.8719155175,6,"0",0.150492264416315
1928,"Paraiso","Muy bajo (1 - 2 mts)",8,"Chico",-68.8594220793,-32.8713175709,6,"0",0.0859023207481815
1932,"Paraiso","Bajo (2 - 4 mts)",40,"Mediano",-68.8604602173,-32.8702537967,7,"1",0.0859023207481815
1936,"Morera","Medio (4 - 8 mts)",60,"Mediano",-68.8607692644,-32.8704857278,7,"0",0.185148665048544
1941,"Acacia SP","Medio (4 - 8 mts)",135,"Grande",-68.8597457841,-32.8709210092,6,"0",0.150492264416315
1942,"Acacia SP","Medio (4 - 8 mts)",105,"Grande",-68.8598301196,-32.8709115854,6,"0",0.150492264416315
1944,"Fresno europeo","Bajo (2 - 4 mts)",33,"Mediano",-68.8583525784,-32.8702871378,6,"0",0.0420032310177706
1947,"Acacia SP","Muy bajo (1 - 2 mts)",8,"Chico",-68.859195367,-32.8706653808,6,"0",0.150492264416315
1948,"Paraiso sombrilla","Medio (4 - 8 mts)",90,"Grande",-68.859181838,-32.870584737,6,"1",0.022887323943662
1949,"Morera","Medio (4 - 8 mts)",105,"Grande",-68.8591642332,-32.8705112236,6,"1",0.185148665048544
1951,"Acacia SP","Muy bajo (1 - 2 mts)",16,"Chico",-68.8591323344,-32.8702740204,6,"1",0.150492264416315
1952,"Morera","Alto (> 8 mts)",120,"Grande",-68.8590901608,-32.8700235669,6,"1",0.185148665048544
1953,"lamo blanco","Medio (4 - 8 mts)",50,"Mediano",-68.8590765498,-32.869930007,6,"0",0.046875
1954,"lamo blanco","Bajo (2 - 4 mts)",33,"Mediano",-68.8588160543,-32.8699180814,6,"1",0.046875
1961,"Liquidambar","Muy bajo (1 - 2 mts)",16,"Chico",-68.8618952684,-32.8906836203,5,"0",0
1967,"Morera","Medio (4 - 8 mts)",49,"Mediano",-68.8591339737,-32.8925552681,5,"0",0.185148665048544
1968,"Fresno americano","Bajo (2 - 4 mts)",50,"Mediano",-68.859022218,-32.8936180018,5,"0",0.0512455516014235
1969,"Morera","Muy bajo (1 - 2 mts)",15,"Chico",-68.8597117238,-32.8936008065,5,"0",0.185148665048544
1973,"Acacia SP","Medio (4 - 8 mts)",77,"Grande",-68.8599835009,-32.8891495769,5,"0",0.150492264416315
1977,"Pltano","Alto (> 8 mts)",110,"Grande",-68.8590318384,-32.8898432181,5,"0",0.0903973509933775
1981,"Morera","Bajo (2 - 4 mts)",46,"Mediano",-68.8598102842,-32.8901939766,5,"1",0.185148665048544
1983,"Morera","Bajo (2 - 4 mts)",30,"Mediano",-68.860092286,-32.889545848,5,"0",0.185148665048544
1985,"Prunas","Bajo (2 - 4 mts)",30,"Mediano",-68.8600618974,-32.8892219136,5,"0",0.0321782178217822
1986,"Morera","Medio (4 - 8 mts)",80,"Grande",-68.8600615571,-32.8892051724,5,"0",0.185148665048544
1991,"Morera","Alto (> 8 mts)",78,"Grande",-68.832907374,-32.8937812321,3,"0",0.185148665048544
1995,"Morera","Alto (> 8 mts)",145,"Grande",-68.8326555828,-32.8941683321,3,"0",0.185148665048544
1998,"Morera","Medio (4 - 8 mts)",28,"Mediano",-68.8320897153,-32.8940537441,3,"0",0.185148665048544
2000,"Ailanthus","Alto (> 8 mts)",58,"Mediano",-68.8319161685,-32.8937893931,3,"0",0.0380952380952381
2002,"Morera","Alto (> 8 mts)",105,"Grande",-68.8327345426,-32.8949033363,3,"1",0.185148665048544
2004,"Morera","Alto (> 8 mts)",80,"Grande",-68.8326612526,-32.894823261,3,"0",0.185148665048544
2006,"Morera","Alto (> 8 mts)",100,"Grande",-68.8325822794,-32.8947144754,3,"0",0.185148665048544
2009,"Morera","Medio (4 - 8 mts)",105,"Grande",-68.8324411217,-32.8945198251,3,"1",0.185148665048544
2012,"Caducifolio","Alto (> 8 mts)",90,"Grande",-68.8322704842,-32.8942861161,3,"1",0.0512249443207127
2019,"Morera","Medio (4 - 8 mts)",95,"Grande",-68.8329485656,-32.8948666297,3,"1",0.185148665048544
2023,"Morera","Medio (4 - 8 mts)",90,"Grande",-68.8329420906,-32.8945564512,3,"0",0.185148665048544
2024,"Morera","Medio (4 - 8 mts)",120,"Grande",-68.8329391462,-32.8944333719,3,"0",0.185148665048544
2025,"Acer","Muy bajo (1 - 2 mts)",10,"Chico",-68.8329408674,-32.8943830652,3,"0",0.0204081632653061
2026,"Fresno americano","Bajo (2 - 4 mts)",20,"Chico",-68.8329405759,-32.8943640752,3,"0",0.0512455516014235
2029,"Acacia SP","Medio (4 - 8 mts)",90,"Grande",-68.834635671,-32.8947646754,3,"1",0.150492264416315
2034,"Paraiso","Medio (4 - 8 mts)",60,"Mediano",-68.8333780201,-32.8951126356,3,"0",0.0859023207481815
2037,"Morera","Medio (4 - 8 mts)",100,"Grande",-68.8330610656,-32.8949073262,3,"0",0.185148665048544
2038,"Morera","Medio (4 - 8 mts)",90,"Grande",-68.8330628547,-32.8948651656,3,"0",0.185148665048544
2040,"Morera","Medio (4 - 8 mts)",86,"Grande",-68.8340775652,-32.8940078766,3,"0",0.185148665048544
2045,"Olmo bola","Muy bajo (1 - 2 mts)",15,"Chico",-68.827759099,-32.8811534599,3,"0",0.0231481481481481
2047,"Morera","Alto (> 8 mts)",180,"Grande",-68.8276887368,-32.8808744605,4,"0",0.185148665048544
2048,"Morera","Alto (> 8 mts)",190,"Grande",-68.8276662853,-32.8807799412,4,"1",0.185148665048544
2050,"Morera","Medio (4 - 8 mts)",120,"Grande",-68.8276016327,-32.8805189717,4,"0",0.185148665048544
2052,"Fresno europeo","Medio (4 - 8 mts)",86,"Grande",-68.8294394939,-32.8814195916,3,"0",0.0420032310177706
2055,"Fresno americano","Bajo (2 - 4 mts)",24,"Mediano",-68.8292034628,-32.8814344063,3,"0",0.0512455516014235
2056,"Fresno europeo","Muy bajo (1 - 2 mts)",14,"Chico",-68.8291261381,-32.8814400011,3,"0",0.0420032310177706
2058,"Fresno europeo","Medio (4 - 8 mts)",90,"Grande",-68.8289573083,-32.8814494077,3,"0",0.0420032310177706
2060,"Caducifolio","Muy bajo (1 - 2 mts)",18,"Chico",-68.8287405158,-32.8814652044,3,"0",0.0512249443207127
2062,"Fresno europeo","Bajo (2 - 4 mts)",40,"Mediano",-68.8285775793,-32.8814763038,3,"0",0.0420032310177706
2065,"Pltano","Medio (4 - 8 mts)",54,"Mediano",-68.8282719448,-32.8814319973,3,"0",0.0903973509933775
2066,"Pltano","Alto (> 8 mts)",84,"Grande",-68.8282698519,-32.8813873805,3,"0",0.0903973509933775
2072,"Pltano","Alto (> 8 mts)",120,"Grande",-68.8282400657,-32.8807892442,4,"0",0.0903973509933775
2074,"Pltano","Alto (> 8 mts)",90,"Grande",-68.8282167579,-32.8805578018,4,"0",0.0903973509933775
2077,"Fresno americano","Muy bajo (1 - 2 mts)",9,"Chico",-68.8283500252,-32.8803752216,4,"0",0.0512455516014235
2078,"Pltano","Alto (> 8 mts)",160,"Grande",-68.8284333935,-32.8803710404,4,"0",0.0903973509933775
2080,"Pltano","Medio (4 - 8 mts)",60,"Mediano",-68.8286978058,-32.8803542706,4,"0",0.0903973509933775
2081,"Morera","Medio (4 - 8 mts)",60,"Mediano",-68.8290923274,-32.880329443,4,"0",0.185148665048544
2082,"Pltano","Bajo (2 - 4 mts)",48,"Mediano",-68.8291775241,-32.880323042,4,"0",0.0903973509933775
2083,"Fresno europeo","Alto (> 8 mts)",65,"Grande",-68.8295986898,-32.8820234602,3,"0",0.0420032310177706
2084,"Morera","Bajo (2 - 4 mts)",18,"Chico",-68.8296220328,-32.8823704217,3,"1",0.185148665048544
2085,"Morera","Alto (> 8 mts)",190,"Grande",-68.8281239437,-32.8825989329,3,"0",0.185148665048544
2088,"Acacia SP","Medio (4 - 8 mts)",85,"Grande",-68.8280645019,-32.8823559119,3,"0",0.150492264416315
2089,"Morera","Alto (> 8 mts)",200,"Grande",-68.8280524093,-32.8823016116,3,"1",0.185148665048544
2094,"Morera","Alto (> 8 mts)",185,"Grande",-68.8279328637,-32.8818235358,3,"0",0.185148665048544
2102,"Morera","Medio (4 - 8 mts)",96,"Grande",-68.8313540858,-32.8883015454,3,"0",0.185148665048544
2103,"Fresno americano","Alto (> 8 mts)",193,"Grande",-68.831351273,-32.888252412,3,"0",0.0512455516014235
2117,"Fresno europeo","Medio (4 - 8 mts)",100,"Grande",-68.8303213811,-32.8878191231,3,"0",0.0420032310177706
2122,"Morera","Medio (4 - 8 mts)",110,"Grande",-68.8308202253,-32.8862332643,3,"1",0.185148665048544
2125,"Morera","Medio (4 - 8 mts)",90,"Grande",-68.8300103435,-32.8872316878,3,"0",0.185148665048544
2127,"Morera","Bajo (2 - 4 mts)",60,"Mediano",-68.8313091418,-32.8875849583,3,"0",0.185148665048544
2133,"Morera","Muy bajo (1 - 2 mts)",14,"Chico",-68.8344133331,-32.8915655913,3,"0",0.185148665048544
2137,"Acacia SP","Medio (4 - 8 mts)",75,"Grande",-68.8334809198,-32.8912713721,3,"1",0.150492264416315
2138,"Fresno europeo","Muy bajo (1 - 2 mts)",3,"Chico",-68.8331109571,-32.8912919812,3,"0",0.0420032310177706
2140,"Acacia SP","Medio (4 - 8 mts)",125,"Grande",-68.8392025609,-32.8907493219,3,"0",0.150492264416315
2142,"Fresno europeo","Bajo (2 - 4 mts)",50,"Mediano",-68.8383589075,-32.8913159761,3,"0",0.0420032310177706
2144,"Morera","Alto (> 8 mts)",169,"Grande",-68.8388178514,-32.8918580584,3,"1",0.185148665048544
2148,"Morera","Alto (> 8 mts)",142,"Grande",-68.8397727645,-32.8950127702,2,"1",0.185148665048544
2152,"Morera","Bajo (2 - 4 mts)",33,"Mediano",-68.8376856406,-32.8948060872,2,"0",0.185148665048544
2159,"Morera","Bajo (2 - 4 mts)",40,"Mediano",-68.8390132529,-32.8943034201,2,"0",0.185148665048544
2160,"Morera","Medio (4 - 8 mts)",73,"Grande",-68.8391895537,-32.8943009662,2,"0",0.185148665048544
2163,"Acer","Alto (> 8 mts)",155,"Grande",-68.8394220063,-32.8942983606,2,"0",0.0204081632653061
2164,"Morera","Medio (4 - 8 mts)",100,"Grande",-68.8397723676,-32.8942904622,2,"1",0.185148665048544
2165,"Morera","Medio (4 - 8 mts)",77,"Grande",-68.8400603244,-32.8942882087,2,"0",0.185148665048544
2167,"Morera","Bajo (2 - 4 mts)",26,"Mediano",-68.8316285209,-32.8861979141,3,"0",0.185148665048544
2168,"Morera","Bajo (2 - 4 mts)",30,"Mediano",-68.831384623,-32.8867588201,3,"1",0.185148665048544
2169,"Morera","Medio (4 - 8 mts)",124,"Grande",-68.8314093906,-32.8871800481,3,"1",0.185148665048544
2171,"Fresno europeo","Medio (4 - 8 mts)",60,"Mediano",-68.832310926,-32.8876226085,3,"0",0.0420032310177706
2174,"Morera","Medio (4 - 8 mts)",50,"Mediano",-68.83261585,-32.8873819002,3,"0",0.185148665048544
2175,"Paraiso sombrilla","Bajo (2 - 4 mts)",80,"Grande",-68.8326104598,-32.8873089858,3,"0",0.022887323943662
2178,"Caducifolio","Bajo (2 - 4 mts)",60,"Mediano",-68.8330901877,-32.8875820163,3,"0",0.0512249443207127
2179,"Morera","Medio (4 - 8 mts)",64,"Grande",-68.8341331444,-32.887469953,3,"0",0.185148665048544
2181,"Fresno europeo","Muy bajo (1 - 2 mts)",5,"Chico",-68.8341043628,-32.8870446319,3,"0",0.0420032310177706
2182,"Morera","Alto (> 8 mts)",190,"Grande",-68.8340973768,-32.8869293215,3,"1",0.185148665048544
2185,"Fresno americano","Bajo (2 - 4 mts)",140,"Grande",-68.8338042463,-32.8861033505,3,"0",0.0512455516014235
2187,"Morera","Bajo (2 - 4 mts)",60,"Mediano",-68.832707831,-32.8863340473,3,"0",0.185148665048544
2189,"Fresno europeo","Alto (> 8 mts)",150,"Grande",-68.8327189307,-32.8865983751,3,"0",0.0420032310177706
2193,"Morera","Medio (4 - 8 mts)",129,"Grande",-68.8343052282,-32.8902467598,3,"0",0.185148665048544
2196,"Pltano","Muy bajo (1 - 2 mts)",10,"Chico",-68.8343295725,-32.8905593363,3,"0",0.0903973509933775
2201,"Pltano","Alto (> 8 mts)",50,"Mediano",-68.8396605735,-32.8920724972,2,"0",0.0903973509933775
2205,"Morera","Medio (4 - 8 mts)",77,"Grande",-68.8391569718,-32.8928981151,2,"1",0.185148665048544
2211,"Morera","Medio (4 - 8 mts)",90,"Grande",-68.838274847,-32.8929080889,2,"0",0.185148665048544
2212,"Fresno europeo","Muy bajo (1 - 2 mts)",4,"Chico",-68.8382859568,-32.8928168693,2,"0",0.0420032310177706
2213,"Paraiso","Medio (4 - 8 mts)",110,"Grande",-68.8382935191,-32.8926105622,3,"0",0.0859023207481815
2214,"Pltano","Medio (4 - 8 mts)",70,"Grande",-68.8389703122,-32.8919511975,3,"0",0.0903973509933775
2219,"Ailanthus","Bajo (2 - 4 mts)",8,"Chico",-68.8363739853,-32.895430803,2,"0",0.0380952380952381
2221,"Fresno europeo","Medio (4 - 8 mts)",70,"Grande",-68.8353023985,-32.8953555378,2,"0",0.0420032310177706
2223,"Fresno europeo","Medio (4 - 8 mts)",80,"Grande",-68.8356337211,-32.8953080201,2,"0",0.0420032310177706
2225,"Fresno europeo","Medio (4 - 8 mts)",45,"Mediano",-68.8359790185,-32.895257197,2,"0",0.0420032310177706
2228,"Morera","Medio (4 - 8 mts)",40,"Mediano",-68.8327747269,-32.8907265972,3,"0",0.185148665048544
2231,"Pltano","Alto (> 8 mts)",180,"Grande",-68.8316120292,-32.8903422439,3,"0",0.0903973509933775
2239,"Morera","Alto (> 8 mts)",122,"Grande",-68.8368750224,-32.8939504306,3,"0",0.185148665048544
2248,"Morera","Medio (4 - 8 mts)",55,"Mediano",-68.8366045034,-32.8930510131,3,"0",0.185148665048544
2249,"Acacia SP","Alto (> 8 mts)",180,"Grande",-68.8381162007,-32.8909506332,3,"1",0.150492264416315
2251,"Paraiso","Medio (4 - 8 mts)",120,"Grande",-68.8382297634,-32.8911679326,3,"0",0.0859023207481815
2252,"Morera","Medio (4 - 8 mts)",62,"Grande",-68.8382276192,-32.8912068946,3,"0",0.185148665048544
2253,"Pltano","Alto (> 8 mts)",168,"Grande",-68.8382255602,-32.8912443112,3,"1",0.0903973509933775
2254,"Fresno europeo","Muy bajo (1 - 2 mts)",15,"Chico",-68.838223731,-32.8912775569,3,"0",0.0420032310177706
2256,"Paraiso","Medio (4 - 8 mts)",75,"Grande",-68.8381527009,-32.8925838243,3,"0",0.0859023207481815
2258,"Paraiso","Alto (> 8 mts)",140,"Grande",-68.8381475619,-32.8926657562,3,"1",0.0859023207481815
2259,"Fresno europeo","Medio (4 - 8 mts)",100,"Grande",-68.8381405186,-32.8928392072,3,"1",0.0420032310177706
2261,"Morera","Medio (4 - 8 mts)",100,"Grande",-68.8377692321,-32.8929128784,3,"0",0.185148665048544
2262,"Morera","Alto (> 8 mts)",120,"Grande",-68.8376404566,-32.8929088818,3,"0",0.185148665048544
2266,"Morera","Alto (> 8 mts)",155,"Grande",-68.8371972814,-32.8914905442,3,"0",0.185148665048544
2267,"Fresno europeo","Muy bajo (1 - 2 mts)",20,"Chico",-68.8371856787,-32.8913891168,3,"0",0.0420032310177706
2268,"Morera","Alto (> 8 mts)",120,"Grande",-68.8371735247,-32.8912233179,3,"1",0.185148665048544
2270,"Fresno europeo","Medio (4 - 8 mts)",65,"Grande",-68.8371685335,-32.8911445054,3,"0",0.0420032310177706
2274,"Fresno americano","Medio (4 - 8 mts)",55,"Mediano",-68.8380454024,-32.8932336973,2,"0",0.0512455516014235
2276,"Conifera","Bajo (2 - 4 mts)",30,"Mediano",-68.8379413612,-32.8932553835,2,"0",0.021505376344086
2277,"Fresno americano","Medio (4 - 8 mts)",90,"Grande",-68.8377697041,-32.8932813154,2,"0",0.0512455516014235
2279,"Morera","Alto (> 8 mts)",138,"Grande",-68.8375605275,-32.8941179734,2,"1",0.185148665048544
2280,"Morera","Alto (> 8 mts)",105,"Grande",-68.8376295092,-32.8942183752,2,"0",0.185148665048544
2281,"Morera","Medio (4 - 8 mts)",85,"Grande",-68.8381392613,-32.8942276608,2,"0",0.185148665048544
2282,"Paraiso","Medio (4 - 8 mts)",132,"Grande",-68.8382970831,-32.8942232474,2,"1",0.0859023207481815
2295,"Fresno europeo","Medio (4 - 8 mts)",142,"Grande",-68.8392862571,-32.8942090938,2,"1",0.0420032310177706
2299,"Fresno americano","Muy bajo (1 - 2 mts)",10,"Chico",-68.8384947983,-32.8941509889,2,"0",0.0512455516014235
2302,"Morera","Medio (4 - 8 mts)",120,"Grande",-68.8382930639,-32.893349978,2,"1",0.185148665048544
2304,"Fresno europeo","Bajo (2 - 4 mts)",35,"Mediano",-68.8384483166,-32.8931679028,2,"0",0.0420032310177706
2309,"Fresno europeo","Muy bajo (1 - 2 mts)",10,"Chico",-68.834788296,-32.8952677284,3,"0",0.0420032310177706
2310,"Acacia SP","Medio (4 - 8 mts)",50,"Mediano",-68.8347768224,-32.8951808931,3,"0",0.150492264416315
2311,"Pltano","Alto (> 8 mts)",130,"Grande",-68.8347735472,-32.8950503916,3,"0",0.0903973509933775
2314,"Acer","Medio (4 - 8 mts)",16,"Chico",-68.8361311475,-32.8945400114,3,"0",0.0204081632653061
2315,"Morera","Medio (4 - 8 mts)",50,"Mediano",-68.8361515085,-32.8946348319,2,"1",0.185148665048544
2318,"Morera","Medio (4 - 8 mts)",40,"Mediano",-68.8362251145,-32.8951472049,2,"0",0.185148665048544
2320,"Fresno americano","Medio (4 - 8 mts)",52,"Mediano",-68.8355603796,-32.8951205352,2,"0",0.0512455516014235
2321,"Morera","Alto (> 8 mts)",100,"Grande",-68.8355706235,-32.8949906241,3,"0",0.185148665048544
2323,"Fresno americano","Medio (4 - 8 mts)",45,"Mediano",-68.835502612,-32.8950479831,3,"0",0.0512455516014235
2324,"Morera","Medio (4 - 8 mts)",55,"Mediano",-68.8354989191,-32.8950758838,3,"0",0.185148665048544
2327,"Morera","Alto (> 8 mts)",58,"Mediano",-68.8352068478,-32.8944201919,3,"0",0.185148665048544
2329,"Acer","Alto (> 8 mts)",63,"Grande",-68.8368529125,-32.8945720616,2,"1",0.0204081632653061
2331,"Fresno europeo","Medio (4 - 8 mts)",27,"Mediano",-68.8331612981,-32.8887988718,3,"0",0.0420032310177706
2333,"Fresno europeo","Muy bajo (1 - 2 mts)",3,"Chico",-68.8333175277,-32.888790451,3,"0",0.0420032310177706
2335,"Pltano","Alto (> 8 mts)",175,"Grande",-68.8340803122,-32.8898794814,3,"0",0.0903973509933775
2339,"Fresno europeo","Muy bajo (1 - 2 mts)",15,"Chico",-68.8355230676,-32.889302192,3,"0",0.0420032310177706
2344,"Prunas","Bajo (2 - 4 mts)",12,"Chico",-68.8343431209,-32.8891108826,3,"0",0.0321782178217822
2348,"Morera","Alto (> 8 mts)",65,"Grande",-68.8343265818,-32.8888821665,3,"0",0.185148665048544
2350,"Fresno europeo","Muy bajo (1 - 2 mts)",5,"Chico",-68.8351219152,-32.8887227814,3,"0",0.0420032310177706
2353,"Prunas","Bajo (2 - 4 mts)",70,"Grande",-68.8347382206,-32.8860548409,3,"0",0.0321782178217822
2354,"Prunas","Bajo (2 - 4 mts)",50,"Mediano",-68.8346532094,-32.8860587374,3,"0",0.0321782178217822
2359,"Morera","Medio (4 - 8 mts)",190,"Grande",-68.8341912339,-32.88659749,3,"0",0.185148665048544
2361,"Morera","Medio (4 - 8 mts)",160,"Grande",-68.834236434,-32.8872334671,3,"1",0.185148665048544
2362,"Morera","Medio (4 - 8 mts)",46,"Mediano",-68.8342404984,-32.8873464707,3,"0",0.185148665048544
2365,"Fresno europeo","Alto (> 8 mts)",170,"Grande",-68.8347213115,-32.8875207503,3,"0",0.0420032310177706
2367,"Fresno europeo","Bajo (2 - 4 mts)",24,"Mediano",-68.8356157057,-32.8860225202,3,"0",0.0420032310177706
2378,"Fresno europeo","Bajo (2 - 4 mts)",24,"Mediano",-68.8368430917,-32.8862999875,3,"0",0.0420032310177706
2379,"Fresno europeo","Bajo (2 - 4 mts)",28,"Mediano",-68.8368401355,-32.8862284073,3,"0",0.0420032310177706
2381,"Fresno europeo","Bajo (2 - 4 mts)",26,"Mediano",-68.8369591169,-32.8859683369,3,"0",0.0420032310177706
2382,"Fresno europeo","Bajo (2 - 4 mts)",42,"Mediano",-68.8371684017,-32.8859678052,3,"0",0.0420032310177706
2384,"Fresno americano","Bajo (2 - 4 mts)",46,"Mediano",-68.8378219972,-32.8859428273,3,"1",0.0512455516014235
2392,"Fresno europeo","Muy bajo (1 - 2 mts)",3,"Chico",-68.8367603657,-32.8845334134,3,"0",0.0420032310177706
2394,"Morera","Medio (4 - 8 mts)",70,"Grande",-68.831519795,-32.8909439174,3,"1",0.185148665048544
2395,"Fresno europeo","Bajo (2 - 4 mts)",35,"Mediano",-68.8308738511,-32.891202059,3,"0",0.0420032310177706
2397,"Fresno europeo","Medio (4 - 8 mts)",30,"Mediano",-68.8309165703,-32.8902092592,3,"0",0.0420032310177706
2401,"Fresno europeo","Muy bajo (1 - 2 mts)",5,"Chico",-68.8332797796,-32.8886889486,3,"0",0.0420032310177706
2403,"Fresno europeo","Bajo (2 - 4 mts)",30,"Mediano",-68.8331774119,-32.8886911998,3,"0",0.0420032310177706
2405,"Morera","Medio (4 - 8 mts)",88,"Grande",-68.8327737684,-32.8880075761,3,"0",0.185148665048544
2409,"Fresno europeo","Medio (4 - 8 mts)",100,"Grande",-68.8324175714,-32.8877197816,3,"0",0.0420032310177706
2410,"Fresno europeo","Medio (4 - 8 mts)",124,"Grande",-68.8322583177,-32.8877301008,3,"0",0.0420032310177706
2415,"Perenne","Medio (4 - 8 mts)",280,"Grande",-68.8314927638,-32.8884628249,3,"0",0.0364741641337386
2417,"Fresno americano","Medio (4 - 8 mts)",180,"Grande",-68.8314965314,-32.8885292162,3,"0",0.0512455516014235
2419,"Fresno europeo","Bajo (2 - 4 mts)",80,"Grande",-68.83154308,-32.8887512564,3,"0",0.0420032310177706
2425,"Fresno europeo","Medio (4 - 8 mts)",110,"Grande",-68.8325973586,-32.8877159413,3,"0",0.0420032310177706
2427,"Morera","Medio (4 - 8 mts)",100,"Grande",-68.8355895633,-32.8908460598,3,"1",0.185148665048544
2428,"Fresno europeo","Bajo (2 - 4 mts)",20,"Chico",-68.8351252474,-32.8910482678,3,"0",0.0420032310177706
2434,"Fresno europeo","Bajo (2 - 4 mts)",36,"Mediano",-68.8358832525,-32.8909945069,3,"0",0.0420032310177706
2435,"Pltano","Alto (> 8 mts)",290,"Grande",-68.8388835076,-32.8896232622,3,"0",0.0903973509933775
2436,"Pltano","Medio (4 - 8 mts)",33,"Mediano",-68.8384831639,-32.8896502294,3,"0",0.0903973509933775
2438,"Morera","Medio (4 - 8 mts)",65,"Grande",-68.8371018662,-32.8901167844,3,"0",0.185148665048544
2442,"Fresno europeo","Muy bajo (1 - 2 mts)",6,"Chico",-68.8375649367,-32.8908561145,3,"0",0.0420032310177706
2443,"Acacia SP","Medio (4 - 8 mts)",65,"Grande",-68.8378097618,-32.8908294059,3,"0",0.150492264416315
2444,"Fresno europeo","Muy bajo (1 - 2 mts)",4,"Chico",-68.8367230554,-32.8910389262,3,"0",0.0420032310177706
2446,"Morera","Medio (4 - 8 mts)",110,"Grande",-68.8360487357,-32.8910882267,3,"0",0.185148665048544
2447,"Fresno europeo","Muy bajo (1 - 2 mts)",8,"Chico",-68.8357767093,-32.8910990435,3,"0",0.0420032310177706
2448,"Fresno europeo","Medio (4 - 8 mts)",70,"Grande",-68.8357285868,-32.8912382185,3,"0",0.0420032310177706
2449,"Ailanthus","Muy bajo (1 - 2 mts)",15,"Chico",-68.8357330829,-32.8912950084,3,"0",0.0380952380952381
2450,"Fresno europeo","Medio (4 - 8 mts)",120,"Grande",-68.8357335048,-32.8913611958,3,"0",0.0420032310177706
2455,"Ailanthus","Alto (> 8 mts)",160,"Grande",-68.8357995023,-32.8927091745,3,"0",0.0380952380952381
2460,"Morera","Alto (> 8 mts)",155,"Grande",-68.837140995,-32.8927008335,3,"1",0.185148665048544
2467,"Morera","Medio (4 - 8 mts)",70,"Grande",-68.8370465582,-32.8911472986,3,"1",0.185148665048544
2468,"Morera","Medio (4 - 8 mts)",60,"Mediano",-68.8370429744,-32.8911142091,3,"1",0.185148665048544
2469,"Acer","Medio (4 - 8 mts)",115,"Grande",-68.8356155266,-32.8914118466,3,"0",0.0204081632653061
2471,"Fresno americano","Medio (4 - 8 mts)",90,"Grande",-68.8356435277,-32.8919050255,3,"0",0.0512455516014235
2472,"Fresno americano","Medio (4 - 8 mts)",60,"Mediano",-68.8356664577,-32.8922969585,3,"0",0.0512455516014235
2474,"Fresno europeo","Bajo (2 - 4 mts)",28,"Mediano",-68.8356897665,-32.8926818372,3,"0",0.0420032310177706
2475,"Morera","Medio (4 - 8 mts)",30,"Mediano",-68.8355803996,-32.8928262616,3,"0",0.185148665048544
2480,"Morera","Muy bajo (1 - 2 mts)",14,"Chico",-68.835347619,-32.8911437054,3,"0",0.185148665048544
2481,"Fresno europeo","Bajo (2 - 4 mts)",15,"Chico",-68.8355419315,-32.8911313996,3,"0",0.0420032310177706
2483,"Fresno europeo","Muy bajo (1 - 2 mts)",5,"Chico",-68.8378853312,-32.8885065807,3,"0",0.0420032310177706
2485,"Fresno americano","Bajo (2 - 4 mts)",30,"Mediano",-68.8374359089,-32.888515805,3,"0",0.0512455516014235
2489,"Fresno europeo","Bajo (2 - 4 mts)",18,"Chico",-68.8369370069,-32.8877124371,3,"0",0.0420032310177706
2493,"Morera","Alto (> 8 mts)",122,"Grande",-68.8386468697,-32.8882328607,3,"1",0.185148665048544
2500,"Fresno europeo","Medio (4 - 8 mts)",90,"Grande",-68.8368927049,-32.8885192221,3,"0",0.0420032310177706
2501,"Fresno europeo","Alto (> 8 mts)",60,"Mediano",-68.8368843356,-32.8884516889,3,"0",0.0420032310177706
2502,"Paraiso","Alto (> 8 mts)",142,"Grande",-68.8368749269,-32.8882684384,3,"0",0.0859023207481815
2505,"Morera","Bajo (2 - 4 mts)",60,"Mediano",-68.8356865807,-32.8875870568,3,"1",0.185148665048544
2506,"Pltano","Medio (4 - 8 mts)",188,"Grande",-68.8355805676,-32.8877544545,3,"0",0.0903973509933775
2508,"Fresno americano","Alto (> 8 mts)",105,"Grande",-68.8355978567,-32.8882529098,3,"1",0.0512455516014235
2509,"Fresno europeo","Medio (4 - 8 mts)",52,"Mediano",-68.8358605962,-32.8885856609,3,"0",0.0420032310177706
2510,"Fresno europeo","Medio (4 - 8 mts)",55,"Mediano",-68.83614711,-32.8885747086,3,"0",0.0420032310177706
2515,"Pltano","Alto (> 8 mts)",138,"Grande",-68.8354962948,-32.8884660552,3,"0",0.0903973509933775
2516,"Pltano","Alto (> 8 mts)",180,"Grande",-68.8354774478,-32.8881833835,3,"0",0.0903973509933775
2517,"Pltano","Alto (> 8 mts)",160,"Grande",-68.8354738896,-32.8880558733,3,"0",0.0903973509933775
2518,"Pltano","Alto (> 8 mts)",180,"Grande",-68.8354612382,-32.8879755033,3,"0",0.0903973509933775
2523,"Fresno europeo","Alto (> 8 mts)",138,"Grande",-68.8351012443,-32.8876004339,3,"0",0.0420032310177706
2524,"Fresno europeo","Bajo (2 - 4 mts)",28,"Mediano",-68.8347176336,-32.8876194474,3,"0",0.0420032310177706
2529,"Morera","Medio (4 - 8 mts)",60,"Mediano",-68.8342636483,-32.8877673444,3,"1",0.185148665048544
2530,"Fresno americano","Medio (4 - 8 mts)",100,"Grande",-68.8342707097,-32.8879008564,3,"1",0.0512455516014235
2531,"Morera","Alto (> 8 mts)",150,"Grande",-68.8342800995,-32.8880133116,3,"1",0.185148665048544
2533,"Morera","Alto (> 8 mts)",122,"Grande",-68.8343001075,-32.888363703,3,"1",0.185148665048544
2538,"Caducifolio","Bajo (2 - 4 mts)",27,"Mediano",-68.8354672187,-32.8853755052,3,"0",0.0512249443207127
2539,"Morera","Muy bajo (1 - 2 mts)",20,"Chico",-68.8339851061,-32.8849064052,3,"0",0.185148665048544
2543,"Morera","Alto (> 8 mts)",155,"Grande",-68.8340323671,-32.885786284,3,"0",0.185148665048544
2545,"Morera","Bajo (2 - 4 mts)",40,"Mediano",-68.8326668494,-32.8854775384,3,"0",0.185148665048544
2547,"Pltano","Alto (> 8 mts)",190,"Grande",-68.832970202,-32.8849192952,3,"1",0.0903973509933775
2550,"Acacia SP","Alto (> 8 mts)",175,"Grande",-68.8325366292,-32.8853316083,3,"0",0.150492264416315
2552,"Ailanthus","Medio (4 - 8 mts)",15,"Chico",-68.8325460185,-32.8855197436,3,"0",0.0380952380952381
2553,"Morera","Muy bajo (1 - 2 mts)",4,"Chico",-68.8325757184,-32.8860298552,3,"0",0.185148665048544
2554,"Ailanthus","Alto (> 8 mts)",40,"Mediano",-68.8321658879,-32.8860724482,3,"0",0.0380952380952381
2569,"Fresno europeo","Alto (> 8 mts)",190,"Grande",-68.8305433123,-32.8889065105,3,"0",0.0420032310177706
2572,"Acacia SP","Alto (> 8 mts)",180,"Grande",-68.8362377865,-32.8823852246,3,"1",0.150492264416315
2574,"Fresno europeo","Medio (4 - 8 mts)",70,"Grande",-68.8355549987,-32.8824225668,3,"0",0.0420032310177706
2575,"Acacia SP","Alto (> 8 mts)",130,"Grande",-68.8354793342,-32.8824264293,3,"1",0.150492264416315
2579,"Fresno europeo","Alto (> 8 mts)",180,"Grande",-68.8327202956,-32.8895473115,3,"0",0.0420032310177706
2580,"Morera","Muy bajo (1 - 2 mts)",4,"Chico",-68.8327070491,-32.889283292,3,"0",0.185148665048544
2584,"Morera","Alto (> 8 mts)",168,"Grande",-68.8369507611,-32.8894600804,3,"1",0.185148665048544
2588,"Fresno europeo","Muy bajo (1 - 2 mts)",3,"Chico",-68.8362287195,-32.8886824297,3,"1",0.0420032310177706
2589,"Morera","Medio (4 - 8 mts)",70,"Grande",-68.8309389697,-32.8807540125,3,"0",0.185148665048544
2592,"Morera","Medio (4 - 8 mts)",104,"Grande",-68.8309801475,-32.881172522,3,"0",0.185148665048544
2593,"Fresno europeo","Bajo (2 - 4 mts)",40,"Mediano",-68.8309017428,-32.8813142829,3,"0",0.0420032310177706
2601,"Fresno europeo","Medio (4 - 8 mts)",70,"Grande",-68.829972417,-32.8813748819,3,"0",0.0420032310177706
2603,"Pltano","Alto (> 8 mts)",156,"Grande",-68.829713216,-32.8813216576,3,"0",0.0903973509933775
2604,"Pltano","Alto (> 8 mts)",70,"Grande",-68.8297115154,-32.8812749485,3,"0",0.0903973509933775
2605,"Pltano","Alto (> 8 mts)",120,"Grande",-68.8296805842,-32.8812425167,3,"0",0.0903973509933775
2607,"Pltano","Medio (4 - 8 mts)",46,"Mediano",-68.8296669876,-32.8809846303,3,"1",0.0903973509933775
2613,"Braquiquito","Bajo (2 - 4 mts)",32,"Mediano",-68.8296523562,-32.8806566468,3,"0",0
2615,"Braquiquito","Bajo (2 - 4 mts)",30,"Mediano",-68.8296408563,-32.8805413028,4,"0",0
2617,"Braquiquito","Bajo (2 - 4 mts)",30,"Mediano",-68.8296294969,-32.8804111524,4,"0",0
2619,"Fresno europeo","Alto (> 8 mts)",130,"Grande",-68.8297515681,-32.8802734642,4,"1",0.0420032310177706
2628,"Fresno europeo","Bajo (2 - 4 mts)",20,"Chico",-68.832040044,-32.8801040644,3,"0",0.0420032310177706
2631,"Jacarand","Bajo (2 - 4 mts)",50,"Mediano",-68.8324402823,-32.8804986473,3,"0",0.103064066852368
2636,"Paraiso","Medio (4 - 8 mts)",140,"Grande",-68.8349421422,-32.8810069335,1,"1",0.0859023207481815
2640,"Fresno europeo","Bajo (2 - 4 mts)",12,"Chico",-68.8343105265,-32.8810530162,3,"0",0.0420032310177706
2643,"Morera","Muy bajo (1 - 2 mts)",3,"Chico",-68.8340004855,-32.8810793682,3,"0",0.185148665048544
2645,"Caducifolio","Muy bajo (1 - 2 mts)",10,"Chico",-68.8338629966,-32.8807838777,3,"0",0.0512249443207127
2646,"Fresno europeo","Medio (4 - 8 mts)",140,"Grande",-68.8340882241,-32.8799491317,1,"0",0.0420032310177706
2648,"Morera","Bajo (2 - 4 mts)",40,"Mediano",-68.8311249151,-32.8844467345,3,"0",0.185148665048544
2653,"Fresno europeo","Bajo (2 - 4 mts)",40,"Mediano",-68.8311380909,-32.8846900062,3,"0",0.0420032310177706
2654,"Morera","Bajo (2 - 4 mts)",30,"Mediano",-68.8311393948,-32.8847327599,3,"0",0.185148665048544
2660,"Morera","Medio (4 - 8 mts)",180,"Grande",-68.830726534,-32.8849488117,3,"0",0.185148665048544
2661,"Morera","Medio (4 - 8 mts)",110,"Grande",-68.8306670594,-32.8849505255,3,"0",0.185148665048544
2663,"Olmo comun","Bajo (2 - 4 mts)",36,"Mediano",-68.8301906011,-32.8849770647,3,"0",0.0227272727272727
2666,"Fresno europeo","Bajo (2 - 4 mts)",53,"Mediano",-68.8298588737,-32.8845347306,3,"0",0.0420032310177706
2667,"Fresno europeo","Bajo (2 - 4 mts)",40,"Mediano",-68.8298369292,-32.8840625405,3,"0",0.0420032310177706
2668,"Pltano","Muy bajo (1 - 2 mts)",6,"Chico",-68.8300535196,-32.8838495442,3,"0",0.0903973509933775
2669,"Morera","Alto (> 8 mts)",140,"Grande",-68.830286541,-32.8838382252,3,"1",0.185148665048544
2670,"Pltano","Alto (> 8 mts)",232,"Grande",-68.8303381977,-32.883835932,3,"1",0.0903973509933775
2671,"Morera","Medio (4 - 8 mts)",50,"Mediano",-68.8325139833,-32.8847678915,3,"0",0.185148665048544
2673,"Acacia SP","Alto (> 8 mts)",200,"Grande",-68.8325125478,-32.8846981473,3,"0",0.150492264416315
2677,"Pltano","Alto (> 8 mts)",240,"Grande",-68.8326882558,-32.8848162418,3,"0",0.0903973509933775
2678,"Pltano","Alto (> 8 mts)",210,"Grande",-68.8327158788,-32.8848167738,3,"0",0.0903973509933775
2682,"Pltano","Alto (> 8 mts)",165,"Grande",-68.831047535,-32.8828643783,3,"0",0.0903973509933775
2684,"Fresno americano","Alto (> 8 mts)",70,"Grande",-68.8310504061,-32.883007057,3,"0",0.0512455516014235
2686,"Paraiso","Medio (4 - 8 mts)",120,"Grande",-68.8310852924,-32.8836642132,3,"0",0.0859023207481815
2689,"Fresno europeo","Medio (4 - 8 mts)",60,"Mediano",-68.8298128783,-32.8836950529,3,"0",0.0420032310177706
2690,"Fresno europeo","Muy bajo (1 - 2 mts)",15,"Chico",-68.8298129373,-32.8836641691,3,"0",0.0420032310177706
2694,"Caducifolio","Bajo (2 - 4 mts)",23,"Mediano",-68.8297894139,-32.8832986912,3,"0",0.0512249443207127
2698,"Fresno europeo","Medio (4 - 8 mts)",75,"Grande",-68.8297713261,-32.8830733634,3,"0",0.0420032310177706
2701,"Fresno europeo","Medio (4 - 8 mts)",80,"Grande",-68.829764474,-32.8829044987,3,"0",0.0420032310177706
2705,"Morera","Alto (> 8 mts)",95,"Grande",-68.8303005745,-32.8826786392,3,"1",0.185148665048544
2706,"Acer","Medio (4 - 8 mts)",45,"Mediano",-68.8312052718,-32.8834242582,3,"0",0.0204081632653061
2708,"Fresno americano","Alto (> 8 mts)",168,"Grande",-68.8321568561,-32.8825985589,3,"0",0.0512455516014235
2709,"Perenne","Medio (4 - 8 mts)",18,"Chico",-68.8320844992,-32.8826050225,3,"0",0.0364741641337386
2710,"Fresno americano","Alto (> 8 mts)",90,"Grande",-68.8320833575,-32.882588814,3,"0",0.0512455516014235
2716,"Fresno americano","Alto (> 8 mts)",100,"Grande",-68.8316019716,-32.8826279711,3,"1",0.0512455516014235
2717,"Fresno americano","Medio (4 - 8 mts)",60,"Mediano",-68.8315359497,-32.8826297883,3,"0",0.0512455516014235
2718,"Fresno americano","Medio (4 - 8 mts)",105,"Grande",-68.8314825087,-32.8826249725,3,"0",0.0512455516014235
2719,"Fresno americano","Medio (4 - 8 mts)",80,"Grande",-68.8314338644,-32.8826333784,3,"0",0.0512455516014235
2721,"Fresno europeo","Muy bajo (1 - 2 mts)",2,"Chico",-68.8312853032,-32.8826378533,3,"0",0.0420032310177706
2723,"Fresno europeo","Medio (4 - 8 mts)",50,"Mediano",-68.8311674367,-32.8826890709,3,"0",0.0420032310177706
2725,"Fresno europeo","Medio (4 - 8 mts)",35,"Mediano",-68.8311746153,-32.8828449246,3,"0",0.0420032310177706
2727,"Morera","Alto (> 8 mts)",190,"Grande",-68.8311666888,-32.885146246,3,"1",0.185148665048544
2744,"Fresno europeo","Alto (> 8 mts)",200,"Grande",-68.8302442689,-32.885079448,3,"0",0.0420032310177706
2749,"Morera","Medio (4 - 8 mts)",35,"Mediano",-68.8353160802,-32.8843888741,3,"0",0.185148665048544
2753,"Paraiso sombrilla","Medio (4 - 8 mts)",80,"Grande",-68.8360424819,-32.8810297166,1,"0",0.022887323943662
2766,"Morera","Alto (> 8 mts)",120,"Grande",-68.8366424233,-32.8822619279,1,"1",0.185148665048544
2774,"Fresno europeo","Bajo (2 - 4 mts)",50,"Mediano",-68.8297050058,-32.8819313086,3,"0",0.0420032310177706
2777,"Fresno europeo","Bajo (2 - 4 mts)",26,"Mediano",-68.8296733034,-32.8815867982,3,"0",0.0420032310177706
2784,"Morera","Medio (4 - 8 mts)",130,"Grande",-68.8356710918,-32.8798330932,1,"1",0.185148665048544
2786,"Morera","Medio (4 - 8 mts)",180,"Grande",-68.8354423837,-32.8798514071,1,"1",0.185148665048544
2787,"Pltano","Alto (> 8 mts)",140,"Grande",-68.8351735124,-32.8801172165,1,"0",0.0903973509933775
2788,"Pltano","Alto (> 8 mts)",190,"Grande",-68.8351737802,-32.8801463163,1,"1",0.0903973509933775
2789,"Jacarand","Bajo (2 - 4 mts)",28,"Mediano",-68.8351737105,-32.8802491931,1,"1",0.103064066852368
2790,"Pltano","Alto (> 8 mts)",180,"Grande",-68.8351885639,-32.8804023652,1,"1",0.0903973509933775
2793,"Fresno europeo","Muy bajo (1 - 2 mts)",9,"Chico",-68.8352713866,-32.8809824547,1,"0",0.0420032310177706
2794,"Fresno europeo","Medio (4 - 8 mts)",120,"Grande",-68.8353323446,-32.8809809038,1,"0",0.0420032310177706
2797,"Paraiso","Medio (4 - 8 mts)",85,"Grande",-68.828839042,-32.8851628085,3,"0",0.0859023207481815
2799,"Paraiso","Medio (4 - 8 mts)",120,"Grande",-68.8287048378,-32.8851697914,3,"1",0.0859023207481815
2800,"Pltano","Alto (> 8 mts)",300,"Grande",-68.8289735278,-32.8851560431,3,"0",0.0903973509933775
2815,"Acacia SP","Bajo (2 - 4 mts)",30,"Mediano",-68.8328698446,-32.8912985977,3,"0",0.150492264416315
2817,"Fresno europeo","Medio (4 - 8 mts)",120,"Grande",-68.8329378536,-32.8927117069,3,"0",0.0420032310177706
2819,"Fresno europeo","Medio (4 - 8 mts)",100,"Grande",-68.832040663,-32.8926047954,3,"0",0.0420032310177706
2823,"lamo blanco","Medio (4 - 8 mts)",40,"Mediano",-68.8317303576,-32.8920895848,3,"0",0.046875
2832,"Morera","Medio (4 - 8 mts)",40,"Mediano",-68.8345670408,-32.8937096425,3,"0",0.185148665048544
2833,"Pltano","Alto (> 8 mts)",170,"Grande",-68.8343905171,-32.8938474596,3,"1",0.0903973509933775
2836,"Fresno europeo","Alto (> 8 mts)",122,"Grande",-68.8334861136,-32.8940064313,3,"0",0.0420032310177706
2840,"Morera","Alto (> 8 mts)",148,"Grande",-68.8330403878,-32.8934338774,3,"0",0.185148665048544
2841,"Morera","Alto (> 8 mts)",155,"Grande",-68.8330174565,-32.8930372993,3,"1",0.185148665048544
2844,"Fresno europeo","Bajo (2 - 4 mts)",38,"Mediano",-68.8337612569,-32.8928477757,3,"0",0.0420032310177706
2845,"Morera","Muy bajo (1 - 2 mts)",14,"Chico",-68.8339870052,-32.8928334312,3,"0",0.185148665048544
2848,"Morera","Medio (4 - 8 mts)",60,"Mediano",-68.8350795594,-32.8938363326,3,"1",0.185148665048544
2851,"Morera","Alto (> 8 mts)",140,"Grande",-68.8350795511,-32.893726018,3,"1",0.185148665048544
2856,"Acacia SP","Alto (> 8 mts)",158,"Grande",-68.834655509,-32.8934424235,3,"0",0.150492264416315
2858,"Morera","Medio (4 - 8 mts)",18,"Chico",-68.8359034407,-32.8936434979,3,"0",0.185148665048544
2864,"Morera","Medio (4 - 8 mts)",65,"Grande",-68.8354051173,-32.8942081121,3,"0",0.185148665048544
2866,"Morera","Alto (> 8 mts)",105,"Grande",-68.8352533327,-32.8940573767,3,"1",0.185148665048544
2869,"Pltano","Medio (4 - 8 mts)",18,"Chico",-68.8353761703,-32.8930490505,3,"0",0.0903973509933775
2870,"Fresno europeo","Medio (4 - 8 mts)",50,"Mediano",-68.8354433888,-32.8929868294,3,"0",0.0420032310177706
2872,"Morera","Alto (> 8 mts)",100,"Grande",-68.8312362277,-32.8708392839,4,"1",0.185148665048544
2878,"lamo blanco","Alto (> 8 mts)",155,"Grande",-68.8306972797,-32.8708964327,4,"0",0.046875
2880,"Fresno europeo","Bajo (2 - 4 mts)",45,"Mediano",-68.8306168001,-32.8709033587,4,"0",0.0420032310177706
2881,"lamo blanco","Alto (> 8 mts)",190,"Grande",-68.8305435819,-32.8710394803,4,"0",0.046875
2883,"lamo blanco","Alto (> 8 mts)",160,"Grande",-68.8305538035,-32.8711909571,4,"0",0.046875
2890,"Morera","Muy bajo (1 - 2 mts)",16,"Chico",-68.831074897,-32.8718278015,4,"0",0.185148665048544
2891,"Morera","Alto (> 8 mts)",122,"Grande",-68.8313645809,-32.8718096148,4,"0",0.185148665048544
2894,"Fresno europeo","Alto (> 8 mts)",64,"Grande",-68.8317771645,-32.871784784,4,"0",0.0420032310177706
2896,"lamo blanco","Alto (> 8 mts)",140,"Grande",-68.8318843453,-32.8708965855,4,"0",0.046875
2897,"Morera","Alto (> 8 mts)",116,"Grande",-68.8318817342,-32.8708714707,4,"0",0.185148665048544
2898,"Morera","Alto (> 8 mts)",135,"Grande",-68.832111427,-32.8730498488,4,"0",0.185148665048544
2899,"Acer","Medio (4 - 8 mts)",52,"Mediano",-68.8321125722,-32.8731792542,4,"0",0.0204081632653061
2905,"Fresno europeo","Medio (4 - 8 mts)",180,"Grande",-68.8220715502,-32.8731007189,4,"0",0.0420032310177706
2913,"Aguaribay","Bajo (2 - 4 mts)",40,"Mediano",-68.8206207402,-32.8732439448,4,"0",0.106529209621993
2918,"Morera","Medio (4 - 8 mts)",210,"Grande",-68.8202195891,-32.8725035122,4,"0",0.185148665048544
2920,"Conifera","Medio (4 - 8 mts)",44,"Mediano",-68.8202939303,-32.8723275715,4,"0",0.021505376344086
2923,"Paraiso","Bajo (2 - 4 mts)",58,"Mediano",-68.8218006916,-32.87228847,4,"0",0.0859023207481815
2927,"Pltano","Alto (> 8 mts)",150,"Grande",-68.8334363495,-32.8718160686,4,"0",0.0903973509933775
2930,"Jacarand","Bajo (2 - 4 mts)",10,"Chico",-68.8292122461,-32.8738624446,4,"0",0.103064066852368
2931,"Morera","Alto (> 8 mts)",74,"Grande",-68.8292242603,-32.8739295452,4,"1",0.185148665048544
2935,"Fresno europeo","Alto (> 8 mts)",100,"Grande",-68.828394228,-32.8741494793,4,"0",0.0420032310177706
2937,"Morera","Alto (> 8 mts)",115,"Grande",-68.8277440025,-32.8735339777,4,"1",0.185148665048544
2938,"Morera","Alto (> 8 mts)",100,"Grande",-68.8277380874,-32.8734487235,4,"1",0.185148665048544
2941,"Paraiso","Alto (> 8 mts)",118,"Grande",-68.8284814797,-32.8731677051,4,"1",0.0859023207481815
2942,"Morera","Alto (> 8 mts)",140,"Grande",-68.8290692832,-32.8731254322,4,"1",0.185148665048544
2943,"Fresno europeo","Muy bajo (1 - 2 mts)",8,"Chico",-68.8306625452,-32.87321782,4,"0",0.0420032310177706
2951,"Fresno europeo","Alto (> 8 mts)",112,"Grande",-68.8320067164,-32.873350946,4,"0",0.0420032310177706
2956,"Prunas","Muy bajo (1 - 2 mts)",10,"Chico",-68.8259641378,-32.8713817554,4,"0",0.0321782178217822
2957,"Jacarand","Alto (> 8 mts)",110,"Grande",-68.8259622861,-32.8713653366,4,"0",0.103064066852368
2958,"Prunas","Muy bajo (1 - 2 mts)",12,"Chico",-68.8259592,-32.8713151521,4,"0",0.0321782178217822
2963,"Morera","Alto (> 8 mts)",150,"Grande",-68.8260151821,-32.871245135,4,"1",0.185148665048544
2965,"Caducifolio","Muy bajo (1 - 2 mts)",3,"Chico",-68.8261722914,-32.8712402787,4,"0",0.0512249443207127
2968,"Fresno europeo","Medio (4 - 8 mts)",118,"Grande",-68.8245152697,-32.8714248854,4,"0",0.0420032310177706
2969,"Paraiso","Alto (> 8 mts)",190,"Grande",-68.8245348746,-32.8715838905,4,"0",0.0859023207481815
2971,"Fresno europeo","Alto (> 8 mts)",123,"Grande",-68.8245661456,-32.8719310667,4,"1",0.0420032310177706
2974,"Morera","Alto (> 8 mts)",145,"Grande",-68.8258814209,-32.8719091402,4,"1",0.185148665048544
2975,"Conifera","Muy bajo (1 - 2 mts)",28,"Mediano",-68.8258916602,-32.8719786859,4,"0",0.021505376344086
2977,"Ailanthus","Medio (4 - 8 mts)",65,"Grande",-68.8252349812,-32.8721009992,4,"0",0.0380952380952381
2979,"Paraiso","Alto (> 8 mts)",150,"Grande",-68.824956018,-32.8721021294,4,"1",0.0859023207481815
2980,"Paraiso","Medio (4 - 8 mts)",65,"Grande",-68.8248455645,-32.8721049288,4,"0",0.0859023207481815
2982,"Paraiso","Medio (4 - 8 mts)",59,"Mediano",-68.8247104988,-32.8719915897,4,"1",0.0859023207481815
2983,"Prunas","Bajo (2 - 4 mts)",35,"Mediano",-68.8247086965,-32.8719741114,4,"0",0.0321782178217822
2984,"Paraiso","Medio (4 - 8 mts)",120,"Grande",-68.8247070857,-32.8719575234,4,"0",0.0859023207481815
2986,"Fresno europeo","Bajo (2 - 4 mts)",18,"Chico",-68.8247032272,-32.8719190382,4,"0",0.0420032310177706
2988,"Fresno europeo","Muy bajo (1 - 2 mts)",10,"Chico",-68.8246998358,-32.8718853272,4,"0",0.0420032310177706
2989,"Tilo","Bajo (2 - 4 mts)",28,"Mediano",-68.8246881049,-32.8717782518,4,"0",0
2990,"Paraiso","Alto (> 8 mts)",138,"Grande",-68.8246785868,-32.8716837022,4,"0",0.0859023207481815
2991,"Fresno europeo","Bajo (2 - 4 mts)",30,"Mediano",-68.8246694813,-32.8715928338,4,"0",0.0420032310177706
2992,"Fresno europeo","Muy bajo (1 - 2 mts)",15,"Chico",-68.8246603682,-32.8714700663,4,"0",0.0420032310177706
2994,"Fresno europeo","Medio (4 - 8 mts)",52,"Mediano",-68.8246503773,-32.8713285756,4,"0",0.0420032310177706
2997,"Fresno europeo","Medio (4 - 8 mts)",58,"Mediano",-68.8250955454,-32.8712602778,4,"0",0.0420032310177706
3000,"Caducifolio","Bajo (2 - 4 mts)",50,"Mediano",-68.8257125993,-32.8712543457,4,"0",0.0512249443207127
3001,"Morera","Alto (> 8 mts)",190,"Grande",-68.830612836,-32.8722845681,4,"1",0.185148665048544
3002,"Perenne","Muy bajo (1 - 2 mts)",100,"Grande",-68.8306290284,-32.8725857315,4,"0",0.0364741641337386
3004,"Fresno europeo","Medio (4 - 8 mts)",44,"Mediano",-68.8306357075,-32.8727319835,4,"0",0.0420032310177706
3009,"Jacarand","Medio (4 - 8 mts)",40,"Mediano",-68.8246624066,-32.8728702525,4,"0",0.103064066852368
3010,"Morera","Medio (4 - 8 mts)",130,"Grande",-68.8241854753,-32.8733388804,4,"0",0.185148665048544
3015,"Braquiquito","Bajo (2 - 4 mts)",40,"Mediano",-68.8241818457,-32.872236571,4,"0",0
3018,"Morera","Medio (4 - 8 mts)",78,"Grande",-68.8291526109,-32.8721372103,4,"0",0.185148665048544
3019,"Perenne","Muy bajo (1 - 2 mts)",180,"Grande",-68.8291519842,-32.8721542181,4,"0",0.0364741641337386
3021,"Morera","Alto (> 8 mts)",200,"Grande",-68.8291559498,-32.8722949789,4,"0",0.185148665048544
3025,"Morera","Medio (4 - 8 mts)",90,"Grande",-68.8290567775,-32.8730267193,4,"0",0.185148665048544
3026,"Morera","Medio (4 - 8 mts)",81,"Grande",-68.8286965127,-32.8730500835,4,"0",0.185148665048544
3027,"Morera","Medio (4 - 8 mts)",120,"Grande",-68.8285426699,-32.8730616516,4,"0",0.185148665048544
3028,"Morera","Medio (4 - 8 mts)",123,"Grande",-68.8284683774,-32.8730689571,4,"0",0.185148665048544
3030,"Ligustro","Muy bajo (1 - 2 mts)",30,"Mediano",-68.8282565539,-32.8730834876,4,"0",0.0138888888888889
3031,"Morera","Medio (4 - 8 mts)",90,"Grande",-68.8279094596,-32.8731050435,4,"0",0.185148665048544
3033,"Fresno europeo","Muy bajo (1 - 2 mts)",10,"Chico",-68.8276869815,-32.8726716447,4,"0",0.0420032310177706
3035,"Pltano","Alto (> 8 mts)",340,"Grande",-68.8276568887,-32.8722210269,4,"0",0.0903973509933775
3037,"Fresno europeo","Bajo (2 - 4 mts)",55,"Mediano",-68.8277578221,-32.8721102675,4,"0",0.0420032310177706
3038,"Morera","Alto (> 8 mts)",307,"Grande",-68.8278946755,-32.8721034307,4,"0",0.185148665048544
3041,"Morera","Medio (4 - 8 mts)",62,"Grande",-68.8289993406,-32.8720534545,4,"0",0.185148665048544
3049,"Morera","Alto (> 8 mts)",105,"Grande",-68.8268130879,-32.8731851147,4,"0",0.185148665048544
3053,"Paraiso sombrilla","Alto (> 8 mts)",140,"Grande",-68.8260790707,-32.8725528179,4,"0",0.022887323943662
3054,"Morera","Alto (> 8 mts)",95,"Grande",-68.8260562045,-32.8723229272,4,"0",0.185148665048544
3057,"Morera","Alto (> 8 mts)",90,"Grande",-68.8268452683,-32.8721606621,4,"1",0.185148665048544
3060,"Jacarand","Muy bajo (1 - 2 mts)",23,"Mediano",-68.8291181639,-32.8712761926,4,"0",0.103064066852368
3065,"Morera","Bajo (2 - 4 mts)",37,"Mediano",-68.8282665638,-32.8719810671,4,"0",0.185148665048544
3067,"Morera","Bajo (2 - 4 mts)",36,"Mediano",-68.8279902734,-32.8719965826,4,"0",0.185148665048544
3069,"Morera","Bajo (2 - 4 mts)",66,"Grande",-68.8276319622,-32.8718533575,4,"0",0.185148665048544
3070,"Morera","Medio (4 - 8 mts)",127,"Grande",-68.8277027131,-32.8711906694,4,"0",0.185148665048544
3073,"Morera","Bajo (2 - 4 mts)",68,"Grande",-68.8280659328,-32.871158847,4,"1",0.185148665048544
3077,"Caducifolio","Bajo (2 - 4 mts)",15,"Chico",-68.8341931587,-32.8712455605,4,"0",0.0512249443207127
3082,"Fresno europeo","Bajo (2 - 4 mts)",6,"Chico",-68.8333917509,-32.8709516696,4,"0",0.0420032310177706
3094,"Fresno americano","Medio (4 - 8 mts)",23,"Mediano",-68.8292372782,-32.8713649701,4,"0",0.0512455516014235
3095,"Ailanthus","Alto (> 8 mts)",55,"Mediano",-68.8292430135,-32.8713317541,4,"1",0.0380952380952381
3096,"Perenne","Medio (4 - 8 mts)",280,"Grande",-68.8292430554,-32.8713098701,4,"1",0.0364741641337386
3097,"Ailanthus","Medio (4 - 8 mts)",25,"Mediano",-68.8292401421,-32.8712689121,4,"1",0.0380952380952381
3100,"Paraiso","Medio (4 - 8 mts)",100,"Grande",-68.8231608522,-32.8716288302,4,"0",0.0859023207481815
3102,"Acer","Bajo (2 - 4 mts)",32,"Mediano",-68.82320747,-32.8719874826,4,"0",0.0204081632653061
3104,"Fresno europeo","Bajo (2 - 4 mts)",12,"Chico",-68.8220172843,-32.8717181496,4,"0",0.0420032310177706
3106,"Fresno europeo","Bajo (2 - 4 mts)",30,"Mediano",-68.8220385112,-32.8713218484,4,"0",0.0420032310177706
3108,"Paraiso","Muy bajo (1 - 2 mts)",15,"Chico",-68.8222921501,-32.8713075691,4,"0",0.0859023207481815
3109,"Morera","Alto (> 8 mts)",180,"Grande",-68.8225898775,-32.8713029558,4,"1",0.185148665048544
3111,"Fresno europeo","Medio (4 - 8 mts)",25,"Mediano",-68.8304887752,-32.8722310928,4,"0",0.0420032310177706
3112,"Ailanthus","Medio (4 - 8 mts)",25,"Mediano",-68.8305022248,-32.8724556437,4,"0",0.0380952380952381
3115,"Fresno americano","Medio (4 - 8 mts)",25,"Mediano",-68.8304126021,-32.8729359104,4,"0",0.0512455516014235
3116,"Acer","Alto (> 8 mts)",150,"Grande",-68.8301835451,-32.8729464704,4,"0",0.0204081632653061
3119,"Fresno europeo","Alto (> 8 mts)",52,"Mediano",-68.8296264947,-32.8729818511,4,"0",0.0420032310177706
3120,"Fresno europeo","Medio (4 - 8 mts)",44,"Mediano",-68.8292861893,-32.8725212167,4,"0",0.0420032310177706
3123,"Morera","Medio (4 - 8 mts)",38,"Mediano",-68.8293398791,-32.8720198021,4,"0",0.185148665048544
3124,"Morera","Alto (> 8 mts)",95,"Grande",-68.82940254,-32.872017517,4,"0",0.185148665048544
3129,"Morera","Medio (4 - 8 mts)",140,"Grande",-68.825939225,-32.8725069471,4,"0",0.185148665048544
3133,"Morera","Medio (4 - 8 mts)",123,"Grande",-68.8256552572,-32.8732524678,4,"0",0.185148665048544
3136,"Caducifolio","Bajo (2 - 4 mts)",35,"Mediano",-68.8249661808,-32.873294593,4,"0",0.0512249443207127
3137,"Morera","Medio (4 - 8 mts)",207,"Grande",-68.8248076288,-32.8730379519,4,"0",0.185148665048544
3138,"Morera","Alto (> 8 mts)",190,"Grande",-68.8247943939,-32.8729006018,4,"0",0.185148665048544
3139,"Morera","Medio (4 - 8 mts)",122,"Grande",-68.8247834019,-32.8728180652,4,"1",0.185148665048544
3141,"Morera","Medio (4 - 8 mts)",123,"Grande",-68.8247659283,-32.8726024629,4,"0",0.185148665048544
3143,"Morera","Bajo (2 - 4 mts)",45,"Mediano",-68.824761872,-32.8722185629,4,"0",0.185148665048544
3147,"Paraiso","Muy bajo (1 - 2 mts)",8,"Chico",-68.8333552662,-32.872484572,4,"0",0.0859023207481815
3149,"Fresno americano","Bajo (2 - 4 mts)",38,"Mediano",-68.8320839368,-32.8724054389,4,"0",0.0512455516014235
3150,"Morera","Bajo (2 - 4 mts)",76,"Grande",-68.8320766447,-32.8722374138,4,"0",0.185148665048544
3152,"Morera","Alto (> 8 mts)",160,"Grande",-68.8252510487,-32.874285002,4,"0",0.185148665048544
3167,"Morera","Medio (4 - 8 mts)",43,"Mediano",-68.832180424,-32.8747551703,4,"0",0.185148665048544
3178,"Pltano","Bajo (2 - 4 mts)",8,"Chico",-68.8320852386,-32.8750597996,4,"0",0.0903973509933775
3179,"Caducifolio","Muy bajo (1 - 2 mts)",2,"Chico",-68.8310451534,-32.8752910089,4,"0",0.0512249443207127
3180,"Morera","Bajo (2 - 4 mts)",12,"Chico",-68.8307400257,-32.8749359928,4,"0",0.185148665048544
3182,"Fresno europeo","Medio (4 - 8 mts)",50,"Mediano",-68.830732211,-32.8746955286,4,"0",0.0420032310177706
3183,"Fresno americano","Alto (> 8 mts)",130,"Grande",-68.830725736,-32.8745255371,4,"0",0.0512455516014235
3184,"Caducifolio","Medio (4 - 8 mts)",35,"Mediano",-68.8312061661,-32.8740622415,4,"0",0.0512249443207127
3185,"Prunas","Bajo (2 - 4 mts)",37,"Mediano",-68.8293645498,-32.8747938918,4,"0",0.0321782178217822
3187,"Morera","Medio (4 - 8 mts)",86,"Grande",-68.8301599167,-32.8753389181,4,"0",0.185148665048544
3188,"Acacia SP","Bajo (2 - 4 mts)",72,"Grande",-68.829251093,-32.8746025266,4,"0",0.150492264416315
3190,"Morera","Medio (4 - 8 mts)",96,"Grande",-68.8291977077,-32.8753881163,4,"0",0.185148665048544
3191,"Paraiso","Medio (4 - 8 mts)",223,"Grande",-68.8290180038,-32.8753948697,4,"0",0.0859023207481815
3193,"Ailanthus","Alto (> 8 mts)",130,"Grande",-68.8278677498,-32.8753405548,4,"0",0.0380952380952381
3195,"Olmo comun","Medio (4 - 8 mts)",107,"Grande",-68.8278193547,-32.8742998745,4,"0",0.0227272727272727
3197,"Acer","Medio (4 - 8 mts)",60,"Mediano",-68.8269410992,-32.8743457345,4,"0",0.0204081632653061
3199,"Fresno europeo","Alto (> 8 mts)",8,"Chico",-68.8265155335,-32.8743772173,4,"0",0.0420032310177706
3200,"Morera","Medio (4 - 8 mts)",50,"Mediano",-68.8262725226,-32.8745915381,4,"0",0.185148665048544
3203,"Morera","Alto (> 8 mts)",46,"Mediano",-68.8273680567,-32.8754534029,4,"0",0.185148665048544
3204,"Morera","Medio (4 - 8 mts)",44,"Mediano",-68.8274390359,-32.8754520338,4,"0",0.185148665048544
3206,"Morera","Medio (4 - 8 mts)",20,"Chico",-68.8276326046,-32.8754513322,4,"0",0.185148665048544
3207,"Fresno americano","Alto (> 8 mts)",60,"Mediano",-68.8276768346,-32.874354191,4,"0",0.0512455516014235
3210,"Ailanthus","Medio (4 - 8 mts)",52,"Mediano",-68.8332037628,-32.8763839369,4,"0",0.0380952380952381
3212,"Prunas","Bajo (2 - 4 mts)",50,"Mediano",-68.8323193484,-32.8753218311,4,"0",0.0321782178217822
3217,"Fresno europeo","Muy bajo (1 - 2 mts)",16,"Chico",-68.8242977695,-32.8744193733,4,"0",0.0420032310177706
3219,"Fresno europeo","Medio (4 - 8 mts)",45,"Mediano",-68.8242044718,-32.8734568098,4,"0",0.0420032310177706
3220,"Acer","Medio (4 - 8 mts)",88,"Grande",-68.8198286925,-32.8716068151,4,"0",0.0204081632653061
3224,"Paraiso","Medio (4 - 8 mts)",88,"Grande",-68.8206250393,-32.8718677664,4,"0",0.0859023207481815
3225,"Paraiso","Medio (4 - 8 mts)",105,"Grande",-68.820619096,-32.8718174677,4,"0",0.0859023207481815
3228,"Morera","Alto (> 8 mts)",66,"Grande",-68.8219197427,-32.8720226543,4,"0",0.185148665048544
3229,"Morera","Alto (> 8 mts)",108,"Grande",-68.8219268639,-32.8720885864,4,"0",0.185148665048544
3230,"Fresno europeo","Medio (4 - 8 mts)",53,"Mediano",-68.8219090888,-32.8718546699,4,"0",0.0420032310177706
3233,"Paraiso","Medio (4 - 8 mts)",111,"Grande",-68.8218873821,-32.8717018334,4,"1",0.0859023207481815
3234,"Morera","Alto (> 8 mts)",150,"Grande",-68.821845438,-32.8714425611,4,"0",0.185148665048544
3237,"Ligustro","Medio (4 - 8 mts)",60,"Mediano",-68.8343337564,-32.8737196882,4,"0",0.0138888888888889
3238,"Morera","Alto (> 8 mts)",75,"Grande",-68.8338831188,-32.8737592123,4,"0",0.185148665048544
3239,"Fresno europeo","Muy bajo (1 - 2 mts)",3,"Chico",-68.8272006094,-32.8672846635,4,"0",0.0420032310177706
3242,"Paraiso sombrilla","Medio (4 - 8 mts)",55,"Mediano",-68.8272263729,-32.867659436,4,"0",0.022887323943662
3243,"Paraiso sombrilla","Medio (4 - 8 mts)",80,"Grande",-68.8270953741,-32.867728406,4,"0",0.022887323943662
3247,"Tilo","Medio (4 - 8 mts)",50,"Mediano",-68.8254812028,-32.8666056036,4,"0",0
3252,"Paraiso","Medio (4 - 8 mts)",94,"Grande",-68.8226340793,-32.8722732725,4,"0",0.0859023207481815
3253,"Paraiso sombrilla","Alto (> 8 mts)",88,"Grande",-68.8225725028,-32.8722738506,4,"0",0.022887323943662
3255,"Prunas","Bajo (2 - 4 mts)",15,"Chico",-68.8226999102,-32.8727346164,4,"0",0.0321782178217822
3256,"Morera","Medio (4 - 8 mts)",24,"Mediano",-68.8227208303,-32.8727343133,4,"0",0.185148665048544
3260,"Fresno europeo","Muy bajo (1 - 2 mts)",4,"Chico",-68.8334532265,-32.8775852111,4,"0",0.0420032310177706
3263,"Morera","Alto (> 8 mts)",35,"Mediano",-68.8334773411,-32.8764821893,4,"0",0.185148665048544
3264,"Morera","Alto (> 8 mts)",112,"Grande",-68.8339276383,-32.8788286806,1,"1",0.185148665048544
3265,"Fresno europeo","Alto (> 8 mts)",135,"Grande",-68.8342443565,-32.8788035386,1,"1",0.0420032310177706
3266,"Fresno europeo","Medio (4 - 8 mts)",68,"Grande",-68.8344569092,-32.8787932955,1,"0",0.0420032310177706
3270,"Fresno europeo","Medio (4 - 8 mts)",53,"Mediano",-68.8324065726,-32.879707245,4,"1",0.0420032310177706
3276,"Morera","Medio (4 - 8 mts)",50,"Mediano",-68.829208737,-32.8778045059,4,"0",0.185148665048544
3279,"Morera","Alto (> 8 mts)",140,"Grande",-68.8280327199,-32.8777930544,4,"1",0.185148665048544
3280,"Morera","Alto (> 8 mts)",70,"Grande",-68.8280280006,-32.8777307391,4,"0",0.185148665048544
3282,"Paraiso","Alto (> 8 mts)",115,"Grande",-68.8280075557,-32.8774169065,4,"0",0.0859023207481815
3283,"Fresno europeo","Muy bajo (1 - 2 mts)",10,"Chico",-68.8280072545,-32.877386941,4,"0",0.0420032310177706
3285,"Morera","Medio (4 - 8 mts)",75,"Grande",-68.8279766314,-32.8769813084,4,"0",0.185148665048544
3286,"Morera","Medio (4 - 8 mts)",52,"Mediano",-68.827974646,-32.8769531016,4,"0",0.185148665048544
3287,"Morera","Alto (> 8 mts)",77,"Grande",-68.8280378442,-32.8767750455,4,"0",0.185148665048544
3288,"Morera","Bajo (2 - 4 mts)",46,"Mediano",-68.8283535645,-32.876755778,4,"0",0.185148665048544
3289,"Morera","Medio (4 - 8 mts)",38,"Mediano",-68.8290171884,-32.8767241403,4,"0",0.185148665048544
3291,"Morera","Medio (4 - 8 mts)",25,"Mediano",-68.8292427458,-32.8767165406,4,"0",0.185148665048544
3292,"Morera","Alto (> 8 mts)",110,"Grande",-68.8293088271,-32.8767131908,4,"0",0.185148665048544
3293,"Morera","Alto (> 8 mts)",92,"Grande",-68.8293307945,-32.8767445213,4,"0",0.185148665048544
3294,"Morera","Bajo (2 - 4 mts)",20,"Chico",-68.829334725,-32.8768219172,4,"1",0.185148665048544
3295,"Ailanthus","Medio (4 - 8 mts)",50,"Mediano",-68.8232398361,-32.872829749,4,"0",0.0380952380952381
3296,"Fresno europeo","Muy bajo (1 - 2 mts)",12,"Chico",-68.8224800691,-32.87341415,4,"0",0.0420032310177706
3298,"Morera","Medio (4 - 8 mts)",50,"Mediano",-68.8225687519,-32.8734103038,4,"1",0.185148665048544
3302,"Paraiso","Medio (4 - 8 mts)",53,"Mediano",-68.8230226651,-32.8733898328,4,"0",0.0859023207481815
3304,"Fresno americano","Medio (4 - 8 mts)",35,"Mediano",-68.8232797107,-32.8733772461,4,"0",0.0512455516014235
3307,"Morera","Muy bajo (1 - 2 mts)",3,"Chico",-68.8292954766,-32.8760691283,4,"0",0.185148665048544
3310,"Morera","Medio (4 - 8 mts)",53,"Mediano",-68.8291954979,-32.8766056508,4,"0",0.185148665048544
3311,"Morera","Medio (4 - 8 mts)",53,"Mediano",-68.8279641989,-32.876659165,4,"0",0.185148665048544
3316,"Morera","Medio (4 - 8 mts)",70,"Grande",-68.8308824388,-32.8770523948,4,"0",0.185148665048544
3318,"Fresno europeo","Bajo (2 - 4 mts)",66,"Grande",-68.8333466977,-32.8776863086,4,"0",0.0420032310177706
3319,"Morera","Alto (> 8 mts)",134,"Grande",-68.8355785573,-32.8786035223,1,"1",0.185148665048544
3323,"Fresno europeo","Bajo (2 - 4 mts)",16,"Chico",-68.8354810457,-32.8786124588,1,"0",0.0420032310177706
3326,"Ailanthus","Bajo (2 - 4 mts)",70,"Grande",-68.8309787946,-32.8790763326,4,"0",0.0380952380952381
3328,"Morera","Alto (> 8 mts)",80,"Grande",-68.830871405,-32.8793891371,4,"0",0.185148665048544
3330,"Morera","Alto (> 8 mts)",128,"Grande",-68.8308992521,-32.8798104582,4,"0",0.185148665048544
3332,"Morera","Alto (> 8 mts)",105,"Grande",-68.8308460175,-32.8800854638,4,"0",0.185148665048544
3333,"Pltano","Alto (> 8 mts)",118,"Grande",-68.8302605399,-32.8801283937,4,"0",0.0903973509933775
3339,"Pltano","Alto (> 8 mts)",180,"Grande",-68.8295713277,-32.8794218738,4,"0",0.0903973509933775
3342,"Morera","Medio (4 - 8 mts)",145,"Grande",-68.8302243365,-32.8790712469,4,"1",0.185148665048544
3345,"Acer","Medio (4 - 8 mts)",95,"Grande",-68.8262294983,-32.8756686133,4,"0",0.0204081632653061
3346,"Acer","Alto (> 8 mts)",115,"Grande",-68.8262416184,-32.8757346043,4,"0",0.0204081632653061
3347,"Acer","Medio (4 - 8 mts)",95,"Grande",-68.8262501485,-32.875777415,4,"0",0.0204081632653061
3350,"Acer","Medio (4 - 8 mts)",75,"Grande",-68.8263076785,-32.8760366488,4,"0",0.0204081632653061
3353,"Fresno americano","Medio (4 - 8 mts)",33,"Mediano",-68.8259250895,-32.8756159089,4,"1",0.0512455516014235
3357,"Morera","Alto (> 8 mts)",215,"Grande",-68.826120972,-32.8762769755,4,"0",0.185148665048544
3359,"Morera","Alto (> 8 mts)",138,"Grande",-68.8351222772,-32.8794907691,1,"1",0.185148665048544
3360,"Pltano","Alto (> 8 mts)",170,"Grande",-68.8351016769,-32.8790762978,1,"0",0.0903973509933775
3361,"Fresno europeo","Medio (4 - 8 mts)",85,"Grande",-68.835530763,-32.8787177815,1,"0",0.0420032310177706
3362,"Fresno europeo","Alto (> 8 mts)",105,"Grande",-68.8356292953,-32.8787093738,1,"0",0.0420032310177706
3363,"Fresno europeo","Medio (4 - 8 mts)",45,"Mediano",-68.8358216808,-32.8786958351,1,"0",0.0420032310177706
3366,"Ailanthus","Alto (> 8 mts)",115,"Grande",-68.8321320878,-32.8761184541,4,"0",0.0380952380952381
3367,"Acacia SP","Alto (> 8 mts)",200,"Grande",-68.8321445738,-32.8762869072,4,"1",0.150492264416315
3371,"Pltano","Alto (> 8 mts)",200,"Grande",-68.8315740458,-32.8764663563,4,"0",0.0903973509933775
3375,"Paraiso sombrilla","Bajo (2 - 4 mts)",33,"Mediano",-68.8346814081,-32.8753534939,4,"0",0.022887323943662
3378,"Fresno europeo","Alto (> 8 mts)",168,"Grande",-68.8294015699,-32.8758364252,4,"0",0.0420032310177706
3379,"Caducifolio","Muy bajo (1 - 2 mts)",8,"Chico",-68.8294020701,-32.8758676055,4,"0",0.0512249443207127
3383,"Morera","Alto (> 8 mts)",200,"Grande",-68.8307150239,-32.8763813933,4,"0",0.185148665048544
3388,"Morera","Alto (> 8 mts)",200,"Grande",-68.8324193626,-32.8683031055,4,"0",0.185148665048544
3389,"Morera","Alto (> 8 mts)",144,"Grande",-68.8322745513,-32.8683154865,4,"0",0.185148665048544
3392,"Perenne","Medio (4 - 8 mts)",42,"Mediano",-68.8319131545,-32.8682669754,4,"1",0.0364741641337386
3396,"Perenne","Bajo (2 - 4 mts)",40,"Mediano",-68.8319066754,-32.8681536444,4,"0",0.0364741641337386
3399,"Morera","Alto (> 8 mts)",220,"Grande",-68.8318425258,-32.866832903,4,"0",0.185148665048544
3405,"Morera","Alto (> 8 mts)",145,"Grande",-68.8323422494,-32.8672196081,4,"0",0.185148665048544
3406,"Morera","Alto (> 8 mts)",160,"Grande",-68.8323158981,-32.8671355989,4,"0",0.185148665048544
3409,"Olmo bola","Alto (> 8 mts)",120,"Grande",-68.8332206608,-32.8675789263,4,"0",0.0231481481481481
3411,"Morera","Alto (> 8 mts)",110,"Grande",-68.8333078751,-32.868229259,4,"0",0.185148665048544
3415,"Perenne","Medio (4 - 8 mts)",145,"Grande",-68.8324797816,-32.86715103,4,"0",0.0364741641337386
3419,"Prunas","Muy bajo (1 - 2 mts)",5,"Chico",-68.8317382895,-32.8676744226,4,"0",0.0321782178217822
3425,"Ailanthus","Muy bajo (1 - 2 mts)",15,"Chico",-68.8308040654,-32.8668197546,4,"0",0.0380952380952381
3427,"Morera","Alto (> 8 mts)",110,"Grande",-68.8312230613,-32.8668078601,4,"1",0.185148665048544
3432,"Fresno europeo","Alto (> 8 mts)",123,"Grande",-68.8290682263,-32.8677131599,4,"0",0.0420032310177706
3434,"Morera","Alto (> 8 mts)",120,"Grande",-68.829053863,-32.8673116067,4,"0",0.185148665048544
3441,"Morera","Medio (4 - 8 mts)",169,"Grande",-68.8278511768,-32.8665177143,4,"0",0.185148665048544
3443,"Morera","Medio (4 - 8 mts)",105,"Grande",-68.8288904845,-32.8668219463,4,"1",0.185148665048544
3446,"Fresno americano","Alto (> 8 mts)",180,"Grande",-68.8289107556,-32.8672824604,4,"0",0.0512455516014235
3449,"Morera","Alto (> 8 mts)",140,"Grande",-68.828965625,-32.8682898841,4,"1",0.185148665048544
3455,"Paraiso","Medio (4 - 8 mts)",86,"Grande",-68.8274053225,-32.8685222024,4,"0",0.0859023207481815
3457,"Olmo comun","Medio (4 - 8 mts)",96,"Grande",-68.827384611,-32.8681187008,4,"0",0.0227272727272727
3460,"Morera","Medio (4 - 8 mts)",85,"Grande",-68.8273269262,-32.8672219717,4,"0",0.185148665048544
3461,"Morera","Medio (4 - 8 mts)",100,"Grande",-68.8273186794,-32.8670331167,4,"0",0.185148665048544
3462,"Morera","Medio (4 - 8 mts)",170,"Grande",-68.8273065136,-32.8669125686,4,"0",0.185148665048544
3466,"Morera","Bajo (2 - 4 mts)",40,"Mediano",-68.8272893735,-32.8666628693,4,"0",0.185148665048544
3468,"Morera","Alto (> 8 mts)",74,"Grande",-68.8250086716,-32.8665293338,4,"0",0.185148665048544
3469,"Fresno europeo","Alto (> 8 mts)",160,"Grande",-68.8247849981,-32.8671197262,4,"0",0.0420032310177706
3470,"Fresno europeo","Medio (4 - 8 mts)",63,"Grande",-68.8246764683,-32.8671248941,4,"0",0.0420032310177706
3478,"Morera","Medio (4 - 8 mts)",65,"Grande",-68.8234045135,-32.8671904067,4,"1",0.185148665048544
3481,"Morera","Medio (4 - 8 mts)",75,"Grande",-68.8236001407,-32.8671851931,4,"0",0.185148665048544
3482,"Morera","Medio (4 - 8 mts)",90,"Grande",-68.8236898174,-32.8671828796,4,"0",0.185148665048544
3485,"Morera","Alto (> 8 mts)",110,"Grande",-68.8254201477,-32.867380881,4,"0",0.185148665048544
3494,"Eucalyptus","Alto (> 8 mts)",280,"Grande",-68.8239467103,-32.8678732936,4,"0",0.0909090909090909
3495,"Paraiso","Medio (4 - 8 mts)",120,"Grande",-68.8240945459,-32.8676308629,4,"0",0.0859023207481815
3496,"Fresno americano","Alto (> 8 mts)",60,"Mediano",-68.8229348302,-32.868041183,4,"0",0.0512455516014235
3500,"Morera","Alto (> 8 mts)",170,"Grande",-68.8241479368,-32.8681814205,4,"0",0.185148665048544
3501,"Morera","Alto (> 8 mts)",145,"Grande",-68.8241563315,-32.8682470648,4,"1",0.185148665048544
3502,"Fresno europeo","Medio (4 - 8 mts)",102,"Grande",-68.8241867908,-32.8684606749,4,"0",0.0420032310177706
3503,"Fresno europeo","Medio (4 - 8 mts)",50,"Mediano",-68.8241936421,-32.8685195489,4,"0",0.0420032310177706
3504,"Olmo comun","Alto (> 8 mts)",145,"Grande",-68.8241939961,-32.86853942,4,"0",0.0227272727272727
3506,"Ligustro","Bajo (2 - 4 mts)",66,"Grande",-68.8262537986,-32.8688473464,4,"0",0.0138888888888889
3511,"Ailanthus","Muy bajo (1 - 2 mts)",13,"Chico",-68.8264114262,-32.8683489183,4,"0",0.0380952380952381
3514,"Morera","Bajo (2 - 4 mts)",56,"Mediano",-68.8265055214,-32.868615302,4,"0",0.185148665048544
3517,"Paraiso sombrilla","Bajo (2 - 4 mts)",123,"Grande",-68.8264882044,-32.8682484273,4,"0",0.022887323943662
3520,"Morera","Muy bajo (1 - 2 mts)",8,"Chico",-68.827248673,-32.8680257099,4,"0",0.185148665048544
3521,"Morera","Muy bajo (1 - 2 mts)",8,"Chico",-68.8272478072,-32.8680980913,4,"0",0.185148665048544
3525,"Paraiso","Medio (4 - 8 mts)",149,"Grande",-68.827269931,-32.8683796263,4,"0",0.0859023207481815
3530,"Fresno europeo","Muy bajo (1 - 2 mts)",8,"Chico",-68.8272894365,-32.8686819246,4,"0",0.0420032310177706
3531,"Morera","Medio (4 - 8 mts)",48,"Mediano",-68.8334543863,-32.8684699874,4,"0",0.185148665048544
3533,"Paraiso","Alto (> 8 mts)",220,"Grande",-68.8335058275,-32.8686056085,4,"0",0.0859023207481815
3535,"Morera","Alto (> 8 mts)",130,"Grande",-68.8335336218,-32.8687085018,4,"0",0.185148665048544
3537,"Fresno europeo","Medio (4 - 8 mts)",70,"Grande",-68.8336279719,-32.8690942811,4,"1",0.0420032310177706
3539,"Morera","Alto (> 8 mts)",180,"Grande",-68.8333298523,-32.8694726671,4,"0",0.185148665048544
3540,"Acer","Bajo (2 - 4 mts)",40,"Mediano",-68.8331229665,-32.8694812108,4,"0",0.0204081632653061
3541,"Morera","Medio (4 - 8 mts)",125,"Grande",-68.832969488,-32.8690108165,4,"0",0.185148665048544
3545,"Jacarand","Medio (4 - 8 mts)",50,"Mediano",-68.8328198073,-32.8684619256,4,"1",0.103064066852368
3546,"Morera","Medio (4 - 8 mts)",100,"Grande",-68.8328819735,-32.8683910535,4,"1",0.185148665048544
3548,"Acacia SP","Medio (4 - 8 mts)",50,"Mediano",-68.8325745035,-32.8684268075,4,"0",0.150492264416315
3557,"Morera","Alto (> 8 mts)",170,"Grande",-68.8325433501,-32.8695467009,4,"0",0.185148665048544
3559,"Morera","Alto (> 8 mts)",165,"Grande",-68.8326100987,-32.8695413178,4,"1",0.185148665048544
3560,"Morera","Alto (> 8 mts)",155,"Grande",-68.8329393486,-32.8694227352,4,"0",0.185148665048544
3561,"Morera","Alto (> 8 mts)",200,"Grande",-68.8329032922,-32.8692902236,4,"0",0.185148665048544
3562,"Morera","Alto (> 8 mts)",122,"Grande",-68.832829906,-32.8689900642,4,"1",0.185148665048544
3569,"Morera","Alto (> 8 mts)",130,"Grande",-68.8315194055,-32.8696521227,4,"0",0.185148665048544
3572,"Morera","Muy bajo (1 - 2 mts)",5,"Chico",-68.8312696089,-32.8696735899,4,"0",0.185148665048544
3573,"Jacarand","Muy bajo (1 - 2 mts)",8,"Chico",-68.8305494013,-32.869731524,4,"0",0.103064066852368
3574,"Morera","Medio (4 - 8 mts)",30,"Mediano",-68.830468822,-32.8696745775,4,"0",0.185148665048544
3575,"Olmo bola","Alto (> 8 mts)",189,"Grande",-68.8304517854,-32.86928023,4,"0",0.0231481481481481
3576,"Aguaribay","Alto (> 8 mts)",188,"Grande",-68.8304504017,-32.8691556311,4,"0",0.106529209621993
3577,"Fresno europeo","Medio (4 - 8 mts)",110,"Grande",-68.8304467667,-32.8691050817,4,"1",0.0420032310177706
3582,"Morera","Medio (4 - 8 mts)",65,"Grande",-68.8306629907,-32.8686005619,4,"0",0.185148665048544
3585,"Morera","Muy bajo (1 - 2 mts)",6,"Chico",-68.8310846087,-32.8685631922,4,"0",0.185148665048544
3588,"Paraiso","Bajo (2 - 4 mts)",25,"Mediano",-68.8316016411,-32.8685171941,4,"1",0.0859023207481815
3590,"Morera","Muy bajo (1 - 2 mts)",8,"Chico",-68.8294372124,-32.8687101152,4,"0",0.185148665048544
3592,"Paraiso","Medio (4 - 8 mts)",80,"Grande",-68.8297783845,-32.8698116406,4,"0",0.0859023207481815
3593,"Fresno europeo","Bajo (2 - 4 mts)",16,"Chico",-68.8299172572,-32.8697979479,4,"0",0.0420032310177706
3594,"Conifera","Bajo (2 - 4 mts)",33,"Mediano",-68.8303383691,-32.8692945105,4,"0",0.021505376344086
3597,"Morera","Alto (> 8 mts)",68,"Grande",-68.8303109184,-32.8686922172,4,"0",0.185148665048544
3598,"Perenne","Bajo (2 - 4 mts)",33,"Mediano",-68.8288123447,-32.8687664877,4,"0",0.0364741641337386
3601,"Ailanthus","Alto (> 8 mts)",40,"Mediano",-68.8274524788,-32.8692077382,4,"0",0.0380952380952381
3609,"Paraiso","Medio (4 - 8 mts)",65,"Grande",-68.8273446793,-32.869551593,4,"0",0.0859023207481815
3614,"Morera","Medio (4 - 8 mts)",100,"Grande",-68.8265422369,-32.8700780263,4,"0",0.185148665048544
3618,"Paraiso","Medio (4 - 8 mts)",130,"Grande",-68.8271459506,-32.8689279629,4,"0",0.0859023207481815
3621,"Fresno americano","Bajo (2 - 4 mts)",22,"Mediano",-68.8248494962,-32.8694291232,4,"0",0.0512455516014235
3622,"Caducifolio","Bajo (2 - 4 mts)",80,"Grande",-68.824788061,-32.8694300796,4,"0",0.0512249443207127
3628,"Paraiso","Medio (4 - 8 mts)",50,"Mediano",-68.8242786599,-32.8693615604,4,"0",0.0859023207481815
3630,"Fresno europeo","Medio (4 - 8 mts)",95,"Grande",-68.8235591868,-32.869432355,4,"0",0.0420032310177706
3634,"Acacia SP","Medio (4 - 8 mts)",35,"Mediano",-68.8242534845,-32.869144306,4,"0",0.150492264416315
3635,"Caducifolio","Medio (4 - 8 mts)",10,"Chico",-68.8242553263,-32.8691585012,4,"0",0.0512249443207127
3640,"Fresno europeo","Medio (4 - 8 mts)",146,"Grande",-68.8228222191,-32.8691997141,4,"0",0.0420032310177706
3644,"Prunas","Muy bajo (1 - 2 mts)",20,"Chico",-68.8226937383,-32.8694072536,4,"0",0.0321782178217822
3650,"Morera","Medio (4 - 8 mts)",180,"Grande",-68.8216578508,-32.8689624803,4,"0",0.185148665048544
3651,"Morera","Bajo (2 - 4 mts)",46,"Mediano",-68.8216520538,-32.8688901282,4,"0",0.185148665048544
3652,"Morera","Alto (> 8 mts)",205,"Grande",-68.8226806491,-32.8686998442,4,"0",0.185148665048544
3654,"Morera","Medio (4 - 8 mts)",85,"Grande",-68.8215049788,-32.868882438,4,"0",0.185148665048544
3655,"Morera","Medio (4 - 8 mts)",127,"Grande",-68.8215316561,-32.8690613009,4,"0",0.185148665048544
3656,"Morera","Bajo (2 - 4 mts)",36,"Mediano",-68.8215594886,-32.8692838806,4,"0",0.185148665048544
3661,"Paraiso","Medio (4 - 8 mts)",120,"Grande",-68.8204317553,-32.8693636556,4,"0",0.0859023207481815
3662,"Paraiso","Medio (4 - 8 mts)",105,"Grande",-68.8204141241,-32.8692556353,4,"0",0.0859023207481815
3664,"Paraiso","Bajo (2 - 4 mts)",50,"Mediano",-68.8203942109,-32.8690632176,4,"0",0.0859023207481815
3682,"Acacia SP","Medio (4 - 8 mts)",90,"Grande",-68.8201234059,-32.8687830716,4,"0",0.150492264416315
3683,"Morera","Medio (4 - 8 mts)",50,"Mediano",-68.8189195067,-32.8689777228,4,"0",0.185148665048544
3685,"Caducifolio","Muy bajo (1 - 2 mts)",2,"Chico",-68.8188559508,-32.8695262152,4,"0",0.0512249443207127
3688,"Morera","Alto (> 8 mts)",50,"Mediano",-68.8186197569,-32.8695354552,4,"0",0.185148665048544
3690,"Morera","Alto (> 8 mts)",154,"Grande",-68.8181212873,-32.869280149,4,"0",0.185148665048544
3691,"Morera","Medio (4 - 8 mts)",153,"Grande",-68.8180960712,-32.8691942972,4,"0",0.185148665048544
3699,"Fresno europeo","Medio (4 - 8 mts)",90,"Grande",-68.8243076995,-32.8696463381,4,"1",0.0420032310177706
3703,"Prunas","Bajo (2 - 4 mts)",18,"Chico",-68.8241702542,-32.8701259292,4,"0",0.0321782178217822
3705,"Perenne","Medio (4 - 8 mts)",200,"Grande",-68.8241611741,-32.8695477944,4,"0",0.0364741641337386
3706,"Fresno europeo","Medio (4 - 8 mts)",110,"Grande",-68.8228849039,-32.8696386322,4,"0",0.0420032310177706
3707,"Paraiso","Medio (4 - 8 mts)",60,"Mediano",-68.8228901353,-32.8696778128,4,"0",0.0859023207481815
3711,"Morera","Bajo (2 - 4 mts)",18,"Chico",-68.8220552576,-32.8701467595,4,"0",0.185148665048544
3712,"Morera","Alto (> 8 mts)",115,"Grande",-68.8218115495,-32.8700978871,4,"0",0.185148665048544
3713,"Perenne","Bajo (2 - 4 mts)",40,"Mediano",-68.8217970554,-32.8700124498,4,"0",0.0364741641337386
3715,"Morera","Alto (> 8 mts)",140,"Grande",-68.8218407928,-32.8695572595,4,"1",0.185148665048544
3716,"Morera","Alto (> 8 mts)",140,"Grande",-68.8219101737,-32.8695561797,4,"0",0.185148665048544
3717,"Tilo","Bajo (2 - 4 mts)",18,"Chico",-68.8216042644,-32.8696226577,4,"0",0
3719,"Morera","Medio (4 - 8 mts)",67,"Grande",-68.8216389922,-32.8698943155,4,"1",0.185148665048544
3721,"Perenne","Bajo (2 - 4 mts)",12,"Chico",-68.8215782732,-32.8701605839,4,"0",0.0364741641337386
3723,"Morera","Medio (4 - 8 mts)",30,"Mediano",-68.8213029388,-32.8701640898,4,"0",0.185148665048544
3725,"Morera","Alto (> 8 mts)",185,"Grande",-68.8207890084,-32.8701819773,4,"1",0.185148665048544
3732,"Fresno europeo","Medio (4 - 8 mts)",35,"Mediano",-68.8205547348,-32.8695999406,4,"0",0.0420032310177706
3733,"Morera","Alto (> 8 mts)",180,"Grande",-68.8206121319,-32.8695981402,4,"0",0.185148665048544
3737,"Morera","Alto (> 8 mts)",150,"Grande",-68.8203360734,-32.8698052869,4,"0",0.185148665048544
3738,"Paraiso","Alto (> 8 mts)",130,"Grande",-68.820363805,-32.8699864509,4,"1",0.0859023207481815
3739,"Morera","Alto (> 8 mts)",180,"Grande",-68.8203798145,-32.8701108175,4,"0",0.185148665048544
3742,"Fresno europeo","Medio (4 - 8 mts)",120,"Grande",-68.8197849091,-32.8702156774,4,"0",0.0420032310177706
3744,"Morera","Alto (> 8 mts)",150,"Grande",-68.8191808327,-32.8698293099,4,"1",0.185148665048544
3752,"Morera","Bajo (2 - 4 mts)",16,"Chico",-68.8187039041,-32.8701660308,4,"1",0.185148665048544
3755,"Paraiso sombrilla","Muy bajo (1 - 2 mts)",38,"Mediano",-68.8184160169,-32.8698995928,4,"0",0.022887323943662
3756,"Paraiso","Medio (4 - 8 mts)",60,"Mediano",-68.8183846219,-32.8698727146,4,"0",0.0859023207481815
3758,"Fresno europeo","Medio (4 - 8 mts)",30,"Mediano",-68.8183474659,-32.8698210757,4,"0",0.0420032310177706
3759,"Morera","Alto (> 8 mts)",158,"Grande",-68.8183336941,-32.8698043184,4,"1",0.185148665048544
3764,"Fresno europeo","Medio (4 - 8 mts)",65,"Grande",-68.8186727808,-32.8696590948,4,"0",0.0420032310177706
3768,"Fresno americano","Bajo (2 - 4 mts)",33,"Mediano",-68.8189028192,-32.8696479053,4,"0",0.0512455516014235
3770,"Conifera","Bajo (2 - 4 mts)",30,"Mediano",-68.8190176504,-32.8697072343,4,"0",0.021505376344086
3772,"Conifera","Alto (> 8 mts)",100,"Grande",-68.8190197406,-32.8697365731,4,"0",0.021505376344086
3774,"Morera","Alto (> 8 mts)",90,"Grande",-68.819133183,-32.8704605963,4,"0",0.185148665048544
3776,"Morera","Medio (4 - 8 mts)",80,"Grande",-68.8190049346,-32.8704907564,4,"0",0.185148665048544
3782,"Morera","Medio (4 - 8 mts)",90,"Grande",-68.8190627895,-32.8703512489,4,"0",0.185148665048544
3793,"Paraiso","Alto (> 8 mts)",144,"Grande",-68.8330665578,-32.8699335922,4,"0",0.0859023207481815
3805,"Jacarand","Medio (4 - 8 mts)",65,"Grande",-68.8316098612,-32.8706809918,4,"0",0.103064066852368
3806,"Paraiso","Medio (4 - 8 mts)",110,"Grande",-68.8314500703,-32.8706998502,4,"0",0.0859023207481815
3807,"Morera","Medio (4 - 8 mts)",55,"Mediano",-68.8306811076,-32.8707870028,4,"0",0.185148665048544
3808,"Morera","Alto (> 8 mts)",200,"Grande",-68.8305195369,-32.8705870958,4,"0",0.185148665048544
3812,"Morera","Muy bajo (1 - 2 mts)",2,"Chico",-68.8308175758,-32.8698419451,4,"0",0.185148665048544
3814,"Caducifolio","Muy bajo (1 - 2 mts)",5,"Chico",-68.8309895467,-32.8698277369,4,"0",0.0512249443207127
3821,"Morera","Bajo (2 - 4 mts)",8,"Chico",-68.829660053,-32.8708935214,4,"0",0.185148665048544
3824,"Perenne","Alto (> 8 mts)",93,"Grande",-68.8292282649,-32.8708858499,4,"0",0.0364741641337386
3826,"Morera","Alto (> 8 mts)",120,"Grande",-68.8292144293,-32.8707128834,4,"0",0.185148665048544
3832,"Olmo bola","Medio (4 - 8 mts)",74,"Grande",-68.8297167339,-32.8699424836,4,"0",0.0231481481481481
3833,"Morera","Medio (4 - 8 mts)",73,"Grande",-68.8298959689,-32.8699304572,4,"0",0.185148665048544
3834,"Paraiso","Alto (> 8 mts)",160,"Grande",-68.8299501932,-32.8699295147,4,"1",0.0859023207481815
3839,"Fresno europeo","Medio (4 - 8 mts)",44,"Mediano",-68.8303914587,-32.8706750907,4,"0",0.0420032310177706
3841,"Paraiso","Medio (4 - 8 mts)",308,"Grande",-68.829022671,-32.869587429,4,"0",0.0859023207481815
3845,"Morera","Bajo (2 - 4 mts)",32,"Mediano",-68.8290630533,-32.8702745931,4,"0",0.185148665048544
3846,"Morera","Bajo (2 - 4 mts)",26,"Mediano",-68.8290711584,-32.8704457944,4,"0",0.185148665048544
3848,"Fresno americano","Medio (4 - 8 mts)",90,"Grande",-68.8289320815,-32.8709836803,4,"0",0.0512455516014235
3853,"Morera","Medio (4 - 8 mts)",99,"Grande",-68.8275548013,-32.870947818,4,"0",0.185148665048544
3854,"Tilo","Medio (4 - 8 mts)",100,"Grande",-68.8275389196,-32.8706307722,4,"0",0
3855,"Acacia SP","Bajo (2 - 4 mts)",23,"Mediano",-68.8275228393,-32.870392618,4,"0",0.150492264416315
3857,"Morera","Medio (4 - 8 mts)",159,"Grande",-68.8276917101,-32.8701363963,4,"0",0.185148665048544
3858,"Ailanthus","Medio (4 - 8 mts)",40,"Mediano",-68.8278008422,-32.8701392562,4,"0",0.0380952380952381
3862,"Conifera","Bajo (2 - 4 mts)",25,"Mediano",-68.8274736697,-32.8695411129,4,"0",0.021505376344086
3869,"Morera","Bajo (2 - 4 mts)",45,"Mediano",-68.828513936,-32.8694688226,4,"0",0.185148665048544
3872,"Morera","Alto (> 8 mts)",147,"Grande",-68.8264216122,-32.8702089743,4,"0",0.185148665048544
3875,"Morera","Muy bajo (1 - 2 mts)",5,"Chico",-68.8273144087,-32.8701813855,4,"0",0.185148665048544
3877,"Olmo bola","Alto (> 8 mts)",160,"Grande",-68.8274337902,-32.8709546636,4,"0",0.0231481481481481
3889,"Morera","Alto (> 8 mts)",180,"Grande",-68.8247313373,-32.8702144172,4,"0",0.185148665048544
3891,"Morera","Alto (> 8 mts)",130,"Grande",-68.8257955534,-32.8710069481,4,"0",0.185148665048544
3892,"Conifera","Bajo (2 - 4 mts)",20,"Chico",-68.8196084246,-32.8712313696,4,"0",0.021505376344086
3893,"Conifera","Muy bajo (1 - 2 mts)",10,"Chico",-68.8195895912,-32.8712002205,4,"0",0.021505376344086
3898,"Paraiso","Bajo (2 - 4 mts)",32,"Mediano",-68.8192895956,-32.870674925,4,"0",0.0859023207481815
3900,"Morera","Medio (4 - 8 mts)",140,"Grande",-68.819270866,-32.8704389346,4,"0",0.185148665048544
3910,"Morera","Medio (4 - 8 mts)",156,"Grande",-68.8204448294,-32.8706130894,4,"1",0.185148665048544
3916,"Prunas","Muy bajo (1 - 2 mts)",10,"Chico",-68.8243865792,-32.8702848762,4,"0",0.0321782178217822
3917,"Morera","Medio (4 - 8 mts)",48,"Mediano",-68.8231637006,-32.8706659731,4,"0",0.185148665048544
3918,"Fresno europeo","Muy bajo (1 - 2 mts)",12,"Chico",-68.8227282463,-32.8702447436,4,"0",0.0420032310177706
3921,"Morera","Alto (> 8 mts)",90,"Grande",-68.8230255618,-32.8706946978,4,"1",0.185148665048544
3925,"Fresno europeo","Medio (4 - 8 mts)",128,"Grande",-68.8228006262,-32.8711739146,4,"1",0.0420032310177706
3926,"Fresno europeo","Alto (> 8 mts)",118,"Grande",-68.8223168074,-32.8711862587,4,"1",0.0420032310177706
3928,"Palo borracho","Medio (4 - 8 mts)",35,"Mediano",-68.821935245,-32.8710591742,4,"0",0
3929,"Fresno europeo","Medio (4 - 8 mts)",68,"Grande",-68.8219074007,-32.8708497748,4,"1",0.0420032310177706
3935,"Morera","Alto (> 8 mts)",90,"Grande",-68.821788567,-32.8709916855,4,"0",0.185148665048544
3939,"Fresno europeo","Alto (> 8 mts)",180,"Grande",-68.8209116341,-32.8712368543,4,"0",0.0420032310177706
3940,"Fresno europeo","Alto (> 8 mts)",154,"Grande",-68.8209597856,-32.8712333841,4,"0",0.0420032310177706
3942,"Morera","Medio (4 - 8 mts)",33,"Mediano",-68.8206333401,-32.8709371852,4,"0",0.185148665048544
3956,"Paraiso","Bajo (2 - 4 mts)",40,"Mediano",-68.8233025199,-32.8746046246,4,"0",0.0859023207481815
3957,"Paraiso","Bajo (2 - 4 mts)",48,"Mediano",-68.8227353622,-32.8745094122,4,"0",0.0859023207481815
3960,"Perenne","Bajo (2 - 4 mts)",160,"Grande",-68.8222179662,-32.8742741303,4,"0",0.0364741641337386
3961,"Ailanthus","Muy bajo (1 - 2 mts)",15,"Chico",-68.8221665262,-32.8742503129,4,"0",0.0380952380952381
3964,"Pltano","Alto (> 8 mts)",250,"Grande",-68.8278603305,-32.8769645536,4,"1",0.0903973509933775
3969,"Paraiso","Bajo (2 - 4 mts)",46,"Mediano",-68.8271546156,-32.8778826536,4,"0",0.0859023207481815
3971,"Paraiso","Medio (4 - 8 mts)",100,"Grande",-68.8271417334,-32.8778338461,4,"0",0.0859023207481815
3975,"Paraiso","Alto (> 8 mts)",105,"Grande",-68.8271035082,-32.8776906801,4,"1",0.0859023207481815
3976,"Morera","Medio (4 - 8 mts)",140,"Grande",-68.82697909,-32.8768343532,4,"1",0.185148665048544
3980,"Morera","Alto (> 8 mts)",140,"Grande",-68.830734795,-32.8767235594,4,"0",0.185148665048544
3983,"Morera","Medio (4 - 8 mts)",45,"Mediano",-68.8307505975,-32.8770516925,4,"0",0.185148665048544
3989,"Fresno europeo","Medio (4 - 8 mts)",100,"Grande",-68.8307190385,-32.8777290369,4,"0",0.0420032310177706
3996,"Morera","Alto (> 8 mts)",237,"Grande",-68.8295870555,-32.8766920657,4,"1",0.185148665048544
3997,"Fresno europeo","Medio (4 - 8 mts)",45,"Mediano",-68.8297049412,-32.8766846737,4,"0",0.0420032310177706
3999,"Paraiso","Bajo (2 - 4 mts)",25,"Mediano",-68.8221441976,-32.8737415962,4,"0",0.0859023207481815
4003,"Fresno europeo","Muy bajo (1 - 2 mts)",18,"Chico",-68.8214980901,-32.8739649965,4,"0",0.0420032310177706
4005,"Morera","Muy bajo (1 - 2 mts)",8,"Chico",-68.8277854432,-32.8758082382,4,"0",0.185148665048544
4012,"Morera","Bajo (2 - 4 mts)",45,"Mediano",-68.8264276429,-32.8758747188,4,"0",0.185148665048544
4016,"Morera","Bajo (2 - 4 mts)",25,"Mediano",-68.8266208639,-32.8755892537,4,"0",0.185148665048544
4022,"Fresno americano","Medio (4 - 8 mts)",35,"Mediano",-68.8305388828,-32.8731154221,4,"0",0.0512455516014235
4023,"Morera","Alto (> 8 mts)",155,"Grande",-68.8305599468,-32.8735113311,4,"1",0.185148665048544
4026,"Morera","Alto (> 8 mts)",145,"Grande",-68.8305265108,-32.8740233378,4,"1",0.185148665048544
4033,"Morera","Alto (> 8 mts)",180,"Grande",-68.8297060219,-32.8730795415,4,"1",0.185148665048544
4034,"Paraiso","Medio (4 - 8 mts)",117,"Grande",-68.8302257546,-32.8730475733,4,"0",0.0859023207481815
4036,"Caducifolio","Bajo (2 - 4 mts)",30,"Mediano",-68.8266732361,-32.8742685105,4,"0",0.0512249443207127
4037,"lamo blanco","Alto (> 8 mts)",116,"Grande",-68.8266360647,-32.8742707727,4,"0",0.046875
4038,"Morera","Medio (4 - 8 mts)",76,"Grande",-68.8262199034,-32.8741045442,4,"0",0.185148665048544
4039,"Fresno europeo","Medio (4 - 8 mts)",40,"Mediano",-68.8262215574,-32.8733241136,4,"0",0.0420032310177706
4046,"Prunas","Bajo (2 - 4 mts)",33,"Mediano",-68.827464106,-32.8732317879,4,"0",0.0321782178217822
4051,"Fresno europeo","Bajo (2 - 4 mts)",25,"Mediano",-68.8293907542,-32.8781339967,4,"0",0.0420032310177706
4057,"Pltano","Alto (> 8 mts)",140,"Grande",-68.8293047615,-32.8790346336,4,"0",0.0903973509933775
4059,"Fresno americano","Bajo (2 - 4 mts)",36,"Mediano",-68.8290953064,-32.8790455412,4,"0",0.0512455516014235
4065,"Pltano","Alto (> 8 mts)",145,"Grande",-68.8283966479,-32.879088479,4,"0",0.0903973509933775
4068,"Morera","Medio (4 - 8 mts)",75,"Grande",-68.828112829,-32.8787981193,4,"0",0.185148665048544
4069,"Fresno europeo","Bajo (2 - 4 mts)",40,"Mediano",-68.8280858767,-32.8783819591,4,"0",0.0420032310177706
4072,"Paraiso","Medio (4 - 8 mts)",80,"Grande",-68.8281638136,-32.8779635626,4,"0",0.0859023207481815
4080,"Morera","Medio (4 - 8 mts)",85,"Grande",-68.8338023754,-32.8764569044,4,"1",0.185148665048544
4085,"Fresno europeo","Bajo (2 - 4 mts)",30,"Mediano",-68.8306184358,-32.8789342604,4,"0",0.0420032310177706
4086,"Morera","Bajo (2 - 4 mts)",27,"Mediano",-68.8304291311,-32.8789448864,4,"0",0.185148665048544
4089,"Morera","Medio (4 - 8 mts)",100,"Grande",-68.829503097,-32.8780959073,4,"0",0.185148665048544
4106,"Fresno europeo","Bajo (2 - 4 mts)",16,"Chico",-68.8348119612,-32.8776197452,1,"0",0.0420032310177706
4108,"Morera","Medio (4 - 8 mts)",150,"Grande",-68.8248753825,-32.8748680905,4,"0",0.185148665048544
4109,"Morera","Medio (4 - 8 mts)",169,"Grande",-68.8251099676,-32.8744617433,4,"0",0.185148665048544
4115,"Fresno europeo","Medio (4 - 8 mts)",50,"Mediano",-68.8254602972,-32.8746592896,4,"0",0.0420032310177706
4119,"Tipa","Bajo (2 - 4 mts)",80,"Grande",-68.82546021,-32.8748286347,4,"0",0.101123595505618
4122,"Morera","Medio (4 - 8 mts)",190,"Grande",-68.8247175079,-32.8750126038,4,"0",0.185148665048544
4123,"Prunas","Bajo (2 - 4 mts)",30,"Mediano",-68.8245442849,-32.8749158302,4,"0",0.0321782178217822
4124,"Morera","Muy bajo (1 - 2 mts)",15,"Chico",-68.8242497739,-32.8747491796,4,"0",0.185148665048544
4125,"Morera","Medio (4 - 8 mts)",60,"Mediano",-68.8241611622,-32.8746941798,4,"0",0.185148665048544
4127,"Morera","Medio (4 - 8 mts)",180,"Grande",-68.8238745257,-32.874524278,4,"0",0.185148665048544
4129,"Acer","Bajo (2 - 4 mts)",70,"Grande",-68.8237607193,-32.8746772118,4,"0",0.0204081632653061
4133,"Morera","Medio (4 - 8 mts)",80,"Grande",-68.8238815279,-32.8750084819,4,"0",0.185148665048544
4134,"Morera","Bajo (2 - 4 mts)",40,"Mediano",-68.8239353956,-32.8750587225,4,"0",0.185148665048544
4142,"Braquiquito","Bajo (2 - 4 mts)",25,"Mediano",-68.8261906592,-32.8749223991,4,"0",0
4144,"Fresno europeo","Alto (> 8 mts)",210,"Grande",-68.8279501398,-32.8780713854,4,"1",0.0420032310177706
4153,"Pltano","Alto (> 8 mts)",190,"Grande",-68.8322281236,-32.8786536193,4,"1",0.0903973509933775
4154,"Fresno europeo","Medio (4 - 8 mts)",58,"Mediano",-68.8321886298,-32.8788383205,4,"0",0.0420032310177706
4158,"Perenne","Bajo (2 - 4 mts)",18,"Chico",-68.8314779198,-32.877786752,4,"0",0.0364741641337386
4160,"Morera","Alto (> 8 mts)",90,"Grande",-68.845365977,-32.8731316307,6,"0",0.185148665048544
4161,"lamo criollo","Medio (4 - 8 mts)",25,"Mediano",-68.8453923887,-32.8732258832,6,"0",0.0128205128205128
4162,"Olmo comun","Alto (> 8 mts)",155,"Grande",-68.8454048752,-32.8732955942,6,"0",0.0227272727272727
4165,"Fresno americano","Medio (4 - 8 mts)",28,"Mediano",-68.8445856909,-32.8731263131,6,"0",0.0512455516014235
4166,"Olmo comun","Alto (> 8 mts)",170,"Grande",-68.8443944353,-32.8730353018,6,"0",0.0227272727272727
4168,"Pltano","Alto (> 8 mts)",168,"Grande",-68.8446260736,-32.8726534752,6,"0",0.0903973509933775
4173,"Morera","Alto (> 8 mts)",137,"Grande",-68.8367605571,-32.8756779794,1,"0",0.185148665048544
4174,"Morera","Alto (> 8 mts)",126,"Grande",-68.8373197574,-32.8733136151,4,"1",0.185148665048544
4175,"Morera","Alto (> 8 mts)",80,"Grande",-68.8367891368,-32.8734152562,4,"1",0.185148665048544
4176,"Morera","Alto (> 8 mts)",89,"Grande",-68.8364405729,-32.8739198396,4,"0",0.185148665048544
4177,"Fresno europeo","Medio (4 - 8 mts)",35,"Mediano",-68.8364486558,-32.8739486656,4,"0",0.0420032310177706
4178,"Morera","Alto (> 8 mts)",125,"Grande",-68.8365665085,-32.8743932383,4,"1",0.185148665048544
4180,"Morera","Medio (4 - 8 mts)",77,"Grande",-68.8366916865,-32.8748888608,1,"1",0.185148665048544
4181,"Paraiso","Medio (4 - 8 mts)",70,"Grande",-68.8367114827,-32.874963326,1,"0",0.0859023207481815
4182,"Perenne","Medio (4 - 8 mts)",33,"Mediano",-68.8367416903,-32.8750835684,1,"0",0.0364741641337386
4185,"Fresno europeo","Medio (4 - 8 mts)",76,"Grande",-68.8369115271,-32.8757135191,1,"0",0.0420032310177706
4187,"Morera","Alto (> 8 mts)",68,"Grande",-68.8371708228,-32.8757534422,1,"1",0.185148665048544
4188,"Morera","Medio (4 - 8 mts)",60,"Mediano",-68.8372103889,-32.8757168209,1,"1",0.185148665048544
4191,"Morera","Alto (> 8 mts)",110,"Grande",-68.8373812683,-32.8755441137,1,"0",0.185148665048544
4192,"Perenne","Bajo (2 - 4 mts)",35,"Mediano",-68.8374150944,-32.8755084822,1,"0",0.0364741641337386
4194,"Fresno europeo","Alto (> 8 mts)",72,"Grande",-68.8378603118,-32.8750376989,1,"0",0.0420032310177706
4195,"Paraiso","Alto (> 8 mts)",95,"Grande",-68.8376851194,-32.8742347119,4,"1",0.0859023207481815
4197,"Paraiso","Alto (> 8 mts)",158,"Grande",-68.837598055,-32.873901735,4,"0",0.0859023207481815
4199,"Olmo bola","Medio (4 - 8 mts)",76,"Grande",-68.8382303949,-32.8747265293,1,"0",0.0231481481481481
4202,"Paraiso","Alto (> 8 mts)",180,"Grande",-68.8377348774,-32.8738737004,4,"0",0.0859023207481815
4203,"Paraiso","Alto (> 8 mts)",160,"Grande",-68.8376905314,-32.8737334078,4,"0",0.0859023207481815
4204,"Perenne","Medio (4 - 8 mts)",90,"Grande",-68.8379999514,-32.8731831057,4,"0",0.0364741641337386
4206,"Prunas","Bajo (2 - 4 mts)",35,"Mediano",-68.8381804762,-32.8734639898,4,"0",0.0321782178217822
4207,"Acer","Bajo (2 - 4 mts)",27,"Mediano",-68.8383589662,-32.8740795752,4,"0",0.0204081632653061
4208,"Morera","Alto (> 8 mts)",200,"Grande",-68.8383981143,-32.8742090603,4,"0",0.185148665048544
4209,"Paraiso","Alto (> 8 mts)",200,"Grande",-68.8387781306,-32.8733193517,4,"0",0.0859023207481815
4210,"Morera","Bajo (2 - 4 mts)",40,"Mediano",-68.8389511679,-32.8739612325,4,"0",0.185148665048544
4212,"Paraiso","Alto (> 8 mts)",165,"Grande",-68.8389995029,-32.874162917,4,"0",0.0859023207481815
4213,"Fresno europeo","Alto (> 8 mts)",125,"Grande",-68.8383795465,-32.8739051024,4,"0",0.0420032310177706
4216,"Paraiso","Alto (> 8 mts)",145,"Grande",-68.8382317858,-32.8733893526,4,"0",0.0859023207481815
4227,"Paraiso","Bajo (2 - 4 mts)",50,"Mediano",-68.8393620253,-32.8739179231,4,"0",0.0859023207481815
4228,"Morera","Alto (> 8 mts)",155,"Grande",-68.839313319,-32.873961379,4,"0",0.185148665048544
4231,"Acer","Medio (4 - 8 mts)",62,"Grande",-68.836090436,-32.8730710417,4,"0",0.0204081632653061
4233,"Morera","Bajo (2 - 4 mts)",32,"Mediano",-68.8350725808,-32.8716673236,4,"0",0.185148665048544
4235,"Fresno europeo","Muy bajo (1 - 2 mts)",12,"Chico",-68.8357597915,-32.8717462955,4,"0",0.0420032310177706
4238,"Morera","Medio (4 - 8 mts)",47,"Mediano",-68.8372832707,-32.872746588,4,"0",0.185148665048544
4243,"Acacia SP","Alto (> 8 mts)",110,"Grande",-68.8362041364,-32.8729625212,4,"0",0.150492264416315
4245,"Morera","Medio (4 - 8 mts)",70,"Grande",-68.8370431473,-32.8726870269,4,"0",0.185148665048544
4247,"Prunas","Bajo (2 - 4 mts)",40,"Mediano",-68.8374372556,-32.8727663342,4,"1",0.0321782178217822
4250,"Morera","Bajo (2 - 4 mts)",20,"Chico",-68.8396235986,-32.8723225437,4,"1",0.185148665048544
4256,"Morera","Bajo (2 - 4 mts)",8,"Chico",-68.8346685821,-32.8705101296,4,"0",0.185148665048544
4258,"Caducifolio","Bajo (2 - 4 mts)",2,"Chico",-68.8362305989,-32.8714517036,4,"0",0.0512249443207127
4262,"Morera","Alto (> 8 mts)",190,"Grande",-68.8370314673,-32.8725597249,4,"0",0.185148665048544
4263,"Jacarand","Medio (4 - 8 mts)",25,"Mediano",-68.8369098708,-32.8725778447,4,"0",0.103064066852368
4265,"Fresno europeo","Medio (4 - 8 mts)",18,"Chico",-68.8363873273,-32.8726879535,4,"0",0.0420032310177706
4268,"Fresno americano","Medio (4 - 8 mts)",50,"Mediano",-68.835984472,-32.8715903412,4,"1",0.0512455516014235
4269,"Tilo","Medio (4 - 8 mts)",28,"Mediano",-68.8363599105,-32.8715593087,4,"0",0
4271,"Morera","Alto (> 8 mts)",76,"Grande",-68.8364674215,-32.8715470808,4,"0",0.185148665048544
4272,"Morera","Medio (4 - 8 mts)",84,"Grande",-68.83704236,-32.8712201906,4,"1",0.185148665048544
4274,"Morera","Medio (4 - 8 mts)",96,"Grande",-68.837033204,-32.8711851848,4,"0",0.185148665048544
4276,"Morera","Medio (4 - 8 mts)",40,"Mediano",-68.838302278,-32.871532562,4,"0",0.185148665048544
4279,"Morera","Muy bajo (1 - 2 mts)",30,"Mediano",-68.8381124358,-32.8723508112,4,"0",0.185148665048544
4280,"Morera","Medio (4 - 8 mts)",180,"Grande",-68.8373372427,-32.8723838156,4,"0",0.185148665048544
4281,"Morera","Medio (4 - 8 mts)",74,"Grande",-68.8373149596,-32.8722886174,4,"0",0.185148665048544
4284,"Morera","Medio (4 - 8 mts)",220,"Grande",-68.8371801323,-32.8717571287,4,"0",0.185148665048544
4294,"Fresno europeo","Muy bajo (1 - 2 mts)",7,"Chico",-68.8395792667,-32.8719577616,4,"0",0.0420032310177706
4299,"Perenne","Bajo (2 - 4 mts)",30,"Mediano",-68.8398175801,-32.8718210834,4,"0",0.0364741641337386
4306,"Ailanthus","Medio (4 - 8 mts)",51,"Mediano",-68.8441289334,-32.8705664798,4,"1",0.0380952380952381
4307,"Tilo","Alto (> 8 mts)",102,"Grande",-68.8441977866,-32.8705558101,4,"0",0
4308,"Tilo","Alto (> 8 mts)",76,"Grande",-68.8442655603,-32.8705465656,4,"0",0
4310,"Acer","Bajo (2 - 4 mts)",13,"Chico",-68.8448924677,-32.8708809732,6,"0",0.0204081632653061
4311,"lamo blanco","Alto (> 8 mts)",160,"Grande",-68.8449649845,-32.8712119786,6,"0",0.046875
4312,"lamo blanco","Alto (> 8 mts)",190,"Grande",-68.8449746287,-32.8712476516,6,"0",0.046875
4315,"Fresno americano","Bajo (2 - 4 mts)",30,"Mediano",-68.8438660993,-32.8710879336,4,"1",0.0512455516014235
4317,"Olmo comun","Alto (> 8 mts)",133,"Grande",-68.8350871427,-32.8698414753,4,"0",0.0227272727272727
4321,"Acacia SP","Bajo (2 - 4 mts)",73,"Grande",-68.834708207,-32.8699101739,4,"0",0.150492264416315
4322,"Ligustro","Medio (4 - 8 mts)",48,"Mediano",-68.8346599907,-32.8699203687,4,"0",0.0138888888888889
4325,"Morera","Alto (> 8 mts)",126,"Grande",-68.8353606178,-32.8702489261,4,"0",0.185148665048544
4328,"Morera","Alto (> 8 mts)",180,"Grande",-68.8354793166,-32.8701221201,4,"0",0.185148665048544
4330,"Morera","Medio (4 - 8 mts)",38,"Mediano",-68.8363249028,-32.8704259524,4,"0",0.185148665048544
4332,"Fresno americano","Medio (4 - 8 mts)",30,"Mediano",-68.8366641044,-32.8702826747,4,"0",0.0512455516014235
4335,"Perenne","Muy bajo (1 - 2 mts)",2,"Chico",-68.8379848842,-32.8703918093,4,"0",0.0364741641337386
4340,"Fresno americano","Muy bajo (1 - 2 mts)",20,"Chico",-68.8375134072,-32.8699273681,4,"0",0.0512455516014235
4341,"Morera","Medio (4 - 8 mts)",80,"Grande",-68.8397384983,-32.8701593833,4,"1",0.185148665048544
4343,"Fresno americano","Medio (4 - 8 mts)",73,"Grande",-68.8406393567,-32.8700049622,4,"0",0.0512455516014235
4344,"Fresno europeo","Bajo (2 - 4 mts)",30,"Mediano",-68.8405686083,-32.8699527793,4,"0",0.0420032310177706
4349,"Morera","Medio (4 - 8 mts)",76,"Grande",-68.8409059989,-32.870499284,4,"0",0.185148665048544
4351,"Morera","Medio (4 - 8 mts)",200,"Grande",-68.8414389534,-32.8706024102,4,"1",0.185148665048544
4354,"Fresno americano","Alto (> 8 mts)",190,"Grande",-68.8339396534,-32.8694403859,4,"0",0.0512455516014235
4356,"Fresno americano","Medio (4 - 8 mts)",100,"Grande",-68.8339946756,-32.8696452707,4,"0",0.0512455516014235
4358,"Fresno americano","Alto (> 8 mts)",140,"Grande",-68.8340220862,-32.8697520812,4,"0",0.0512455516014235
4359,"Olmo comun","Alto (> 8 mts)",230,"Grande",-68.8341815313,-32.8698839084,4,"0",0.0227272727272727
4360,"Morera","Medio (4 - 8 mts)",74,"Grande",-68.834858923,-32.8697582445,4,"0",0.185148665048544
4365,"Morera","Alto (> 8 mts)",180,"Grande",-68.835112496,-32.869198808,4,"0",0.185148665048544
4369,"Morera","Muy bajo (1 - 2 mts)",5,"Chico",-68.8342520236,-32.8691935664,4,"0",0.185148665048544
4371,"Fresno americano","Bajo (2 - 4 mts)",18,"Chico",-68.8364370776,-32.8693323692,4,"0",0.0512455516014235
4372,"Jacarand","Medio (4 - 8 mts)",53,"Mediano",-68.8364491317,-32.8693978173,4,"0",0.103064066852368
4380,"Morera","Alto (> 8 mts)",210,"Grande",-68.8376360818,-32.8689297863,4,"0",0.185148665048544
4387,"Prunas","Medio (4 - 8 mts)",38,"Mediano",-68.83969746,-32.8689828242,4,"0",0.0321782178217822
4389,"Pltano","Alto (> 8 mts)",122,"Grande",-68.839701784,-32.8690850332,4,"1",0.0903973509933775
4390,"Paraiso","Alto (> 8 mts)",170,"Grande",-68.8397052531,-32.8691802079,4,"0",0.0859023207481815
4393,"Jacarand","Bajo (2 - 4 mts)",25,"Mediano",-68.8405708218,-32.869732665,4,"1",0.103064066852368
4399,"Morera","Alto (> 8 mts)",93,"Grande",-68.8403266251,-32.8688210254,4,"1",0.185148665048544
4400,"Morera","Alto (> 8 mts)",80,"Grande",-68.8414632422,-32.8685940609,4,"1",0.185148665048544
4401,"Tilo","Bajo (2 - 4 mts)",25,"Mediano",-68.8409962356,-32.8686240943,4,"0",0
4403,"Ailanthus","Medio (4 - 8 mts)",53,"Mediano",-68.8404433329,-32.8687360282,4,"0",0.0380952380952381
4404,"Olmo comun","Medio (4 - 8 mts)",53,"Mediano",-68.8404587239,-32.8688113997,4,"0",0.0227272727272727
4406,"Morera","Medio (4 - 8 mts)",53,"Mediano",-68.8405301865,-32.8690675423,4,"1",0.185148665048544
4407,"Morera","Medio (4 - 8 mts)",33,"Mediano",-68.8405712988,-32.8692291144,4,"0",0.185148665048544
4410,"Paraiso","Medio (4 - 8 mts)",95,"Grande",-68.8414187573,-32.8697700829,4,"0",0.0859023207481815
4411,"Paraiso","Medio (4 - 8 mts)",56,"Mediano",-68.841637993,-32.8697553077,4,"0",0.0859023207481815
4413,"Morera","Medio (4 - 8 mts)",80,"Grande",-68.834860245,-32.868238021,4,"0",0.185148665048544
4415,"Jacarand","Bajo (2 - 4 mts)",14,"Chico",-68.834937067,-32.8685060501,4,"1",0.103064066852368
4416,"Morera","Alto (> 8 mts)",180,"Grande",-68.8349681484,-32.8686591015,4,"0",0.185148665048544
4417,"Acacia SP","Alto (> 8 mts)",91,"Grande",-68.8349790755,-32.8686978464,4,"1",0.150492264416315
4418,"Morera","Alto (> 8 mts)",53,"Mediano",-68.8350131586,-32.868838103,4,"1",0.185148665048544
4420,"Morera","Medio (4 - 8 mts)",30,"Mediano",-68.8349681098,-32.8689764456,4,"0",0.185148665048544
4422,"Acacia SP","Alto (> 8 mts)",100,"Grande",-68.834263202,-32.869068977,4,"1",0.150492264416315
4431,"Morera","Medio (4 - 8 mts)",70,"Grande",-68.8374851828,-32.8682733804,4,"0",0.185148665048544
4434,"Ligustro","Bajo (2 - 4 mts)",42,"Mediano",-68.8372642144,-32.8686715952,4,"0",0.0138888888888889
4442,"Jacarand","Muy bajo (1 - 2 mts)",15,"Chico",-68.8364372615,-32.8687264308,4,"0",0.103064066852368
4443,"Paraiso sombrilla","Bajo (2 - 4 mts)",50,"Mediano",-68.8364145638,-32.8686531926,4,"0",0.022887323943662
4444,"Fresno americano","Bajo (2 - 4 mts)",40,"Mediano",-68.8364079852,-32.8686211991,4,"0",0.0512455516014235
4449,"Caducifolio","Bajo (2 - 4 mts)",20,"Chico",-68.8386376812,-32.867604814,4,"1",0.0512249443207127
4451,"Morera","Medio (4 - 8 mts)",45,"Mediano",-68.8386585171,-32.8676916145,4,"0",0.185148665048544
4454,"Morera","Alto (> 8 mts)",138,"Grande",-68.8387510962,-32.8680569716,4,"0",0.185148665048544
4456,"Morera","Medio (4 - 8 mts)",70,"Grande",-68.8388026323,-32.8682886121,4,"0",0.185148665048544
4462,"Fresno europeo","Medio (4 - 8 mts)",100,"Grande",-68.8376674844,-32.8684254354,4,"0",0.0420032310177706
4463,"Paraiso","Medio (4 - 8 mts)",115,"Grande",-68.8376304175,-32.8682569057,4,"0",0.0859023207481815
4464,"Caducifolio","Medio (4 - 8 mts)",40,"Mediano",-68.8376166657,-32.8682062595,4,"0",0.0512249443207127
4467,"Morera","Alto (> 8 mts)",155,"Grande",-68.8375514532,-32.8679465373,4,"0",0.185148665048544
4469,"Morera","Alto (> 8 mts)",90,"Grande",-68.8376552993,-32.8675911501,4,"1",0.185148665048544
4470,"Morera","Alto (> 8 mts)",70,"Grande",-68.8377005748,-32.8675814444,4,"1",0.185148665048544
4480,"Fresno europeo","Medio (4 - 8 mts)",14,"Chico",-68.8394533828,-32.8683732191,4,"0",0.0420032310177706
4483,"Jacarand","Medio (4 - 8 mts)",35,"Mediano",-68.8389451103,-32.8678133997,4,"0",0.103064066852368
4484,"Morera","Medio (4 - 8 mts)",43,"Mediano",-68.8389351037,-32.8677734255,4,"0",0.185148665048544
4486,"Morera","Alto (> 8 mts)",185,"Grande",-68.8389132037,-32.8676858148,4,"0",0.185148665048544
4487,"Morera","Alto (> 8 mts)",166,"Grande",-68.8389052564,-32.8676540027,4,"0",0.185148665048544
4488,"Caducifolio","Muy bajo (1 - 2 mts)",2,"Chico",-68.8389006736,-32.8676357438,4,"0",0.0512249443207127
4490,"Caducifolio","Muy bajo (1 - 2 mts)",5,"Chico",-68.8388588316,-32.8674727465,4,"0",0.0512249443207127
4491,"Caducifolio","Medio (4 - 8 mts)",48,"Mediano",-68.8388542684,-32.8674543154,4,"0",0.0512249443207127
4494,"Paraiso sombrilla","Medio (4 - 8 mts)",66,"Grande",-68.8389330259,-32.8673589481,4,"0",0.022887323943662
4498,"Paraiso","Medio (4 - 8 mts)",100,"Grande",-68.8396545494,-32.8681021374,4,"0",0.0859023207481815
4501,"Prunas","Bajo (2 - 4 mts)",19,"Chico",-68.839654704,-32.8681569417,4,"0",0.0321782178217822
4503,"Morera","Medio (4 - 8 mts)",118,"Grande",-68.8396571575,-32.8682826428,4,"1",0.185148665048544
4505,"Morera","Alto (> 8 mts)",94,"Grande",-68.839768538,-32.868587901,4,"1",0.185148665048544
4510,"Morera","Medio (4 - 8 mts)",92,"Grande",-68.8410386027,-32.8678766938,4,"0",0.185148665048544
4513,"Ligustro","Muy bajo (1 - 2 mts)",14,"Chico",-68.8402889875,-32.8681561697,4,"0",0.0138888888888889
4514,"Caducifolio","Bajo (2 - 4 mts)",16,"Chico",-68.8403189392,-32.8682584826,4,"0",0.0512249443207127
4515,"Morera","Alto (> 8 mts)",86,"Grande",-68.840330648,-32.8683058681,4,"0",0.185148665048544
4516,"Morera","Alto (> 8 mts)",120,"Grande",-68.8403555654,-32.8683901155,4,"1",0.185148665048544
4520,"Paraiso","Medio (4 - 8 mts)",40,"Mediano",-68.8415219397,-32.868383871,4,"1",0.0859023207481815
4522,"Morera","Alto (> 8 mts)",95,"Grande",-68.8414872382,-32.8682617772,4,"0",0.185148665048544
4526,"Morera","Alto (> 8 mts)",140,"Grande",-68.8395721803,-32.8687774145,4,"1",0.185148665048544
4528,"Caducifolio","Bajo (2 - 4 mts)",38,"Mediano",-68.8394710449,-32.8698686083,4,"0",0.0512249443207127
4530,"Morera","Bajo (2 - 4 mts)",22,"Mediano",-68.8392162877,-32.8689332068,4,"0",0.185148665048544
4538,"Conifera","Alto (> 8 mts)",70,"Grande",-68.8397307906,-32.8672190278,4,"0",0.021505376344086
4539,"Prunas","Bajo (2 - 4 mts)",30,"Mediano",-68.8410018093,-32.8671587258,4,"0",0.0321782178217822
4542,"Catalpa","Bajo (2 - 4 mts)",26,"Mediano",-68.8413194658,-32.8676268093,4,"0",0.161290322580645
4543,"Paraiso sombrilla","Medio (4 - 8 mts)",200,"Grande",-68.8412757152,-32.8674603127,4,"0",0.022887323943662
4546,"Morera","Alto (> 8 mts)",120,"Grande",-68.8412172146,-32.8672362692,4,"0",0.185148665048544
4547,"Morera","Alto (> 8 mts)",190,"Grande",-68.8400674414,-32.864146934,4,"0",0.185148665048544
4548,"Fresno europeo","Medio (4 - 8 mts)",115,"Grande",-68.8400206943,-32.864540053,4,"0",0.0420032310177706
4551,"Morera","Medio (4 - 8 mts)",58,"Mediano",-68.839978129,-32.8648806166,4,"0",0.185148665048544
4555,"Paraiso","Alto (> 8 mts)",160,"Grande",-68.8388920064,-32.8652827032,4,"0",0.0859023207481815
4557,"Morera","Alto (> 8 mts)",120,"Grande",-68.8384565541,-32.8649975631,4,"0",0.185148665048544
4561,"Paraiso","Alto (> 8 mts)",180,"Grande",-68.8383766211,-32.8645832491,4,"1",0.0859023207481815
4565,"Paraiso","Alto (> 8 mts)",190,"Grande",-68.8391574053,-32.8642240813,4,"0",0.0859023207481815
4566,"Prunas","Medio (4 - 8 mts)",50,"Mediano",-68.8391937757,-32.8642144304,4,"0",0.0321782178217822
4569,"Morera","Medio (4 - 8 mts)",100,"Grande",-68.833702521,-32.8666067962,4,"1",0.185148665048544
4572,"Morera","Medio (4 - 8 mts)",68,"Grande",-68.8333650871,-32.8666742574,4,"1",0.185148665048544
4574,"Fresno americano","Alto (> 8 mts)",105,"Grande",-68.8332959795,-32.8670233592,4,"0",0.0512455516014235
4577,"Fresno americano","Bajo (2 - 4 mts)",20,"Chico",-68.8335096612,-32.8678125391,4,"0",0.0512455516014235
4580,"Morera","Medio (4 - 8 mts)",98,"Grande",-68.833881423,-32.8681580784,4,"1",0.185148665048544
4582,"Morera","Alto (> 8 mts)",185,"Grande",-68.8347743583,-32.867842868,4,"1",0.185148665048544
4583,"Morera","Alto (> 8 mts)",158,"Grande",-68.8347428541,-32.8677141573,4,"1",0.185148665048544
4585,"Morera","Alto (> 8 mts)",140,"Grande",-68.834647311,-32.8673429396,4,"0",0.185148665048544
4587,"Morera","Alto (> 8 mts)",145,"Grande",-68.8346066969,-32.8671829144,4,"0",0.185148665048544
4588,"Morera","Alto (> 8 mts)",115,"Grande",-68.8345658994,-32.8670152697,4,"1",0.185148665048544
4589,"Morera","Alto (> 8 mts)",128,"Grande",-68.8345145518,-32.866842062,4,"0",0.185148665048544
4592,"Morera","Alto (> 8 mts)",138,"Grande",-68.8344637107,-32.8666591644,4,"1",0.185148665048544
4599,"Morera","Medio (4 - 8 mts)",47,"Mediano",-68.8348863906,-32.8669539063,4,"1",0.185148665048544
4604,"Paraiso","Alto (> 8 mts)",90,"Grande",-68.8372373456,-32.8672163487,4,"0",0.0859023207481815
4607,"Morera","Muy bajo (1 - 2 mts)",2,"Chico",-68.8370911549,-32.8675935294,4,"0",0.185148665048544
4608,"Morera","Alto (> 8 mts)",168,"Grande",-68.8364768381,-32.8677062846,4,"0",0.185148665048544
4609,"Morera","Alto (> 8 mts)",145,"Grande",-68.8361668415,-32.8676545068,4,"0",0.185148665048544
4612,"Fresno europeo","Bajo (2 - 4 mts)",15,"Chico",-68.8370787608,-32.8670541718,4,"0",0.0420032310177706
4614,"Morera","Alto (> 8 mts)",165,"Grande",-68.8339064122,-32.8643700161,4,"0",0.185148665048544
4615,"Morera","Medio (4 - 8 mts)",68,"Grande",-68.8339463916,-32.8645470927,4,"1",0.185148665048544
4617,"Morera","Alto (> 8 mts)",109,"Grande",-68.8339602956,-32.8646275757,4,"1",0.185148665048544
4621,"Morera","Alto (> 8 mts)",168,"Grande",-68.8330702517,-32.8646036577,4,"0",0.185148665048544
4622,"Paraiso","Alto (> 8 mts)",155,"Grande",-68.8329768932,-32.8646091471,4,"1",0.0859023207481815
4626,"Fresno europeo","Alto (> 8 mts)",180,"Grande",-68.832928249,-32.8636523476,4,"0",0.0420032310177706
4628,"Paraiso","Alto (> 8 mts)",78,"Grande",-68.8336901647,-32.8636952077,4,"1",0.0859023207481815
4629,"Prunas","Medio (4 - 8 mts)",63,"Grande",-68.8348475106,-32.8637414243,4,"0",0.0321782178217822
4630,"Morera","Medio (4 - 8 mts)",61,"Grande",-68.8343734135,-32.8637227709,4,"1",0.185148665048544
4631,"Paraiso","Alto (> 8 mts)",127,"Grande",-68.8344300841,-32.8637239956,4,"1",0.0859023207481815
4634,"Jacarand","Medio (4 - 8 mts)",38,"Mediano",-68.8339124191,-32.8637909293,4,"1",0.103064066852368
4641,"Fresno europeo","Medio (4 - 8 mts)",74,"Grande",-68.8352749331,-32.864700487,4,"1",0.0420032310177706
4646,"Morera","Alto (> 8 mts)",185,"Grande",-68.835155162,-32.864088705,4,"1",0.185148665048544
4648,"Jacarand","Alto (> 8 mts)",90,"Grande",-68.835977295,-32.8636395223,4,"0",0.103064066852368
4652,"Fresno americano","Medio (4 - 8 mts)",60,"Mediano",-68.8352679627,-32.86387172,4,"0",0.0512455516014235
4653,"Fresno americano","Medio (4 - 8 mts)",100,"Grande",-68.8352778365,-32.8639407613,4,"0",0.0512455516014235
4654,"Morera","Alto (> 8 mts)",110,"Grande",-68.8352976286,-32.8640264935,4,"0",0.185148665048544
4657,"Palo borracho","Bajo (2 - 4 mts)",70,"Grande",-68.8353616369,-32.8643049274,4,"0",0
4660,"Morera","Alto (> 8 mts)",110,"Grande",-68.8380353359,-32.8633828083,4,"0",0.185148665048544
4665,"Perenne","Medio (4 - 8 mts)",20,"Chico",-68.8380620671,-32.8639150911,4,"0",0.0364741641337386
4666,"Prunas","Medio (4 - 8 mts)",60,"Mediano",-68.8380631118,-32.863928167,4,"1",0.0321782178217822
4667,"Perenne","Bajo (2 - 4 mts)",14,"Chico",-68.8380673335,-32.8640137686,4,"0",0.0364741641337386
4672,"Caducifolio","Muy bajo (1 - 2 mts)",2,"Chico",-68.8380767068,-32.8641624766,4,"0",0.0512249443207127
4673,"Paraiso","Bajo (2 - 4 mts)",22,"Mediano",-68.8366992862,-32.8644369918,4,"0",0.0859023207481815
4676,"Prunas","Medio (4 - 8 mts)",25,"Mediano",-68.8343243825,-32.8655480748,4,"0",0.0321782178217822
4677,"Fresno europeo","Muy bajo (1 - 2 mts)",4,"Chico",-68.8342952773,-32.865433723,4,"0",0.0420032310177706
4680,"Caducifolio","Bajo (2 - 4 mts)",12,"Chico",-68.8341708042,-32.8648938459,4,"0",0.0512249443207127
4691,"Paraiso","Alto (> 8 mts)",149,"Grande",-68.8366970428,-32.8660243372,4,"0",0.0859023207481815
4692,"Morera","Alto (> 8 mts)",96,"Grande",-68.8366369395,-32.8660163148,4,"0",0.185148665048544
4701,"Morera","Alto (> 8 mts)",160,"Grande",-68.8370136791,-32.8657289157,4,"0",0.185148665048544
4704,"Morera","Medio (4 - 8 mts)",120,"Grande",-68.8370611072,-32.8659099639,4,"0",0.185148665048544
4706,"Morera","Muy bajo (1 - 2 mts)",15,"Chico",-68.8380253362,-32.8661796587,4,"0",0.185148665048544
4707,"Morera","Bajo (2 - 4 mts)",32,"Mediano",-68.8382935019,-32.8656153796,4,"0",0.185148665048544
4708,"Morera","Medio (4 - 8 mts)",63,"Grande",-68.838290713,-32.8655684265,4,"0",0.185148665048544
4710,"Morera","Medio (4 - 8 mts)",68,"Grande",-68.8382922208,-32.8654599997,4,"0",0.185148665048544
4711,"Fresno europeo","Muy bajo (1 - 2 mts)",12,"Chico",-68.8382524539,-32.8652203246,4,"0",0.0420032310177706
4712,"Morera","Medio (4 - 8 mts)",68,"Grande",-68.8382336947,-32.8651259686,4,"0",0.185148665048544
4714,"Conifera","Alto (> 8 mts)",73,"Grande",-68.838172176,-32.8648227735,4,"0",0.021505376344086
4720,"Acer","Muy bajo (1 - 2 mts)",20,"Chico",-68.8408584948,-32.8654164871,4,"0",0.0204081632653061
4724,"Braquiquito","Alto (> 8 mts)",45,"Mediano",-68.8417843145,-32.8656229575,4,"0",0
4726,"Morera","Alto (> 8 mts)",104,"Grande",-68.8417555097,-32.8653466696,4,"0",0.185148665048544
4732,"Jacarand","Muy bajo (1 - 2 mts)",12,"Chico",-68.8340424332,-32.8664211882,4,"1",0.103064066852368
4733,"Morera","Bajo (2 - 4 mts)",16,"Chico",-68.834319509,-32.866366516,4,"0",0.185148665048544
4742,"Morera","Alto (> 8 mts)",140,"Grande",-68.8334296931,-32.8657551413,4,"0",0.185148665048544
4743,"Morera","Medio (4 - 8 mts)",83,"Grande",-68.8333640794,-32.8657465375,4,"1",0.185148665048544
4745,"Paraiso","Medio (4 - 8 mts)",103,"Grande",-68.8357944321,-32.8667789581,4,"0",0.0859023207481815
4747,"Morera","Alto (> 8 mts)",80,"Grande",-68.8353121533,-32.8668581358,4,"0",0.185148665048544
4750,"Morera","Alto (> 8 mts)",50,"Mediano",-68.8350015661,-32.8668427531,4,"0",0.185148665048544
4751,"Fresno americano","Alto (> 8 mts)",128,"Grande",-68.8344963323,-32.8662393614,4,"0",0.0512455516014235
4757,"Paraiso","Alto (> 8 mts)",150,"Grande",-68.8347986662,-32.8659248458,4,"1",0.0859023207481815
4759,"Paraiso","Medio (4 - 8 mts)",25,"Mediano",-68.8371396372,-32.8668219736,4,"0",0.0859023207481815
4766,"Caducifolio","Medio (4 - 8 mts)",44,"Mediano",-68.8358491479,-32.8663762167,4,"0",0.0512249443207127
4767,"Caducifolio","Muy bajo (1 - 2 mts)",25,"Mediano",-68.8358369595,-32.8663243938,4,"0",0.0512249443207127
4770,"Caducifolio","Muy bajo (1 - 2 mts)",5,"Chico",-68.8361529118,-32.8660753785,4,"0",0.0512249443207127
4771,"Paraiso","Medio (4 - 8 mts)",90,"Grande",-68.8363939861,-32.866105789,4,"0",0.0859023207481815
4776,"Morera","Medio (4 - 8 mts)",50,"Mediano",-68.8383460388,-32.8663863993,4,"0",0.185148665048544
4778,"Morera","Medio (4 - 8 mts)",60,"Mediano",-68.8383640086,-32.8664655255,4,"0",0.185148665048544
4780,"Fresno europeo","Medio (4 - 8 mts)",80,"Grande",-68.8383840516,-32.8665414976,4,"0",0.0420032310177706
4782,"Caducifolio","Bajo (2 - 4 mts)",12,"Chico",-68.8384157725,-32.8666906428,4,"0",0.0512249443207127
4783,"Liquidambar","Bajo (2 - 4 mts)",15,"Chico",-68.8384288294,-32.8667210558,4,"0",0
4790,"Fresno europeo","Medio (4 - 8 mts)",30,"Mediano",-68.8385372492,-32.8671502492,4,"0",0.0420032310177706
4793,"Morera","Medio (4 - 8 mts)",30,"Mediano",-68.8374913888,-32.8675140263,4,"0",0.185148665048544
4800,"Fresno europeo","Medio (4 - 8 mts)",45,"Mediano",-68.839565367,-32.8668529577,4,"0",0.0420032310177706
4805,"Caducifolio","Muy bajo (1 - 2 mts)",5,"Chico",-68.8387904616,-32.867174779,4,"0",0.0512249443207127
4809,"Acer","Bajo (2 - 4 mts)",60,"Mediano",-68.840561122,-32.8663420085,4,"0",0.0204081632653061
4811,"Morera","Bajo (2 - 4 mts)",44,"Mediano",-68.8400192833,-32.8664440983,4,"0",0.185148665048544
4815,"Paraiso","Alto (> 8 mts)",210,"Grande",-68.8411076749,-32.8668531984,4,"0",0.0859023207481815
4817,"Paraiso","Alto (> 8 mts)",220,"Grande",-68.8410556477,-32.8666525981,4,"0",0.0859023207481815
4822,"Fresno europeo","Bajo (2 - 4 mts)",39,"Mediano",-68.8413753364,-32.8648073911,4,"0",0.0420032310177706
4823,"Morera","Bajo (2 - 4 mts)",30,"Mediano",-68.8413398079,-32.8648170654,4,"0",0.185148665048544
4824,"Paraiso","Medio (4 - 8 mts)",62,"Grande",-68.8403304869,-32.8650091841,4,"0",0.0859023207481815
4826,"Paraiso","Alto (> 8 mts)",105,"Grande",-68.8401373867,-32.8647459383,4,"0",0.0859023207481815
4829,"Braquiquito","Muy bajo (1 - 2 mts)",4,"Chico",-68.8399270747,-32.8663368373,4,"0",0
4831,"Paraiso","Bajo (2 - 4 mts)",37,"Mediano",-68.8408648544,-32.8659547331,4,"0",0.0859023207481815
4835,"Fresno europeo","Muy bajo (1 - 2 mts)",5,"Chico",-68.8400539863,-32.8653805439,4,"0",0.0420032310177706
4839,"Jacarand","Alto (> 8 mts)",83,"Grande",-68.838864072,-32.8654080749,4,"0",0.103064066852368
4843,"Palo borracho","Medio (4 - 8 mts)",122,"Grande",-68.838526464,-32.8655656112,4,"0",0
4851,"Paraiso","Alto (> 8 mts)",152,"Grande",-68.8393056831,-32.8663388341,4,"0",0.0859023207481815
4857,"Morera","Bajo (2 - 4 mts)",10,"Chico",-68.8399223501,-32.8652906947,4,"0",0.185148665048544
4864,"Perenne","Muy bajo (1 - 2 mts)",30,"Mediano",-68.8427452638,-32.8636454919,4,"0",0.0364741641337386
4865,"Morera","Alto (> 8 mts)",135,"Grande",-68.842485264,-32.8636283338,4,"0",0.185148665048544
4868,"Paraiso","Alto (> 8 mts)",190,"Grande",-68.8422829973,-32.8629892666,4,"0",0.0859023207481815
4870,"Fresno americano","Bajo (2 - 4 mts)",68,"Grande",-68.8423249266,-32.8629350482,4,"0",0.0512455516014235
4871,"Ailanthus","Medio (4 - 8 mts)",40,"Mediano",-68.8423724338,-32.8629449248,4,"0",0.0380952380952381
4874,"Caducifolio","Medio (4 - 8 mts)",107,"Grande",-68.8427694798,-32.8629228775,4,"0",0.0512249443207127
4875,"Paraiso sombrilla","Medio (4 - 8 mts)",190,"Grande",-68.8427653383,-32.8628934022,4,"0",0.022887323943662
4876,"Paraiso","Medio (4 - 8 mts)",100,"Grande",-68.845081076,-32.8724360802,6,"0",0.0859023207481815
4878,"Morera","Alto (> 8 mts)",160,"Grande",-68.8441247216,-32.8725198642,6,"1",0.185148665048544
4879,"Prunas","Bajo (2 - 4 mts)",35,"Mediano",-68.8441109446,-32.8723907452,6,"0",0.0321782178217822
4882,"Morera","Alto (> 8 mts)",131,"Grande",-68.8440446265,-32.8719485836,4,"1",0.185148665048544
4884,"Morera","Alto (> 8 mts)",160,"Grande",-68.8440237529,-32.871800439,4,"1",0.185148665048544
4885,"Morera","Alto (> 8 mts)",88,"Grande",-68.8442858825,-32.8716074829,4,"1",0.185148665048544
4886,"Pltano","Alto (> 8 mts)",138,"Grande",-68.8444197131,-32.8715787609,6,"1",0.0903973509933775
4887,"Paraiso","Alto (> 8 mts)",85,"Grande",-68.8444492054,-32.8715723604,6,"1",0.0859023207481815
4890,"Morera","Medio (4 - 8 mts)",40,"Mediano",-68.8428465283,-32.8647193813,4,"0",0.185148665048544
4893,"Catalpa","Muy bajo (1 - 2 mts)",10,"Chico",-68.8427564601,-32.8647169255,4,"0",0.161290322580645
4894,"Perenne","Alto (> 8 mts)",52,"Mediano",-68.8427352477,-32.8647168988,4,"0",0.0364741641337386
4897,"Morera","Alto (> 8 mts)",220,"Grande",-68.8430379551,-32.8637711924,4,"0",0.185148665048544
4898,"Morera","Bajo (2 - 4 mts)",16,"Chico",-68.8427267879,-32.8637676871,4,"0",0.185148665048544
4899,"Morera","Bajo (2 - 4 mts)",30,"Mediano",-68.8426419524,-32.8637636482,4,"0",0.185148665048544
4903,"Morera","Medio (4 - 8 mts)",78,"Grande",-68.8421649609,-32.8639532626,4,"0",0.185148665048544
4904,"Morera","Alto (> 8 mts)",123,"Grande",-68.8434145987,-32.8654814867,4,"1",0.185148665048544
4905,"Paraiso","Alto (> 8 mts)",100,"Grande",-68.8434273045,-32.8655374528,4,"0",0.0859023207481815
4909,"Prunas","Bajo (2 - 4 mts)",44,"Mediano",-68.8434883908,-32.8657839724,4,"0",0.0321782178217822
4910,"Morera","Medio (4 - 8 mts)",25,"Mediano",-68.8431810303,-32.8658670727,4,"0",0.185148665048544
4915,"Pltano","Alto (> 8 mts)",300,"Grande",-68.8427934371,-32.8658440259,4,"0",0.0903973509933775
4916,"Conifera","Muy bajo (1 - 2 mts)",20,"Chico",-68.84273913,-32.8658406863,4,"0",0.021505376344086
4919,"Perenne","Bajo (2 - 4 mts)",26,"Mediano",-68.8429631924,-32.8648451519,4,"0",0.0364741641337386
4920,"Morera","Alto (> 8 mts)",190,"Grande",-68.8430826672,-32.8648492864,4,"0",0.185148665048544
4923,"Prunas","Medio (4 - 8 mts)",56,"Mediano",-68.8434571771,-32.8664927107,4,"0",0.0321782178217822
4932,"Jacarand","Medio (4 - 8 mts)",40,"Mediano",-68.8431871226,-32.8666859862,4,"0",0.103064066852368
4934,"Morera","Alto (> 8 mts)",86,"Grande",-68.8428783487,-32.8669681917,4,"0",0.185148665048544
4947,"Morera","Alto (> 8 mts)",110,"Grande",-68.843095788,-32.8679111946,4,"0",0.185148665048544
4949,"Fresno americano","Medio (4 - 8 mts)",66,"Grande",-68.8439104231,-32.8684934786,4,"0",0.0512455516014235
4953,"Ailanthus","Bajo (2 - 4 mts)",24,"Mediano",-68.8433501157,-32.8686900483,4,"0",0.0380952380952381
4954,"Morera","Alto (> 8 mts)",215,"Grande",-68.8433546168,-32.8687133834,4,"1",0.185148665048544
4955,"Fresno americano","Medio (4 - 8 mts)",180,"Grande",-68.8434692094,-32.8693069807,4,"0",0.0512455516014235
4959,"Fresno americano","Bajo (2 - 4 mts)",27,"Mediano",-68.8435949699,-32.8699634544,4,"0",0.0512455516014235
4960,"Fresno americano","Medio (4 - 8 mts)",50,"Mediano",-68.8437640095,-32.8705102493,4,"0",0.0512455516014235
4962,"Prunas","Muy bajo (1 - 2 mts)",20,"Chico",-68.8439099664,-32.8704885997,4,"0",0.0321782178217822
4963,"Prunas","Bajo (2 - 4 mts)",22,"Mediano",-68.8441438014,-32.870452296,4,"0",0.0321782178217822
4968,"Acacia SP","Bajo (2 - 4 mts)",30,"Mediano",-68.8446516916,-32.8699542456,4,"0",0.150492264416315
4971,"Morera","Muy bajo (1 - 2 mts)",5,"Chico",-68.8444742858,-32.8693057141,4,"0",0.185148665048544
4976,"Conifera","Muy bajo (1 - 2 mts)",10,"Chico",-68.8443504097,-32.8688413992,4,"0",0.021505376344086
4979,"Morera","Alto (> 8 mts)",82,"Grande",-68.8443086534,-32.8686636665,4,"0",0.185148665048544
4984,"Jacarand","Medio (4 - 8 mts)",32,"Mediano",-68.8335456293,-32.8635547821,4,"0",0.103064066852368
4987,"Morera","Alto (> 8 mts)",70,"Grande",-68.8331740756,-32.8635359341,4,"0",0.185148665048544
4988,"Morera","Medio (4 - 8 mts)",39,"Mediano",-68.8330686714,-32.8635303517,4,"0",0.185148665048544
4989,"Morera","Muy bajo (1 - 2 mts)",2,"Chico",-68.8329528578,-32.8635235273,4,"0",0.185148665048544
4991,"Fresno europeo","Alto (> 8 mts)",148,"Grande",-68.8326890739,-32.8624399133,4,"0",0.0420032310177706
4992,"Fresno europeo","Alto (> 8 mts)",156,"Grande",-68.8327158794,-32.8623799044,4,"0",0.0420032310177706
4993,"Fresno europeo","Alto (> 8 mts)",135,"Grande",-68.8348015287,-32.8625332119,4,"0",0.0420032310177706
4994,"Fresno europeo","Alto (> 8 mts)",125,"Grande",-68.8347602517,-32.8636132044,4,"0",0.0420032310177706
5000,"Paraiso","Medio (4 - 8 mts)",80,"Grande",-68.8351225287,-32.8632736955,4,"0",0.0859023207481815
5009,"Fresno europeo","Medio (4 - 8 mts)",80,"Grande",-68.8409606375,-32.8627834145,4,"0",0.0420032310177706
5011,"Morera","Medio (4 - 8 mts)",87,"Grande",-68.8409341889,-32.8630864632,4,"0",0.185148665048544
5012,"Morera","Medio (4 - 8 mts)",56,"Mediano",-68.8409310216,-32.8631113126,4,"0",0.185148665048544
5020,"Paraiso","Medio (4 - 8 mts)",70,"Grande",-68.8402125271,-32.864032641,4,"0",0.0859023207481815
5021,"Morera","Medio (4 - 8 mts)",87,"Grande",-68.8402162892,-32.8640003561,4,"0",0.185148665048544
5025,"Perenne","Bajo (2 - 4 mts)",20,"Chico",-68.8402657564,-32.8635112677,4,"0",0.0364741641337386
5026,"Perenne","Medio (4 - 8 mts)",30,"Mediano",-68.8402754446,-32.8634481397,4,"0",0.0364741641337386
5027,"Perenne","Muy bajo (1 - 2 mts)",12,"Chico",-68.8402816835,-32.8634174684,4,"0",0.0364741641337386
5031,"Perenne","Medio (4 - 8 mts)",32,"Mediano",-68.8403621631,-32.8626847931,4,"0",0.0364741641337386
5033,"Paraiso","Medio (4 - 8 mts)",53,"Mediano",-68.8403620313,-32.8626283233,4,"0",0.0859023207481815
5034,"Fresno europeo","Medio (4 - 8 mts)",44,"Mediano",-68.8403635467,-32.862610194,4,"0",0.0420032310177706
5036,"Paraiso","Medio (4 - 8 mts)",96,"Grande",-68.8406974116,-32.8625350926,4,"0",0.0859023207481815
5037,"Paraiso","Medio (4 - 8 mts)",90,"Grande",-68.8407526744,-32.862535163,4,"0",0.0859023207481815
5038,"Paraiso","Medio (4 - 8 mts)",35,"Mediano",-68.8408582082,-32.8625360844,4,"0",0.0859023207481815
5044,"Jacarand","Bajo (2 - 4 mts)",15,"Chico",-68.8364342033,-32.8633014032,4,"0",0.103064066852368
5050,"Morera","Alto (> 8 mts)",67,"Grande",-68.8377298555,-32.862505007,4,"0",0.185148665048544
5051,"Morera","Alto (> 8 mts)",102,"Grande",-68.8389860589,-32.8632034178,4,"0",0.185148665048544
5052,"Morera","Medio (4 - 8 mts)",60,"Mediano",-68.8389942103,-32.8632315116,4,"0",0.185148665048544
5053,"Morera","Bajo (2 - 4 mts)",4,"Chico",-68.8390869652,-32.863645638,4,"0",0.185148665048544
5058,"Morera","Medio (4 - 8 mts)",62,"Grande",-68.8382939855,-32.8638705462,4,"0",0.185148665048544
5060,"Fresno europeo","Muy bajo (1 - 2 mts)",2,"Chico",-68.8382835098,-32.8636509238,4,"0",0.0420032310177706
5061,"Morera","Alto (> 8 mts)",105,"Grande",-68.8382793118,-32.8635709507,4,"0",0.185148665048544
5062,"Morera","Alto (> 8 mts)",142,"Grande",-68.8382770807,-32.8635275276,4,"0",0.185148665048544
5063,"Fresno europeo","Alto (> 8 mts)",99,"Grande",-68.8402171533,-32.8625829147,4,"0",0.0420032310177706
5064,"Prunas","Bajo (2 - 4 mts)",160,"Grande",-68.8402152773,-32.8626030959,4,"0",0.0321782178217822
5067,"Paraiso","Medio (4 - 8 mts)",30,"Mediano",-68.840153774,-32.8632456746,4,"0",0.0859023207481815
5069,"Perenne","Medio (4 - 8 mts)",51,"Mediano",-68.8401315296,-32.8635132116,4,"0",0.0364741641337386
5070,"Caducifolio","Medio (4 - 8 mts)",50,"Mediano",-68.8401238018,-32.8635667859,4,"0",0.0512249443207127
5074,"Morera","Alto (> 8 mts)",150,"Grande",-68.8392733548,-32.8637725315,4,"0",0.185148665048544
5077,"Morera","Alto (> 8 mts)",120,"Grande",-68.8391640235,-32.8633057818,4,"0",0.185148665048544
5081,"Morera","Alto (> 8 mts)",160,"Grande",-68.8384006809,-32.8631221661,4,"0",0.185148665048544
5083,"Morera","Alto (> 8 mts)",105,"Grande",-68.8382026612,-32.8627410043,4,"0",0.185148665048544
5085,"Caducifolio","Muy bajo (1 - 2 mts)",2,"Chico",-68.8383950331,-32.8624971928,4,"0",0.0512249443207127
5087,"lamo blanco","Medio (4 - 8 mts)",12,"Chico",-68.8385155259,-32.8624960454,4,"0",0.046875
5094,"Acacia SP","Bajo (2 - 4 mts)",12,"Chico",-68.8429427903,-32.8677276169,4,"0",0.150492264416315
5096,"Acacia SP","Bajo (2 - 4 mts)",7,"Chico",-68.8429566678,-32.8677838288,4,"0",0.150492264416315
5097,"Morera","Alto (> 8 mts)",110,"Grande",-68.8429591565,-32.8678085438,4,"1",0.185148665048544
5098,"Acacia SP","Bajo (2 - 4 mts)",8,"Chico",-68.8429649445,-32.8678375414,4,"0",0.150492264416315
5099,"Morera","Medio (4 - 8 mts)",50,"Mediano",-68.8429711728,-32.8678604595,4,"0",0.185148665048544
5100,"Acacia SP","Muy bajo (1 - 2 mts)",4,"Chico",-68.8429784372,-32.8678877855,4,"0",0.150492264416315
5101,"Acacia SP","Bajo (2 - 4 mts)",8,"Chico",-68.8429923225,-32.8679504878,4,"0",0.150492264416315
5108,"Morera","Alto (> 8 mts)",120,"Grande",-68.8430605379,-32.8682220052,4,"1",0.185148665048544
5110,"Morera","Alto (> 8 mts)",110,"Grande",-68.8430773312,-32.8682916298,4,"1",0.185148665048544
5111,"Morera","Alto (> 8 mts)",175,"Grande",-68.8432182121,-32.8685040492,4,"0",0.185148665048544
5114,"Acacia SP","Bajo (2 - 4 mts)",8,"Chico",-68.8431950096,-32.8686161431,4,"0",0.150492264416315
5126,"Acacia SP","Medio (4 - 8 mts)",18,"Chico",-68.8432986906,-32.8692037198,4,"0",0.150492264416315
5131,"Acacia SP","Bajo (2 - 4 mts)",14,"Chico",-68.843347675,-32.869398787,4,"0",0.150492264416315
5133,"Acacia SP","Bajo (2 - 4 mts)",16,"Chico",-68.8433560592,-32.8694645518,4,"0",0.150492264416315
5134,"Morera","Alto (> 8 mts)",140,"Grande",-68.8434228866,-32.8695276233,4,"0",0.185148665048544
5135,"Acacia SP","Bajo (2 - 4 mts)",12,"Chico",-68.8433704732,-32.8695604281,4,"0",0.150492264416315
5138,"Caducifolio","Muy bajo (1 - 2 mts)",40,"Mediano",-68.8434486308,-32.8696868118,4,"0",0.0512249443207127
5139,"Acacia SP","Bajo (2 - 4 mts)",21,"Mediano",-68.8434120272,-32.8697296371,4,"0",0.150492264416315
5140,"Acacia SP","Medio (4 - 8 mts)",20,"Chico",-68.8434165904,-32.8697802919,4,"0",0.150492264416315
5146,"Morera","Alto (> 8 mts)",140,"Grande",-68.8435203633,-32.8700342776,4,"0",0.185148665048544
5149,"Acacia SP","Bajo (2 - 4 mts)",14,"Chico",-68.8434989452,-32.8701566738,4,"0",0.150492264416315
5150,"Morera","Alto (> 8 mts)",175,"Grande",-68.84355269,-32.8701957456,4,"0",0.185148665048544
5155,"Morera","Alto (> 8 mts)",160,"Grande",-68.8437510459,-32.8711539058,4,"0",0.185148665048544
5156,"Morera","Medio (4 - 8 mts)",30,"Mediano",-68.8440124744,-32.8725383912,6,"0",0.185148665048544
5162,"Morera","Alto (> 8 mts)",130,"Grande",-68.8437766172,-32.8730708168,6,"0",0.185148665048544
5163,"Morera","Alto (> 8 mts)",140,"Grande",-68.8436975734,-32.8730468565,6,"0",0.185148665048544
5164,"Caducifolio","Bajo (2 - 4 mts)",26,"Mediano",-68.8437117761,-32.872991522,6,"0",0.0512249443207127
5168,"Morera","Alto (> 8 mts)",174,"Grande",-68.8436544794,-32.8728918339,4,"0",0.185148665048544
5170,"Morera","Alto (> 8 mts)",140,"Grande",-68.8438363461,-32.872850493,6,"0",0.185148665048544
5173,"Jacarand","Medio (4 - 8 mts)",45,"Mediano",-68.8381841411,-32.8641527709,4,"1",0.103064066852368
5175,"Paraiso","Bajo (2 - 4 mts)",42,"Mediano",-68.8381807912,-32.8640476722,4,"0",0.0859023207481815
5178,"Caducifolio","Alto (> 8 mts)",60,"Mediano",-68.8381800664,-32.8639278441,4,"0",0.0512249443207127
5188,"Perenne","Alto (> 8 mts)",107,"Grande",-68.8386155012,-32.8669771202,4,"1",0.0364741641337386
5192,"Olmo comun","Muy bajo (1 - 2 mts)",4,"Chico",-68.8388216141,-32.867841819,4,"0",0.0227272727272727
5193,"Jacarand","Medio (4 - 8 mts)",42,"Mediano",-68.8388079215,-32.8677905977,4,"0",0.103064066852368
5200,"Caducifolio","Bajo (2 - 4 mts)",40,"Mediano",-68.8392080712,-32.8694168508,4,"0",0.0512249443207127
5203,"Conifera","Alto (> 8 mts)",35,"Mediano",-68.8392533058,-32.8695895076,4,"1",0.021505376344086
5206,"Perenne","Medio (4 - 8 mts)",67,"Grande",-68.8392759759,-32.8696723601,4,"0",0.0364741641337386
5207,"Perenne","Medio (4 - 8 mts)",90,"Grande",-68.8391159317,-32.8690429682,4,"0",0.0364741641337386
5212,"Jacarand","Bajo (2 - 4 mts)",40,"Mediano",-68.8400963777,-32.8734777951,4,"0",0.103064066852368
5214,"Palo borracho","Bajo (2 - 4 mts)",80,"Grande",-68.8398707171,-32.8731484089,4,"0",0
5215,"Braquiquito","Alto (> 8 mts)",120,"Grande",-68.839891664,-32.8730583286,4,"0",0
5217,"Tipa","Alto (> 8 mts)",260,"Grande",-68.8398100525,-32.8726113292,4,"1",0.101123595505618
5222,"Pltano","Medio (4 - 8 mts)",54,"Mediano",-68.8411649212,-32.8747848767,1,"0",0.0903973509933775
5225,"Pltano","Bajo (2 - 4 mts)",26,"Mediano",-68.8412966815,-32.8746996806,1,"0",0.0903973509933775
5226,"Pltano","Bajo (2 - 4 mts)",20,"Chico",-68.841343845,-32.8746684805,1,"0",0.0903973509933775
5229,"Pltano","Bajo (2 - 4 mts)",28,"Mediano",-68.8414942727,-32.8745735101,1,"0",0.0903973509933775
5240,"Pltano","Bajo (2 - 4 mts)",22,"Mediano",-68.8418419537,-32.8739141835,1,"0",0.0903973509933775
5243,"lamo criollo","Medio (4 - 8 mts)",100,"Grande",-68.8416807572,-32.873185787,4,"0",0.0128205128205128
5246,"Ailanthus","Bajo (2 - 4 mts)",10,"Chico",-68.8407082054,-32.8749277987,1,"0",0.0380952380952381
5248,"Pltano","Muy bajo (1 - 2 mts)",6,"Chico",-68.8408357267,-32.8748513801,1,"0",0.0903973509933775
5257,"Morera","Medio (4 - 8 mts)",60,"Mediano",-68.8414906554,-32.8731373399,4,"0",0.185148665048544
5261,"Paraiso","Alto (> 8 mts)",170,"Grande",-68.8434289,-32.8741023337,1,"1",0.0859023207481815
5269,"Morera","Medio (4 - 8 mts)",120,"Grande",-68.8431709151,-32.8755129845,1,"0",0.185148665048544
5276,"Paraiso","Bajo (2 - 4 mts)",60,"Mediano",-68.8442244577,-32.8759655905,1,"1",0.0859023207481815
5280,"Paraiso","Medio (4 - 8 mts)",160,"Grande",-68.8439500221,-32.8734127554,1,"0",0.0859023207481815
5282,"Morera","Bajo (2 - 4 mts)",40,"Mediano",-68.8444039867,-32.8771447538,1,"0",0.185148665048544
5284,"Morera","Bajo (2 - 4 mts)",34,"Mediano",-68.8442210095,-32.8772320507,1,"0",0.185148665048544
5285,"Morera","Bajo (2 - 4 mts)",30,"Mediano",-68.8441574444,-32.8772612739,1,"0",0.185148665048544
5287,"Morera","Medio (4 - 8 mts)",70,"Grande",-68.8447704806,-32.8769805825,1,"0",0.185148665048544
5289,"Morera","Bajo (2 - 4 mts)",22,"Mediano",-68.8440865225,-32.8772933056,1,"0",0.185148665048544
5290,"Acer","Medio (4 - 8 mts)",100,"Grande",-68.8432486551,-32.877379105,1,"0",0.0204081632653061
5292,"Acer","Medio (4 - 8 mts)",120,"Grande",-68.8432728387,-32.877229373,1,"0",0.0204081632653061
5293,"Acer","Medio (4 - 8 mts)",160,"Grande",-68.8432621265,-32.8771624296,1,"0",0.0204081632653061
5294,"Acer","Medio (4 - 8 mts)",130,"Grande",-68.8432500686,-32.8770956973,1,"0",0.0204081632653061
5300,"Acer","Medio (4 - 8 mts)",140,"Grande",-68.8431918968,-32.8767659833,1,"0",0.0204081632653061
5305,"Acer","Bajo (2 - 4 mts)",90,"Grande",-68.8430948557,-32.8764936557,1,"0",0.0204081632653061
5308,"Acacia SP","Muy bajo (1 - 2 mts)",22,"Mediano",-68.8430894092,-32.8763499244,1,"0",0.150492264416315
5313,"lamo criollo","Medio (4 - 8 mts)",100,"Grande",-68.8433750339,-32.8762918616,1,"0",0.0128205128205128
5316,"Tilo","Medio (4 - 8 mts)",120,"Grande",-68.8435595637,-32.8762550023,1,"0",0
5319,"Morera","Medio (4 - 8 mts)",200,"Grande",-68.844882316,-32.8761591892,1,"1",0.185148665048544
5323,"Morera","Bajo (2 - 4 mts)",50,"Mediano",-68.8418313875,-32.8777186244,1,"0",0.185148665048544
5324,"Paraiso","Bajo (2 - 4 mts)",80,"Grande",-68.8418412271,-32.8777534765,1,"0",0.0859023207481815
5325,"Morera","Bajo (2 - 4 mts)",32,"Mediano",-68.8418510657,-32.8777858759,1,"0",0.185148665048544
5326,"Paraiso sombrilla","Muy bajo (1 - 2 mts)",7,"Chico",-68.8419220965,-32.8780435254,1,"0",0.022887323943662
5329,"Fresno europeo","Medio (4 - 8 mts)",110,"Grande",-68.8420084694,-32.8783746848,1,"0",0.0420032310177706
5331,"Paraiso sombrilla","Medio (4 - 8 mts)",80,"Grande",-68.8427140646,-32.8780554018,1,"0",0.022887323943662
5333,"Prunas","Bajo (2 - 4 mts)",60,"Mediano",-68.8427841989,-32.8783321141,1,"0",0.0321782178217822
5337,"Caducifolio","Bajo (2 - 4 mts)",70,"Grande",-68.8420011215,-32.8777869528,1,"0",0.0512249443207127
5339,"Liquidambar","Bajo (2 - 4 mts)",46,"Mediano",-68.8420206209,-32.8776671163,1,"0",0
5341,"Morera","Medio (4 - 8 mts)",126,"Grande",-68.8420658355,-32.8776630535,1,"0",0.185148665048544
5343,"Conifera","Medio (4 - 8 mts)",60,"Mediano",-68.8422603482,-32.877649082,1,"0",0.021505376344086
5349,"Morera","Medio (4 - 8 mts)",110,"Grande",-68.8440192824,-32.8779132378,1,"0",0.185148665048544
5358,"lamo blanco","Bajo (2 - 4 mts)",30,"Mediano",-68.8432458246,-32.8784069145,1,"0",0.046875
5359,"lamo blanco","Bajo (2 - 4 mts)",36,"Mediano",-68.8432056008,-32.8784172102,1,"0",0.046875
5362,"Morera","Bajo (2 - 4 mts)",60,"Mediano",-68.8429607485,-32.8781772356,1,"0",0.185148665048544
5368,"lamo blanco","Bajo (2 - 4 mts)",46,"Mediano",-68.842757574,-32.8776784721,1,"0",0.046875
5370,"Acer","Bajo (2 - 4 mts)",60,"Mediano",-68.8428968793,-32.8776204139,1,"0",0.0204081632653061
5373,"Acer","Bajo (2 - 4 mts)",50,"Mediano",-68.8431415567,-32.8775892312,1,"0",0.0204081632653061
5376,"Acer","Medio (4 - 8 mts)",60,"Mediano",-68.8450242396,-32.8770015585,1,"0",0.0204081632653061
5377,"lamo blanco","Medio (4 - 8 mts)",100,"Grande",-68.8449627447,-32.8770283185,1,"0",0.046875
5379,"lamo blanco","Medio (4 - 8 mts)",60,"Mediano",-68.8448821244,-32.87706683,1,"0",0.046875
5383,"Acer","Medio (4 - 8 mts)",150,"Grande",-68.8443846417,-32.8772948851,1,"0",0.0204081632653061
5394,"Paraiso sombrilla","Medio (4 - 8 mts)",60,"Mediano",-68.8455994498,-32.8788945445,1,"0",0.022887323943662
5395,"Aguaribay","Medio (4 - 8 mts)",140,"Grande",-68.8456211193,-32.87896697,1,"1",0.106529209621993
5402,"Fresno europeo","Medio (4 - 8 mts)",70,"Grande",-68.8443040378,-32.8783989326,1,"0",0.0420032310177706
5403,"Morera","Medio (4 - 8 mts)",80,"Grande",-68.8444195687,-32.8783149114,1,"1",0.185148665048544
5409,"lamo blanco","Bajo (2 - 4 mts)",18,"Chico",-68.8435310017,-32.8784826009,1,"0",0.046875
5411,"Paraiso sombrilla","Medio (4 - 8 mts)",100,"Grande",-68.8432126486,-32.8785438167,1,"1",0.022887323943662
5412,"Morera","Medio (4 - 8 mts)",110,"Grande",-68.8430713153,-32.8788266151,1,"0",0.185148665048544
5413,"Morera","Medio (4 - 8 mts)",170,"Grande",-68.8430871141,-32.878880833,1,"0",0.185148665048544
5416,"Morera","Medio (4 - 8 mts)",70,"Grande",-68.8434951618,-32.8793469524,1,"0",0.185148665048544
5423,"Morera","Alto (> 8 mts)",180,"Grande",-68.8442228547,-32.8786452724,1,"0",0.185148665048544
5425,"lamo blanco","Bajo (2 - 4 mts)",30,"Mediano",-68.8428857036,-32.8786673694,1,"0",0.046875
5426,"Morera","Medio (4 - 8 mts)",60,"Mediano",-68.842998008,-32.8791143282,1,"1",0.185148665048544
5427,"Morera","Bajo (2 - 4 mts)",36,"Mediano",-68.8430467346,-32.879277677,1,"0",0.185148665048544
5430,"Morera","Medio (4 - 8 mts)",90,"Grande",-68.8428351798,-32.8794253134,1,"0",0.185148665048544
5432,"Morera","Medio (4 - 8 mts)",80,"Grande",-68.8426583184,-32.8794509317,1,"1",0.185148665048544
5434,"Conifera","Muy bajo (1 - 2 mts)",36,"Mediano",-68.8418853484,-32.8793355078,1,"0",0.021505376344086
5435,"Morera","Medio (4 - 8 mts)",150,"Grande",-68.8418034196,-32.8789933605,1,"0",0.185148665048544
5436,"Caducifolio","Medio (4 - 8 mts)",80,"Grande",-68.8417917599,-32.8789513881,1,"0",0.0512249443207127
5437,"Morera","Medio (4 - 8 mts)",140,"Grande",-68.841773434,-32.8788723153,1,"0",0.185148665048544
5439,"Morera","Medio (4 - 8 mts)",130,"Grande",-68.8419487061,-32.8787771098,1,"0",0.185148665048544
5441,"Morera","Alto (> 8 mts)",180,"Grande",-68.8426078715,-32.8786445743,1,"0",0.185148665048544
5442,"Olmo comun","Bajo (2 - 4 mts)",130,"Grande",-68.8456907981,-32.8792365153,1,"0",0.0227272727272727
5444,"Morera","Medio (4 - 8 mts)",120,"Grande",-68.8457529614,-32.8794699032,1,"1",0.185148665048544
5445,"Paraiso sombrilla","Medio (4 - 8 mts)",70,"Grande",-68.8450708791,-32.8802377743,1,"0",0.022887323943662
5447,"Fresno europeo","Medio (4 - 8 mts)",60,"Mediano",-68.8446366877,-32.8796875546,1,"0",0.0420032310177706
5449,"Acacia visco","Bajo (2 - 4 mts)",68,"Grande",-68.84455408,-32.8793639092,1,"0",0.0625
5450,"Fresno europeo","Muy bajo (1 - 2 mts)",5,"Chico",-68.8448879969,-32.8792653863,1,"0",0.0420032310177706
5455,"Fresno europeo","Muy bajo (1 - 2 mts)",6,"Chico",-68.8445157708,-32.8803063769,1,"0",0.0420032310177706
5456,"Fresno europeo","Alto (> 8 mts)",180,"Grande",-68.8443914806,-32.880322231,1,"0",0.0420032310177706
5458,"Morera","Medio (4 - 8 mts)",100,"Grande",-68.84339835,-32.8800675518,1,"0",0.185148665048544
5459,"Morera","Medio (4 - 8 mts)",160,"Grande",-68.8432690002,-32.8795605607,1,"1",0.185148665048544
5462,"Acacia SP","Bajo (2 - 4 mts)",22,"Mediano",-68.8431896461,-32.8804628035,1,"0",0.150492264416315
5466,"Fresno americano","Bajo (2 - 4 mts)",12,"Chico",-68.8426083038,-32.8805349472,1,"0",0.0512455516014235
5476,"Olmo comun","Medio (4 - 8 mts)",120,"Grande",-68.8460389706,-32.8805132674,1,"0",0.0227272727272727
5481,"Fresno europeo","Bajo (2 - 4 mts)",28,"Mediano",-68.8452215974,-32.8813553829,1,"0",0.0420032310177706
5483,"Fresno americano","Muy bajo (1 - 2 mts)",7,"Chico",-68.8454049854,-32.8803136819,1,"0",0.0512455516014235
5485,"Acacia SP","Bajo (2 - 4 mts)",26,"Mediano",-68.8457224317,-32.8802766302,1,"0",0.150492264416315
5487,"Morera","Medio (4 - 8 mts)",120,"Grande",-68.8447281394,-32.8805588127,1,"0",0.185148665048544
5490,"Morera","Alto (> 8 mts)",140,"Grande",-68.8448752858,-32.8811138511,1,"0",0.185148665048544
5493,"Morera","Medio (4 - 8 mts)",120,"Grande",-68.8447522198,-32.8814186554,1,"0",0.185148665048544
5496,"Pltano","Alto (> 8 mts)",180,"Grande",-68.8437328277,-32.881280692,1,"0",0.0903973509933775
5498,"Paraiso sombrilla","Medio (4 - 8 mts)",190,"Grande",-68.843713341,-32.8805283339,1,"1",0.022887323943662
5500,"Jacarand","Bajo (2 - 4 mts)",30,"Mediano",-68.8438458353,-32.8805081924,1,"0",0.103064066852368
5502,"Paraiso sombrilla","Medio (4 - 8 mts)",64,"Grande",-68.8374003633,-32.8775489275,1,"0",0.022887323943662
5504,"Aguaribay","Bajo (2 - 4 mts)",6,"Chico",-68.8374072109,-32.8775821854,1,"0",0.106529209621993
5508,"Ailanthus","Medio (4 - 8 mts)",70,"Grande",-68.8387850321,-32.8783097164,1,"0",0.0380952380952381
5509,"Morera","Medio (4 - 8 mts)",50,"Mediano",-68.8373785625,-32.8762430633,1,"0",0.185148665048544
5513,"Morera","Medio (4 - 8 mts)",52,"Mediano",-68.8383230244,-32.8766329472,1,"0",0.185148665048544
5514,"Morera","Muy bajo (1 - 2 mts)",5,"Chico",-68.8383085424,-32.8765786456,1,"0",0.185148665048544
5515,"Fresno europeo","Medio (4 - 8 mts)",40,"Mediano",-68.8382966023,-32.8765338738,1,"0",0.0420032310177706
5519,"Morera","Bajo (2 - 4 mts)",10,"Chico",-68.8382064971,-32.8761794386,1,"0",0.185148665048544
5520,"Morera","Medio (4 - 8 mts)",57,"Mediano",-68.8381880475,-32.8761234331,1,"0",0.185148665048544
5522,"Morera","Medio (4 - 8 mts)",47,"Mediano",-68.8381532222,-32.8759874686,1,"0",0.185148665048544
5531,"Morera","Medio (4 - 8 mts)",80,"Grande",-68.8421531365,-32.881230338,1,"0",0.185148665048544
5532,"Morera","Alto (> 8 mts)",80,"Grande",-68.8421852773,-32.8813552251,1,"0",0.185148665048544
5533,"Morera","Alto (> 8 mts)",133,"Grande",-68.8415406627,-32.8818026695,1,"0",0.185148665048544
5538,"Morera","Medio (4 - 8 mts)",87,"Grande",-68.8407000176,-32.8800911544,1,"0",0.185148665048544
5539,"Morera","Medio (4 - 8 mts)",103,"Grande",-68.8407237986,-32.8801818526,1,"0",0.185148665048544
5541,"Paraiso","Bajo (2 - 4 mts)",120,"Grande",-68.8419024214,-32.8806212389,1,"0",0.0859023207481815
5544,"Fresno europeo","Alto (> 8 mts)",83,"Grande",-68.8418167226,-32.8799944405,1,"0",0.0420032310177706
5547,"Morera","Medio (4 - 8 mts)",58,"Mediano",-68.840993571,-32.8817435356,1,"0",0.185148665048544
5548,"Morera","Bajo (2 - 4 mts)",18,"Chico",-68.8407314537,-32.8818646312,1,"0",0.185148665048544
5551,"Morera","Alto (> 8 mts)",125,"Grande",-68.8401531139,-32.8809490937,1,"0",0.185148665048544
5554,"Pltano","Alto (> 8 mts)",160,"Grande",-68.8405894663,-32.8802257265,1,"0",0.0903973509933775
5556,"Pltano","Alto (> 8 mts)",180,"Grande",-68.8394313256,-32.8801702968,1,"0",0.0903973509933775
5558,"Morera","Medio (4 - 8 mts)",108,"Grande",-68.8396411916,-32.8798827177,1,"0",0.185148665048544
5559,"Caducifolio","Muy bajo (1 - 2 mts)",20,"Chico",-68.840056737,-32.8798604433,1,"0",0.0512249443207127
5563,"Pltano","Alto (> 8 mts)",210,"Grande",-68.8392604992,-32.8800858989,1,"0",0.0903973509933775
5564,"Pltano","Alto (> 8 mts)",190,"Grande",-68.8393943785,-32.8806063098,1,"0",0.0903973509933775
5566,"Morera","Alto (> 8 mts)",124,"Grande",-68.8393611871,-32.8809121286,1,"1",0.185148665048544
5567,"Morera","Alto (> 8 mts)",180,"Grande",-68.8391968373,-32.880927771,1,"0",0.185148665048544
5568,"Morera","Alto (> 8 mts)",110,"Grande",-68.8382657576,-32.8808625972,1,"0",0.185148665048544
5569,"Morera","Alto (> 8 mts)",75,"Grande",-68.8382862741,-32.8809290622,1,"0",0.185148665048544
5574,"Perenne","Medio (4 - 8 mts)",195,"Grande",-68.8381225683,-32.8799706657,1,"0",0.0364741641337386
5575,"Morera","Medio (4 - 8 mts)",80,"Grande",-68.8385713664,-32.8799435629,1,"0",0.185148665048544
5577,"Fresno europeo","Muy bajo (1 - 2 mts)",15,"Chico",-68.8389910753,-32.8799161036,1,"1",0.0420032310177706
5582,"Fresno europeo","Medio (4 - 8 mts)",50,"Mediano",-68.8388791598,-32.8820360321,1,"0",0.0420032310177706
5584,"Morera","Alto (> 8 mts)",145,"Grande",-68.8385485265,-32.8819007413,1,"0",0.185148665048544
5589,"Morera","Alto (> 8 mts)",151,"Grande",-68.8383972175,-32.8819033655,1,"0",0.185148665048544
5598,"Fresno europeo","Muy bajo (1 - 2 mts)",3,"Chico",-68.8369588246,-32.8800365719,1,"0",0.0420032310177706
5599,"Fresno americano","Medio (4 - 8 mts)",48,"Mediano",-68.8381541952,-32.8755408169,1,"0",0.0512455516014235
5604,"Pltano","Medio (4 - 8 mts)",35,"Mediano",-68.8400042869,-32.8759361704,1,"0",0.0903973509933775
5606,"Pltano","Medio (4 - 8 mts)",35,"Mediano",-68.8399445036,-32.8760144096,1,"0",0.0903973509933775
5608,"Pltano","Medio (4 - 8 mts)",44,"Mediano",-68.8398766535,-32.8761087598,1,"0",0.0903973509933775
5610,"Pltano","Medio (4 - 8 mts)",46,"Mediano",-68.8398117431,-32.8761946748,1,"0",0.0903973509933775
5613,"Pltano","Medio (4 - 8 mts)",37,"Mediano",-68.8396994719,-32.8763469397,1,"0",0.0903973509933775
5616,"Pltano","Medio (4 - 8 mts)",34,"Mediano",-68.8396159944,-32.8764603667,1,"0",0.0903973509933775
5621,"Pltano","Medio (4 - 8 mts)",37,"Mediano",-68.8394892725,-32.8766321093,1,"0",0.0903973509933775
5628,"Pltano","Medio (4 - 8 mts)",32,"Mediano",-68.8392514574,-32.8769571682,1,"0",0.0903973509933775
5634,"Pltano","Alto (> 8 mts)",70,"Grande",-68.8386379186,-32.8770793782,1,"0",0.0903973509933775
5636,"Pltano","Medio (4 - 8 mts)",35,"Mediano",-68.8387130831,-32.8769330591,1,"0",0.0903973509933775
5637,"Pltano","Medio (4 - 8 mts)",41,"Mediano",-68.8388212525,-32.876909402,1,"0",0.0903973509933775
5639,"Pltano","Medio (4 - 8 mts)",35,"Mediano",-68.8389603592,-32.8768833103,1,"0",0.0903973509933775
5642,"Paraiso sombrilla","Medio (4 - 8 mts)",41,"Mediano",-68.8391848173,-32.8768161434,1,"0",0.022887323943662
5645,"Pltano","Bajo (2 - 4 mts)",22,"Mediano",-68.8393357909,-32.8766143779,1,"0",0.0903973509933775
5652,"Pltano","Medio (4 - 8 mts)",49,"Mediano",-68.8396017716,-32.8762575495,1,"0",0.0903973509933775
5653,"Pltano","Bajo (2 - 4 mts)",18,"Chico",-68.8396332068,-32.8762200749,1,"0",0.0903973509933775
5654,"Pltano","Medio (4 - 8 mts)",42,"Mediano",-68.8396620493,-32.8761821767,1,"0",0.0903973509933775
5657,"Pltano","Medio (4 - 8 mts)",28,"Mediano",-68.8397245029,-32.8760827513,1,"0",0.0903973509933775
5658,"Pltano","Medio (4 - 8 mts)",25,"Mediano",-68.8397485415,-32.876052909,1,"0",0.0903973509933775
5663,"Pltano","Bajo (2 - 4 mts)",18,"Chico",-68.8398841749,-32.8758728927,1,"0",0.0903973509933775
5672,"Pltano","Bajo (2 - 4 mts)",26,"Mediano",-68.8402584547,-32.8753694256,1,"0",0.0903973509933775
5673,"Pltano","Bajo (2 - 4 mts)",27,"Mediano",-68.8402937921,-32.8753215033,1,"0",0.0903973509933775
5677,"Morera","Medio (4 - 8 mts)",70,"Grande",-68.8385128981,-32.8768245435,1,"0",0.185148665048544
5682,"Olmo bola","Alto (> 8 mts)",85,"Grande",-68.8383796369,-32.8762897637,1,"0",0.0231481481481481
5685,"Paraiso sombrilla","Medio (4 - 8 mts)",110,"Grande",-68.8394122896,-32.8752631018,1,"0",0.022887323943662
5686,"Paraiso sombrilla","Alto (> 8 mts)",152,"Grande",-68.8394204158,-32.8753129687,1,"0",0.022887323943662
5694,"lamo criollo","Medio (4 - 8 mts)",20,"Chico",-68.8393144079,-32.8751951634,1,"0",0.0128205128205128
5696,"Morera","Bajo (2 - 4 mts)",20,"Chico",-68.8392989986,-32.8748372497,1,"0",0.185148665048544
5703,"Pltano","Medio (4 - 8 mts)",70,"Grande",-68.8403955176,-32.8751459724,1,"0",0.0903973509933775
5715,"Morera","Bajo (2 - 4 mts)",23,"Mediano",-68.8408248819,-32.8788711965,1,"0",0.185148665048544
5718,"Morera","Medio (4 - 8 mts)",36,"Mediano",-68.8406642405,-32.8789032104,1,"0",0.185148665048544
5719,"Morera","Medio (4 - 8 mts)",27,"Mediano",-68.8406091912,-32.8789149137,1,"0",0.185148665048544
5721,"Morera","Medio (4 - 8 mts)",60,"Mediano",-68.8405128355,-32.8789402547,1,"0",0.185148665048544
5722,"Morera","Medio (4 - 8 mts)",40,"Mediano",-68.8404624789,-32.8789474193,1,"0",0.185148665048544
5724,"Morera","Medio (4 - 8 mts)",43,"Mediano",-68.8403472607,-32.8789677371,1,"0",0.185148665048544
5726,"Morera","Bajo (2 - 4 mts)",26,"Mediano",-68.8402363422,-32.8789292438,1,"0",0.185148665048544
5730,"Morera","Bajo (2 - 4 mts)",11,"Chico",-68.8400432864,-32.8788508094,1,"0",0.185148665048544
5731,"Morera","Bajo (2 - 4 mts)",11,"Chico",-68.8399943458,-32.8788317933,1,"0",0.185148665048544
5732,"Morera","Bajo (2 - 4 mts)",20,"Chico",-68.8399281445,-32.8788043286,1,"0",0.185148665048544
5734,"Morera","Bajo (2 - 4 mts)",15,"Chico",-68.8398062389,-32.8787546399,1,"0",0.185148665048544
5740,"Morera","Medio (4 - 8 mts)",50,"Mediano",-68.8393788886,-32.8785807882,1,"0",0.185148665048544
5742,"Morera","Medio (4 - 8 mts)",66,"Grande",-68.8392509762,-32.8785280858,1,"0",0.185148665048544
5745,"Morera","Bajo (2 - 4 mts)",34,"Mediano",-68.8414983689,-32.8788749048,1,"0",0.185148665048544
5749,"Morera","Bajo (2 - 4 mts)",40,"Mediano",-68.8411865512,-32.8789334069,1,"0",0.185148665048544
5750,"Morera","Bajo (2 - 4 mts)",40,"Mediano",-68.841125979,-32.878947712,1,"0",0.185148665048544
5752,"Morera","Bajo (2 - 4 mts)",24,"Mediano",-68.8410160884,-32.8789689407,1,"0",0.185148665048544
5769,"Morera","Bajo (2 - 4 mts)",28,"Mediano",-68.8400325144,-32.8789808261,1,"0",0.185148665048544
5772,"Morera","Bajo (2 - 4 mts)",22,"Mediano",-68.8398140179,-32.8788968603,1,"0",0.185148665048544
5773,"Morera","Muy bajo (1 - 2 mts)",5,"Chico",-68.8397530782,-32.8788718045,1,"0",0.185148665048544
5774,"Morera","Bajo (2 - 4 mts)",26,"Mediano",-68.8396906115,-32.8788480009,1,"0",0.185148665048544
5775,"Morera","Bajo (2 - 4 mts)",60,"Mediano",-68.839627575,-32.8788183887,1,"0",0.185148665048544
5786,"Fresno americano","Medio (4 - 8 mts)",25,"Mediano",-68.8415281999,-32.8784430054,1,"1",0.0512455516014235
5788,"Conifera","Alto (> 8 mts)",35,"Mediano",-68.8414937108,-32.8783159636,1,"0",0.021505376344086
5791,"Conifera","Alto (> 8 mts)",50,"Mediano",-68.8414277979,-32.8780832216,1,"0",0.021505376344086
5794,"Conifera","Alto (> 8 mts)",42,"Mediano",-68.8413884582,-32.8779271076,1,"0",0.021505376344086
5796,"Conifera","Medio (4 - 8 mts)",25,"Mediano",-68.8413501773,-32.8778004983,1,"0",0.021505376344086
5802,"Paraiso","Alto (> 8 mts)",125,"Grande",-68.8429257313,-32.8760005958,1,"0",0.0859023207481815
5803,"Paraiso","Alto (> 8 mts)",130,"Grande",-68.8429357173,-32.8758913799,1,"0",0.0859023207481815
5815,"Paraiso","Medio (4 - 8 mts)",77,"Grande",-68.8430314984,-32.8751275078,1,"0",0.0859023207481815
5817,"Paraiso","Medio (4 - 8 mts)",84,"Grande",-68.8430547074,-32.8749964757,1,"0",0.0859023207481815
5821,"Paraiso","Medio (4 - 8 mts)",106,"Grande",-68.8431098793,-32.8746915534,1,"0",0.0859023207481815
5822,"Paraiso","Medio (4 - 8 mts)",105,"Grande",-68.8431236603,-32.8746200077,1,"0",0.0859023207481815
5825,"Paraiso","Medio (4 - 8 mts)",91,"Grande",-68.8431699509,-32.8743570778,1,"0",0.0859023207481815
5829,"Paraiso","Medio (4 - 8 mts)",82,"Grande",-68.8432271348,-32.8741179544,1,"0",0.0859023207481815
5832,"Paraiso","Medio (4 - 8 mts)",90,"Grande",-68.8433272521,-32.8738375124,1,"0",0.0859023207481815
5833,"Paraiso","Medio (4 - 8 mts)",80,"Grande",-68.8433643198,-32.8737742022,1,"0",0.0859023207481815
5834,"Paraiso","Medio (4 - 8 mts)",85,"Grande",-68.8433991959,-32.8737078262,1,"0",0.0859023207481815
5836,"Paraiso","Medio (4 - 8 mts)",70,"Grande",-68.8434463169,-32.8736142966,1,"1",0.0859023207481815
5838,"Paraiso","Medio (4 - 8 mts)",90,"Grande",-68.843511435,-32.8734788454,1,"0",0.0859023207481815
5839,"Paraiso","Medio (4 - 8 mts)",92,"Grande",-68.8435227639,-32.8734050595,1,"0",0.0859023207481815
5841,"Paraiso","Medio (4 - 8 mts)",105,"Grande",-68.8434772491,-32.8732346608,1,"0",0.0859023207481815
5843,"Paraiso","Alto (> 8 mts)",180,"Grande",-68.8433832009,-32.8731140967,1,"0",0.0859023207481815
5844,"Paraiso","Bajo (2 - 4 mts)",50,"Mediano",-68.8407133935,-32.8796919776,1,"1",0.0859023207481815
5846,"Morera","Medio (4 - 8 mts)",33,"Mediano",-68.8416633549,-32.8793459066,1,"0",0.185148665048544
5847,"Morera","Medio (4 - 8 mts)",35,"Mediano",-68.8416503516,-32.8792963331,1,"0",0.185148665048544
5849,"Fresno europeo","Bajo (2 - 4 mts)",32,"Mediano",-68.8415955714,-32.8790845958,1,"0",0.0420032310177706
5852,"Acer","Bajo (2 - 4 mts)",26,"Mediano",-68.8360198634,-32.8763311522,1,"0",0.0204081632653061
5853,"Fresno americano","Alto (> 8 mts)",120,"Grande",-68.8362707791,-32.8763208572,1,"0",0.0512455516014235
5855,"Fresno europeo","Alto (> 8 mts)",88,"Grande",-68.8368070888,-32.8762925054,1,"0",0.0420032310177706
5856,"Fresno europeo","Bajo (2 - 4 mts)",40,"Mediano",-68.837054957,-32.8768229116,1,"0",0.0420032310177706
5858,"Fresno europeo","Alto (> 8 mts)",98,"Grande",-68.8370298067,-32.8767367238,1,"0",0.0420032310177706
5859,"Morera","Alto (> 8 mts)",98,"Grande",-68.8370859393,-32.8785034583,1,"1",0.185148665048544
5862,"Morera","Medio (4 - 8 mts)",27,"Mediano",-68.8422127401,-32.8858473426,1,"0",0.185148665048544
5866,"Fresno europeo","Medio (4 - 8 mts)",35,"Mediano",-68.8430688566,-32.8865304236,1,"0",0.0420032310177706
5867,"Fresno americano","Medio (4 - 8 mts)",128,"Grande",-68.8432452692,-32.8864987484,1,"0",0.0512455516014235
5868,"Morera","Bajo (2 - 4 mts)",20,"Chico",-68.8434965769,-32.8863450839,1,"0",0.185148665048544
5869,"Morera","Alto (> 8 mts)",138,"Grande",-68.8434650717,-32.8862328911,1,"1",0.185148665048544
5870,"Morera","Alto (> 8 mts)",195,"Grande",-68.843434207,-32.886104062,1,"1",0.185148665048544
5871,"Morera","Alto (> 8 mts)",185,"Grande",-68.8434037746,-32.8859707457,1,"0",0.185148665048544
5874,"Jacarand","Muy bajo (1 - 2 mts)",12,"Chico",-68.8410674808,-32.8820134782,1,"1",0.103064066852368
5876,"Acer","Alto (> 8 mts)",155,"Grande",-68.8412289433,-32.8826507831,1,"0",0.0204081632653061
5880,"Fresno europeo","Muy bajo (1 - 2 mts)",10,"Chico",-68.8428337212,-32.8829135101,1,"0",0.0420032310177706
5883,"Fresno europeo","Muy bajo (1 - 2 mts)",8,"Chico",-68.8427393181,-32.8825536025,1,"0",0.0420032310177706
5885,"Acacia SP","Medio (4 - 8 mts)",52,"Mediano",-68.8427201853,-32.8824748679,1,"0",0.150492264416315
5887,"Braquiquito","Alto (> 8 mts)",82,"Grande",-68.8435389159,-32.8817225081,1,"0",0
5888,"Olmo comun","Alto (> 8 mts)",100,"Grande",-68.8430452544,-32.881770278,1,"1",0.0227272727272727
5889,"Pltano","Alto (> 8 mts)",102,"Grande",-68.8463901273,-32.8826422631,1,"0",0.0903973509933775
5890,"Pltano","Alto (> 8 mts)",185,"Grande",-68.8457442848,-32.8827602608,1,"0",0.0903973509933775
5891,"Pltano","Alto (> 8 mts)",155,"Grande",-68.845661391,-32.8827758795,1,"0",0.0903973509933775
5893,"Paraiso","Alto (> 8 mts)",81,"Grande",-68.8455320419,-32.8830664337,1,"0",0.0859023207481815
5894,"Morera","Alto (> 8 mts)",145,"Grande",-68.8456875931,-32.8836693674,1,"1",0.185148665048544
5898,"Morera","Medio (4 - 8 mts)",107,"Grande",-68.8466428057,-32.8828224644,1,"1",0.185148665048544
5899,"Fresno europeo","Alto (> 8 mts)",92,"Grande",-68.8441754313,-32.886322878,1,"0",0.0420032310177706
5902,"Morera","Bajo (2 - 4 mts)",24,"Mediano",-68.8425387354,-32.8876683922,3,"0",0.185148665048544
5903,"Paraiso","Alto (> 8 mts)",102,"Grande",-68.8414252795,-32.8878847259,3,"0",0.0859023207481815
5907,"Morera","Alto (> 8 mts)",195,"Grande",-68.8438314543,-32.8865797657,1,"0",0.185148665048544
5916,"Fresno americano","Alto (> 8 mts)",115,"Grande",-68.8434160731,-32.8866013865,1,"0",0.0512455516014235
5917,"Fresno europeo","Muy bajo (1 - 2 mts)",5,"Chico",-68.8434943975,-32.8865890601,1,"0",0.0420032310177706
5920,"Morera","Medio (4 - 8 mts)",35,"Mediano",-68.8443470346,-32.8735935023,6,"0",0.185148665048544
5921,"Morera","Alto (> 8 mts)",170,"Grande",-68.8444917759,-32.874160203,1,"0",0.185148665048544
5922,"Olmo comun","Alto (> 8 mts)",145,"Grande",-68.8451343667,-32.8766395451,1,"1",0.0227272727272727
5923,"Morera","Alto (> 8 mts)",160,"Grande",-68.8451669746,-32.8767639921,1,"0",0.185148665048544
5924,"Morera","Alto (> 8 mts)",175,"Grande",-68.8451508096,-32.8767029644,1,"0",0.185148665048544
5925,"Morera","Alto (> 8 mts)",200,"Grande",-68.8451228583,-32.8765774285,1,"0",0.185148665048544
5927,"Morera","Alto (> 8 mts)",180,"Grande",-68.8450866408,-32.8764554792,1,"0",0.185148665048544
5929,"Morera","Alto (> 8 mts)",180,"Grande",-68.8450385309,-32.8762699313,1,"1",0.185148665048544
5932,"Morera","Alto (> 8 mts)",145,"Grande",-68.8449742295,-32.8760222556,1,"1",0.185148665048544
5934,"Morera","Alto (> 8 mts)",165,"Grande",-68.8449335409,-32.8758650716,1,"0",0.185148665048544
5945,"Morera","Alto (> 8 mts)",140,"Grande",-68.84458638,-32.8745264254,1,"0",0.185148665048544
5947,"Morera","Alto (> 8 mts)",145,"Grande",-68.8446264828,-32.8746872869,1,"1",0.185148665048544
5950,"Morera","Alto (> 8 mts)",145,"Grande",-68.8447177629,-32.8750331592,1,"1",0.185148665048544
5952,"Morera","Alto (> 8 mts)",160,"Grande",-68.8447499088,-32.8751571865,1,"0",0.185148665048544
5955,"Morera","Alto (> 8 mts)",145,"Grande",-68.8448116612,-32.875395258,1,"0",0.185148665048544
5959,"Morera","Alto (> 8 mts)",130,"Grande",-68.8448986823,-32.8757307283,1,"0",0.185148665048544
5960,"Morera","Alto (> 8 mts)",180,"Grande",-68.8448810424,-32.8756627286,1,"0",0.185148665048544
5962,"Paraiso","Medio (4 - 8 mts)",50,"Mediano",-68.8480586131,-32.8839969626,1,"0",0.0859023207481815
5963,"Morera","Medio (4 - 8 mts)",48,"Mediano",-68.8480695971,-32.8840374584,1,"0",0.185148665048544
5965,"Paraiso","Alto (> 8 mts)",140,"Grande",-68.8480952375,-32.8841319842,1,"0",0.0859023207481815
5966,"Fresno americano","Medio (4 - 8 mts)",50,"Mediano",-68.8472483843,-32.8843795737,1,"0",0.0512455516014235
5967,"Fresno americano","Alto (> 8 mts)",80,"Grande",-68.8472362527,-32.8843336131,1,"0",0.0512455516014235
5974,"Fresno americano","Alto (> 8 mts)",110,"Grande",-68.8472050151,-32.8850046802,1,"0",0.0512455516014235
5988,"Pltano","Alto (> 8 mts)",200,"Grande",-68.8449609159,-32.8859444402,1,"0",0.0903973509933775
5997,"Fresno europeo","Alto (> 8 mts)",140,"Grande",-68.8484417478,-32.8846881609,1,"0",0.0420032310177706
6000,"Morera","Medio (4 - 8 mts)",64,"Grande",-68.8485129826,-32.8855092633,1,"0",0.185148665048544
6002,"Morera","Alto (> 8 mts)",120,"Grande",-68.8475061591,-32.8855427071,1,"0",0.185148665048544
6006,"Morera","Alto (> 8 mts)",160,"Grande",-68.8453360978,-32.8773426557,1,"1",0.185148665048544
6008,"Morera","Alto (> 8 mts)",160,"Grande",-68.8452601556,-32.8770637663,1,"0",0.185148665048544
6014,"Morera","Muy bajo (1 - 2 mts)",5,"Chico",-68.8429705452,-32.8833744892,1,"0",0.185148665048544
6015,"Morera","Alto (> 8 mts)",165,"Grande",-68.843016933,-32.8835679253,1,"1",0.185148665048544
6017,"Morera","Bajo (2 - 4 mts)",12,"Chico",-68.8431339924,-32.8839989648,1,"0",0.185148665048544
6019,"Fresno europeo","Alto (> 8 mts)",55,"Mediano",-68.843945372,-32.8840708006,1,"0",0.0420032310177706
6034,"Morera","Alto (> 8 mts)",70,"Grande",-68.8476090732,-32.8859481711,1,"0",0.185148665048544
6035,"Morera","Alto (> 8 mts)",52,"Mediano",-68.8475968473,-32.8859039805,1,"0",0.185148665048544
6037,"Morera","Alto (> 8 mts)",140,"Grande",-68.8461862413,-32.8861412904,1,"0",0.185148665048544
6039,"Morera","Muy bajo (1 - 2 mts)",20,"Chico",-68.8462528609,-32.8864042723,1,"0",0.185148665048544
6043,"Pltano","Alto (> 8 mts)",170,"Grande",-68.8455830143,-32.8871738978,1,"0",0.0903973509933775
6047,"Pltano","Alto (> 8 mts)",190,"Grande",-68.8450927821,-32.8864525944,1,"0",0.0903973509933775
6048,"Pltano","Alto (> 8 mts)",180,"Grande",-68.8450695423,-32.8863649049,1,"0",0.0903973509933775
6049,"Fresno europeo","Bajo (2 - 4 mts)",22,"Mediano",-68.8462186554,-32.8813527454,1,"0",0.0420032310177706
6053,"Fresno europeo","Muy bajo (1 - 2 mts)",5,"Chico",-68.8455021748,-32.8814438558,1,"1",0.0420032310177706
6054,"Morera","Alto (> 8 mts)",100,"Grande",-68.8451563575,-32.8816456769,1,"1",0.185148665048544
6056,"Morera","Bajo (2 - 4 mts)",30,"Mediano",-68.8453405799,-32.8823061802,1,"0",0.185148665048544
6058,"Acer","Medio (4 - 8 mts)",70,"Grande",-68.8465015634,-32.8822694526,1,"0",0.0204081632653061
6062,"Fresno europeo","Medio (4 - 8 mts)",67,"Grande",-68.8450372671,-32.8817115595,1,"0",0.0420032310177706
6063,"Morera","Alto (> 8 mts)",194,"Grande",-68.8451013821,-32.88196502,1,"0",0.185148665048544
6064,"Acer","Medio (4 - 8 mts)",54,"Mediano",-68.8451362017,-32.88209198,1,"0",0.0204081632653061
6067,"Pltano","Alto (> 8 mts)",194,"Grande",-68.8442600033,-32.8832811379,1,"1",0.0903973509933775
6073,"Fresno europeo","Medio (4 - 8 mts)",48,"Mediano",-68.845428151,-32.8837930767,1,"0",0.0420032310177706
6075,"Morera","Medio (4 - 8 mts)",65,"Grande",-68.8455217132,-32.8835618495,1,"0",0.185148665048544
6078,"Morera","Muy bajo (1 - 2 mts)",12,"Chico",-68.8427229045,-32.8834516451,1,"0",0.185148665048544
6082,"Conifera","Medio (4 - 8 mts)",33,"Mediano",-68.8429162348,-32.8841490036,1,"0",0.021505376344086
6087,"Morera","Medio (4 - 8 mts)",60,"Mediano",-68.8457739965,-32.884567878,1,"1",0.185148665048544
6091,"Fresno europeo","Medio (4 - 8 mts)",42,"Mediano",-68.8446595874,-32.8840568659,1,"0",0.0420032310177706
6092,"Fresno americano","Alto (> 8 mts)",80,"Grande",-68.8469135202,-32.8838731849,1,"1",0.0512455516014235
6094,"Fresno europeo","Medio (4 - 8 mts)",26,"Mediano",-68.8465704485,-32.8837034411,1,"0",0.0420032310177706
6097,"Pltano","Alto (> 8 mts)",144,"Grande",-68.840148133,-32.8860726803,3,"0",0.0903973509933775
6099,"Acacia SP","Medio (4 - 8 mts)",54,"Mediano",-68.8398982847,-32.8870326256,3,"0",0.150492264416315
6104,"Fresno europeo","Medio (4 - 8 mts)",22,"Mediano",-68.839791376,-32.8821765641,1,"0",0.0420032310177706
6105,"Pltano","Alto (> 8 mts)",142,"Grande",-68.8398006065,-32.8822166002,1,"0",0.0903973509933775
6107,"Pltano","Alto (> 8 mts)",158,"Grande",-68.8398688969,-32.8824457807,1,"0",0.0903973509933775
6111,"Morera","Alto (> 8 mts)",48,"Mediano",-68.8389948974,-32.883635119,1,"0",0.185148665048544
6113,"Morera","Alto (> 8 mts)",98,"Grande",-68.8388707659,-32.883138518,1,"0",0.185148665048544
6120,"Morera","Alto (> 8 mts)",102,"Grande",-68.8384974274,-32.8822733314,1,"1",0.185148665048544
6121,"Morera","Medio (4 - 8 mts)",38,"Mediano",-68.8385085434,-32.8823139814,1,"0",0.185148665048544
6123,"Morera","Alto (> 8 mts)",108,"Grande",-68.8387013111,-32.8830155792,1,"1",0.185148665048544
6128,"Pltano","Muy bajo (1 - 2 mts)",10,"Chico",-68.8380036441,-32.8839762233,3,"0",0.0903973509933775
6131,"Pltano","Alto (> 8 mts)",178,"Grande",-68.8374172706,-32.8826171133,1,"1",0.0903973509933775
6132,"Pltano","Muy bajo (1 - 2 mts)",4,"Chico",-68.8373961894,-32.8825247517,1,"0",0.0903973509933775
6137,"Morera","Medio (4 - 8 mts)",90,"Grande",-68.8431770541,-32.8805874963,1,"0",0.185148665048544
6141,"Fresno americano","Medio (4 - 8 mts)",56,"Mediano",-68.8435773895,-32.8812615063,1,"0",0.0512455516014235
6143,"Paraiso","Bajo (2 - 4 mts)",30,"Mediano",-68.8425341048,-32.8826837886,1,"0",0.0859023207481815
6144,"Olmo comun","Medio (4 - 8 mts)",42,"Mediano",-68.8425408363,-32.8827060608,1,"0",0.0227272727272727
6145,"Morera","Muy bajo (1 - 2 mts)",6,"Chico",-68.8412492334,-32.8821785149,1,"0",0.185148665048544
6147,"Prunas","Bajo (2 - 4 mts)",24,"Mediano",-68.8422112371,-32.881834861,1,"0",0.0321782178217822
6150,"Morera","Medio (4 - 8 mts)",52,"Mediano",-68.840488211,-32.8837127205,1,"0",0.185148665048544
6153,"Pltano","Alto (> 8 mts)",148,"Grande",-68.8404450383,-32.8841129871,1,"0",0.0903973509933775
6159,"Morera","Alto (> 8 mts)",158,"Grande",-68.8419645547,-32.8854691328,1,"0",0.185148665048544
6160,"Pltano","Alto (> 8 mts)",56,"Mediano",-68.8418227306,-32.8855631695,1,"0",0.0903973509933775
6161,"Pltano","Medio (4 - 8 mts)",32,"Mediano",-68.8413897616,-32.8856427365,1,"0",0.0903973509933775
6168,"Acacia SP","Medio (4 - 8 mts)",42,"Mediano",-68.8391163366,-32.8840906533,1,"1",0.150492264416315
6169,"Acacia SP","Medio (4 - 8 mts)",26,"Mediano",-68.839105317,-32.8840519818,1,"0",0.150492264416315
6170,"Fresno europeo","Bajo (2 - 4 mts)",8,"Chico",-68.8391582016,-32.8842271152,1,"0",0.0420032310177706
6171,"Fresno americano","Medio (4 - 8 mts)",36,"Mediano",-68.8392581683,-32.8845864139,1,"0",0.0512455516014235
6179,"Fresno europeo","Bajo (2 - 4 mts)",14,"Chico",-68.8402614018,-32.8848733644,1,"0",0.0420032310177706
6182,"Fresno europeo","Bajo (2 - 4 mts)",12,"Chico",-68.83953207,-32.8856139697,3,"0",0.0420032310177706
6188,"Pltano","Alto (> 8 mts)",118,"Grande",-68.8406711295,-32.88710395,3,"0",0.0903973509933775
6189,"Pltano","Medio (4 - 8 mts)",108,"Grande",-68.8404743892,-32.8871416848,3,"0",0.0903973509933775
6192,"Pltano","Alto (> 8 mts)",92,"Grande",-68.8402177635,-32.8871924272,3,"0",0.0903973509933775
6193,"Pltano","Alto (> 8 mts)",162,"Grande",-68.8400418598,-32.8872261898,3,"0",0.0903973509933775
6196,"Perenne","Alto (> 8 mts)",92,"Grande",-68.8405169654,-32.8881269564,3,"0",0.0364741641337386
6200,"Pltano","Alto (> 8 mts)",92,"Grande",-68.8410448517,-32.8880305271,3,"0",0.0903973509933775
6203,"Tilo","Medio (4 - 8 mts)",58,"Mediano",-68.8412421078,-32.8877176877,3,"0",0
6213,"Acacia SP","Bajo (2 - 4 mts)",34,"Mediano",-68.8392656161,-32.8851989321,3,"0",0.150492264416315
6214,"Acacia SP","Bajo (2 - 4 mts)",22,"Mediano",-68.8392418072,-32.885110139,3,"1",0.150492264416315
6217,"Fresno americano","Alto (> 8 mts)",168,"Grande",-68.8390700458,-32.8874038919,3,"0",0.0512455516014235
6219,"Pltano","Alto (> 8 mts)",186,"Grande",-68.8393197893,-32.8883360979,3,"0",0.0903973509933775
6220,"Pltano","Alto (> 8 mts)",52,"Mediano",-68.8396113482,-32.888280754,3,"0",0.0903973509933775
6225,"Pltano","Medio (4 - 8 mts)",42,"Mediano",-68.8385208004,-32.886372946,3,"1",0.0903973509933775
6227,"Pltano","Bajo (2 - 4 mts)",6,"Chico",-68.8386030592,-32.8871221886,3,"0",0.0903973509933775
6229,"Fresno europeo","Medio (4 - 8 mts)",30,"Mediano",-68.8387450377,-32.8873326409,3,"0",0.0420032310177706
6231,"Fresno europeo","Muy bajo (1 - 2 mts)",6,"Chico",-68.8389161484,-32.8873003761,3,"0",0.0420032310177706
6243,"Jacarand","Bajo (2 - 4 mts)",27,"Mediano",-68.853918443,-32.8856585463,5,"0",0.103064066852368
6257,"Fresno europeo","Muy bajo (1 - 2 mts)",3,"Chico",-68.8515585929,-32.8833252569,1,"0",0.0420032310177706
6259,"Caducifolio","Medio (4 - 8 mts)",25,"Mediano",-68.851100124,-32.8838700925,1,"0",0.0512249443207127
6260,"Morera","Alto (> 8 mts)",85,"Grande",-68.8506644455,-32.8839527001,1,"0",0.185148665048544
6265,"Ailanthus","Bajo (2 - 4 mts)",20,"Chico",-68.8501427824,-32.8838027297,1,"0",0.0380952380952381
6268,"Ailanthus","Alto (> 8 mts)",30,"Mediano",-68.8504124109,-32.8830001863,1,"0",0.0380952380952381
6269,"Caducifolio","Medio (4 - 8 mts)",20,"Chico",-68.851015349,-32.8828882124,1,"0",0.0512249443207127
6270,"Morera","Muy bajo (1 - 2 mts)",5,"Chico",-68.8512233854,-32.8828483005,1,"0",0.185148665048544
6272,"Fresno europeo","Medio (4 - 8 mts)",52,"Mediano",-68.8501901353,-32.8845180558,1,"0",0.0420032310177706
6274,"Fresno americano","Medio (4 - 8 mts)",105,"Grande",-68.8502480228,-32.884739698,1,"0",0.0512455516014235
6279,"Fresno europeo","Alto (> 8 mts)",155,"Grande",-68.849589361,-32.8843472566,1,"1",0.0420032310177706
6281,"Morera","Alto (> 8 mts)",93,"Grande",-68.8500013108,-32.8842715538,1,"0",0.185148665048544
6287,"Pltano","Alto (> 8 mts)",180,"Grande",-68.8607538296,-32.8900147619,5,"0",0.0903973509933775
6288,"Morera","Medio (4 - 8 mts)",73,"Grande",-68.8617364366,-32.8896772406,5,"0",0.185148665048544
6290,"Morera","Bajo (2 - 4 mts)",25,"Mediano",-68.8616660474,-32.8893036523,5,"1",0.185148665048544
6299,"Acer","Medio (4 - 8 mts)",140,"Grande",-68.858595266,-32.8904027984,5,"0",0.0204081632653061
6301,"Olmo comun","Medio (4 - 8 mts)",80,"Grande",-68.8587795547,-32.8903687595,5,"0",0.0227272727272727
6303,"Fresno europeo","Muy bajo (1 - 2 mts)",5,"Chico",-68.8588937476,-32.8900310597,5,"0",0.0420032310177706
6309,"Acacia SP","Alto (> 8 mts)",92,"Grande",-68.8575981264,-32.8897585011,5,"0",0.150492264416315
6310,"Acacia SP","Alto (> 8 mts)",125,"Grande",-68.8576216249,-32.8898430849,5,"0",0.150492264416315
6311,"Fresno americano","Muy bajo (1 - 2 mts)",20,"Chico",-68.8576410739,-32.8899183974,5,"1",0.0512455516014235
6316,"Paraiso","Medio (4 - 8 mts)",53,"Mediano",-68.8577508908,-32.890559223,5,"0",0.0859023207481815
6317,"Pltano","Alto (> 8 mts)",230,"Grande",-68.8574954766,-32.8906095694,5,"0",0.0903973509933775
6318,"Morera","Medio (4 - 8 mts)",44,"Mediano",-68.8563500221,-32.8905581528,5,"1",0.185148665048544
6319,"Morera","Alto (> 8 mts)",145,"Grande",-68.8563387997,-32.8905182094,5,"1",0.185148665048544
6321,"Pltano","Alto (> 8 mts)",135,"Grande",-68.8566380374,-32.8897859291,5,"0",0.0903973509933775
6322,"Fresno europeo","Alto (> 8 mts)",122,"Grande",-68.8561025917,-32.8901052885,5,"0",0.0420032310177706
6323,"Morera","Alto (> 8 mts)",75,"Grande",-68.8561204425,-32.890165616,5,"0",0.185148665048544
6324,"Morera","Alto (> 8 mts)",85,"Grande",-68.8561335645,-32.8902032352,5,"0",0.185148665048544
6326,"Morera","Alto (> 8 mts)",125,"Grande",-68.8561790186,-32.8903911207,5,"1",0.185148665048544
6329,"Fresno americano","Muy bajo (1 - 2 mts)",15,"Chico",-68.8559014387,-32.8909060639,5,"0",0.0512455516014235
6339,"Paraiso sombrilla","Medio (4 - 8 mts)",132,"Grande",-68.8543271171,-32.8904358661,5,"0",0.022887323943662
6342,"Pltano","Medio (4 - 8 mts)",120,"Grande",-68.8543389416,-32.8902176957,5,"0",0.0903973509933775
6345,"Pltano","Alto (> 8 mts)",155,"Grande",-68.8559163078,-32.8899217267,5,"0",0.0903973509933775
6351,"Pltano","Alto (> 8 mts)",102,"Grande",-68.85411228,-32.8902840981,5,"1",0.0903973509933775
6352,"Pltano","Alto (> 8 mts)",198,"Grande",-68.8536141877,-32.8903459366,5,"0",0.0903973509933775
6356,"Fresno americano","Medio (4 - 8 mts)",30,"Mediano",-68.8542395802,-32.8908249946,5,"0",0.0512455516014235
6358,"Fresno europeo","Alto (> 8 mts)",93,"Grande",-68.8540981184,-32.8903374689,5,"1",0.0420032310177706
6359,"Fresno europeo","Medio (4 - 8 mts)",45,"Mediano",-68.8525066616,-32.8907668379,5,"0",0.0420032310177706
6360,"Morera","Alto (> 8 mts)",125,"Grande",-68.8526045155,-32.891152045,5,"0",0.185148665048544
6363,"Morera","Alto (> 8 mts)",100,"Grande",-68.8523840628,-32.8915657759,5,"0",0.185148665048544
6366,"Acacia visco","Alto (> 8 mts)",120,"Grande",-68.8514818205,-32.8909569053,5,"0",0.0625
6368,"Acer","Medio (4 - 8 mts)",66,"Grande",-68.8515734209,-32.8907179991,5,"0",0.0204081632653061
6373,"Pltano","Alto (> 8 mts)",160,"Grande",-68.8578709451,-32.8883227561,5,"0",0.0903973509933775
6378,"Fresno europeo","Medio (4 - 8 mts)",38,"Mediano",-68.8589342687,-32.887958993,5,"0",0.0420032310177706
6383,"Fresno americano","Alto (> 8 mts)",65,"Grande",-68.8510646093,-32.8881811851,5,"0",0.0512455516014235
6384,"Morera","Medio (4 - 8 mts)",53,"Mediano",-68.8498417834,-32.8885340976,5,"0",0.185148665048544
6385,"Fresno europeo","Alto (> 8 mts)",140,"Grande",-68.849664482,-32.8878292034,5,"0",0.0420032310177706
6392,"Morera","Medio (4 - 8 mts)",43,"Mediano",-68.8515040926,-32.887312262,5,"0",0.185148665048544
6396,"Morera","Medio (4 - 8 mts)",16,"Chico",-68.8535176273,-32.8871414811,5,"0",0.185148665048544
6398,"Fresno europeo","Medio (4 - 8 mts)",45,"Mediano",-68.8535850337,-32.8874186004,5,"0",0.0420032310177706
6400,"Morera","Bajo (2 - 4 mts)",4,"Chico",-68.8524784058,-32.8876354057,5,"0",0.185148665048544
6402,"Morera","Alto (> 8 mts)",145,"Grande",-68.8550875066,-32.8866387816,5,"0",0.185148665048544
6403,"Morera","Medio (4 - 8 mts)",90,"Grande",-68.854888482,-32.8866759612,5,"0",0.185148665048544
6404,"Acer","Medio (4 - 8 mts)",77,"Grande",-68.8538562542,-32.8868664599,5,"0",0.0204081632653061
6412,"Morera","Alto (> 8 mts)",60,"Mediano",-68.8553907772,-32.8873735249,5,"0",0.185148665048544
6413,"Palo borracho","Medio (4 - 8 mts)",33,"Mediano",-68.8568823814,-32.886860122,5,"0",0
6414,"Caducifolio","Medio (4 - 8 mts)",32,"Mediano",-68.8568550228,-32.8867731036,5,"0",0.0512249443207127
6416,"Ligustro","Medio (4 - 8 mts)",78,"Grande",-68.8554621621,-32.887083075,5,"0",0.0138888888888889
6417,"Morera","Alto (> 8 mts)",89,"Grande",-68.8557279139,-32.886522614,5,"0",0.185148665048544
6420,"Morera","Alto (> 8 mts)",190,"Grande",-68.8582320912,-32.8870525746,5,"0",0.185148665048544
6423,"Ligustro","Medio (4 - 8 mts)",46,"Mediano",-68.8585407734,-32.8860034165,5,"0",0.0138888888888889
6424,"Morera","Muy bajo (1 - 2 mts)",3,"Chico",-68.8587782239,-32.8859627976,5,"0",0.185148665048544
6426,"Conifera","Medio (4 - 8 mts)",30,"Mediano",-68.8588706631,-32.886062933,5,"0",0.021505376344086
6431,"Jacarand","Medio (4 - 8 mts)",42,"Mediano",-68.8609938227,-32.8865347508,5,"0",0.103064066852368
6438,"Acer","Alto (> 8 mts)",128,"Grande",-68.8609948215,-32.8859189898,5,"0",0.0204081632653061
6446,"Fresno europeo","Muy bajo (1 - 2 mts)",2,"Chico",-68.851134946,-32.8887577962,5,"0",0.0420032310177706
6448,"Fresno europeo","Medio (4 - 8 mts)",25,"Mediano",-68.8506664365,-32.889102086,5,"0",0.0420032310177706
6451,"Fresno europeo","Alto (> 8 mts)",45,"Mediano",-68.8506119821,-32.8889008662,5,"0",0.0420032310177706
6454,"Paraiso","Alto (> 8 mts)",96,"Grande",-68.852538326,-32.8884365314,5,"0",0.0859023207481815
6457,"Ligustro","Bajo (2 - 4 mts)",20,"Chico",-68.8524675109,-32.8893182845,5,"0",0.0138888888888889
6459,"Acacia SP","Muy bajo (1 - 2 mts)",7,"Chico",-68.8525084077,-32.8893130812,5,"0",0.150492264416315
6461,"Morera","Medio (4 - 8 mts)",60,"Mediano",-68.8515747115,-32.8894901058,5,"0",0.185148665048544
6462,"Fresno europeo","Alto (> 8 mts)",72,"Grande",-68.8513059471,-32.8891144889,5,"0",0.0420032310177706
6466,"Fresno europeo","Bajo (2 - 4 mts)",20,"Chico",-68.8538978873,-32.8886214501,5,"0",0.0420032310177706
6470,"Morera","Alto (> 8 mts)",75,"Grande",-68.8530043677,-32.8892269387,5,"0",0.185148665048544
6471,"Paraiso","Alto (> 8 mts)",153,"Grande",-68.8527533529,-32.8886889997,5,"0",0.0859023207481815
6475,"Morera","Alto (> 8 mts)",172,"Grande",-68.8548811523,-32.8878925608,5,"0",0.185148665048544
6476,"Morera","Alto (> 8 mts)",145,"Grande",-68.8547439179,-32.8879161439,5,"1",0.185148665048544
6482,"Fresno americano","Medio (4 - 8 mts)",30,"Mediano",-68.8556438622,-32.8883467105,5,"0",0.0512455516014235
6488,"Morera","Alto (> 8 mts)",146,"Grande",-68.8571538239,-32.8880048347,5,"0",0.185148665048544
6491,"Fresno europeo","Alto (> 8 mts)",56,"Mediano",-68.8569661283,-32.8884904618,5,"0",0.0420032310177706
6492,"Fresno europeo","Medio (4 - 8 mts)",60,"Mediano",-68.8558070419,-32.8884148782,5,"0",0.0420032310177706
6493,"Acacia SP","Medio (4 - 8 mts)",42,"Mediano",-68.8557846846,-32.8883007082,5,"0",0.150492264416315
6499,"Pltano","Alto (> 8 mts)",195,"Grande",-68.8597485619,-32.8879749364,5,"0",0.0903973509933775
6500,"Fresno europeo","Alto (> 8 mts)",60,"Mediano",-68.8613260669,-32.887598874,5,"0",0.0420032310177706
6504,"Tilo","Medio (4 - 8 mts)",52,"Mediano",-68.8612486514,-32.887230611,5,"0",0
6505,"Morera","Medio (4 - 8 mts)",50,"Mediano",-68.8612413275,-32.8871648731,5,"0",0.185148665048544
6507,"Pltano","Medio (4 - 8 mts)",32,"Mediano",-68.8527555821,-32.8916935615,5,"0",0.0903973509933775
6509,"Morera","Alto (> 8 mts)",120,"Grande",-68.8528538379,-32.8926152274,5,"0",0.185148665048544
6511,"Morera","Alto (> 8 mts)",112,"Grande",-68.8522049707,-32.8927379452,5,"1",0.185148665048544
6513,"Morera","Alto (> 8 mts)",155,"Grande",-68.8516917781,-32.8928451349,5,"1",0.185148665048544
6514,"Acacia SP","Alto (> 8 mts)",160,"Grande",-68.8512358636,-32.8928007756,5,"1",0.150492264416315
6515,"Acacia SP","Alto (> 8 mts)",120,"Grande",-68.8512490087,-32.8927384979,5,"1",0.150492264416315
6517,"Paraiso","Alto (> 8 mts)",100,"Grande",-68.8512870127,-32.892469868,5,"0",0.0859023207481815
6518,"Paraiso","Alto (> 8 mts)",115,"Grande",-68.8512984574,-32.8924145746,5,"0",0.0859023207481815
6522,"Pltano","Alto (> 8 mts)",90,"Grande",-68.8521202426,-32.8917336441,5,"0",0.0903973509933775
6525,"Paraiso","Alto (> 8 mts)",114,"Grande",-68.8529335038,-32.8918859268,5,"0",0.0859023207481815
6527,"Morera","Medio (4 - 8 mts)",66,"Grande",-68.8546305459,-32.8921568865,5,"1",0.185148665048544
6531,"Fresno europeo","Alto (> 8 mts)",110,"Grande",-68.8545160571,-32.8917093404,5,"1",0.0420032310177706
6534,"Morera","Bajo (2 - 4 mts)",40,"Mediano",-68.8546014161,-32.8914860825,5,"0",0.185148665048544
6535,"Morera","Alto (> 8 mts)",125,"Grande",-68.8546153746,-32.891545256,5,"0",0.185148665048544
6536,"Pltano","Alto (> 8 mts)",160,"Grande",-68.8546356579,-32.8916489318,5,"0",0.0903973509933775
6537,"Fresno europeo","Medio (4 - 8 mts)",50,"Mediano",-68.8546562646,-32.8917352124,5,"0",0.0420032310177706
6540,"Fresno americano","Medio (4 - 8 mts)",50,"Mediano",-68.8563963962,-32.8912799263,5,"1",0.0512455516014235
6541,"Morera","Medio (4 - 8 mts)",73,"Grande",-68.8580117771,-32.8913917619,5,"1",0.185148665048544
6544,"Pltano","Alto (> 8 mts)",170,"Grande",-68.856618803,-32.8915578349,5,"0",0.0903973509933775
6548,"Morera","Alto (> 8 mts)",89,"Grande",-68.8567877076,-32.8911912951,5,"1",0.185148665048544
6549,"Morera","Alto (> 8 mts)",104,"Grande",-68.8568509429,-32.8912006243,5,"1",0.185148665048544
6555,"Morera","Alto (> 8 mts)",150,"Grande",-68.8573898512,-32.8912760326,5,"0",0.185148665048544
6556,"Morera","Alto (> 8 mts)",108,"Grande",-68.8575207537,-32.8912930318,5,"1",0.185148665048544
6559,"Fresno europeo","Medio (4 - 8 mts)",80,"Grande",-68.8579009008,-32.8909534508,5,"0",0.0420032310177706
6563,"Paraiso","Alto (> 8 mts)",52,"Mediano",-68.856992245,-32.8911571811,5,"0",0.0859023207481815
6572,"Pltano","Alto (> 8 mts)",170,"Grande",-68.857282741,-32.8907705213,5,"0",0.0903973509933775
6574,"Ailanthus","Alto (> 8 mts)",98,"Grande",-68.8574510709,-32.8907361884,5,"0",0.0380952380952381
6575,"Pltano","Alto (> 8 mts)",173,"Grande",-68.859875654,-32.8903006876,5,"1",0.0903973509933775
6577,"Morera","Medio (4 - 8 mts)",90,"Grande",-68.8590187757,-32.8910300217,5,"1",0.185148665048544
6578,"Morera","Muy bajo (1 - 2 mts)",12,"Chico",-68.8590171101,-32.8910559597,5,"0",0.185148665048544
6581,"Morera","Medio (4 - 8 mts)",67,"Grande",-68.8601893821,-32.8906009774,5,"1",0.185148665048544
6584,"Fresno americano","Alto (> 8 mts)",115,"Grande",-68.8523956862,-32.8933673589,5,"0",0.0512455516014235
6585,"Morera","Medio (4 - 8 mts)",97,"Grande",-68.8522845911,-32.8933652837,5,"0",0.185148665048544
6586,"Tilo","Alto (> 8 mts)",72,"Grande",-68.8520630498,-32.8933681435,5,"0",0
6587,"Fresno americano","Alto (> 8 mts)",77,"Grande",-68.8514655068,-32.8933749733,5,"0",0.0512455516014235
6594,"Fresno europeo","Bajo (2 - 4 mts)",25,"Mediano",-68.8548508381,-32.8934208141,5,"0",0.0420032310177706
6599,"Morera","Alto (> 8 mts)",148,"Grande",-68.8548125642,-32.8928646587,5,"1",0.185148665048544
6605,"Fresno europeo","Alto (> 8 mts)",120,"Grande",-68.85680476,-32.8930524536,5,"0",0.0420032310177706
6608,"Fresno europeo","Alto (> 8 mts)",93,"Grande",-68.8562640575,-32.8931604934,5,"0",0.0420032310177706
6610,"Fresno europeo","Alto (> 8 mts)",120,"Grande",-68.8555011866,-32.8933029272,5,"0",0.0420032310177706
6611,"Morera","Alto (> 8 mts)",102,"Grande",-68.8550305578,-32.8931749257,5,"0",0.185148665048544
6612,"Morera","Alto (> 8 mts)",75,"Grande",-68.8550025042,-32.8930644541,5,"1",0.185148665048544
6613,"Paraiso","Alto (> 8 mts)",170,"Grande",-68.8549325443,-32.8927893977,5,"0",0.0859023207481815
6614,"Fresno americano","Bajo (2 - 4 mts)",46,"Mediano",-68.8549200061,-32.8927445122,5,"0",0.0512455516014235
6616,"Liquidambar","Alto (> 8 mts)",52,"Mediano",-68.8548716137,-32.8925622531,5,"0",0
6620,"Paraiso","Alto (> 8 mts)",170,"Grande",-68.8588868269,-32.8922946783,5,"1",0.0859023207481815
6621,"Paraiso","Alto (> 8 mts)",110,"Grande",-68.8588873318,-32.8923416002,5,"0",0.0859023207481815
6626,"Morera","Alto (> 8 mts)",133,"Grande",-68.8584695641,-32.8927431265,5,"1",0.185148665048544
6627,"Morera","Alto (> 8 mts)",118,"Grande",-68.8584152786,-32.8927564543,5,"1",0.185148665048544
6630,"Jacarand","Muy bajo (1 - 2 mts)",3,"Chico",-68.8578210846,-32.8928634637,5,"0",0.103064066852368
6631,"Jacarand","Muy bajo (1 - 2 mts)",16,"Chico",-68.8577541217,-32.892875252,5,"0",0.103064066852368
6632,"Morera","Medio (4 - 8 mts)",20,"Chico",-68.8577173871,-32.8928860152,5,"0",0.185148665048544
6635,"Fresno europeo","Alto (> 8 mts)",90,"Grande",-68.8574127431,-32.8929497406,5,"0",0.0420032310177706
6636,"Morera","Alto (> 8 mts)",110,"Grande",-68.8573197007,-32.892968469,5,"0",0.185148665048544
6637,"Paraiso","Bajo (2 - 4 mts)",22,"Mediano",-68.8569798549,-32.8929186491,5,"0",0.0859023207481815
6638,"Morera","Alto (> 8 mts)",200,"Grande",-68.856928377,-32.8927443312,5,"0",0.185148665048544
6641,"Morera","Medio (4 - 8 mts)",72,"Grande",-68.8568326181,-32.8923742188,5,"1",0.185148665048544
6642,"Morera","Alto (> 8 mts)",115,"Grande",-68.8567995346,-32.8922540711,5,"1",0.185148665048544
6644,"Pltano","Medio (4 - 8 mts)",86,"Grande",-68.8581969754,-32.8917944899,5,"0",0.0903973509933775
6645,"Fresno europeo","Medio (4 - 8 mts)",28,"Mediano",-68.8590218181,-32.8918885879,5,"1",0.0420032310177706
6646,"Paraiso","Medio (4 - 8 mts)",58,"Mediano",-68.8594637301,-32.8924894369,5,"0",0.0859023207481815
6647,"Acacia SP","Alto (> 8 mts)",136,"Grande",-68.8597983696,-32.8925087382,5,"0",0.150492264416315
6651,"Morera","Medio (4 - 8 mts)",22,"Mediano",-68.8603424598,-32.8922334961,5,"0",0.185148665048544
6654,"Acacia SP","Medio (4 - 8 mts)",35,"Mediano",-68.8603486621,-32.8919267755,5,"1",0.150492264416315
6660,"Morera","Medio (4 - 8 mts)",24,"Mediano",-68.8604210746,-32.8919613677,5,"1",0.185148665048544
6661,"Jacarand","Medio (4 - 8 mts)",52,"Mediano",-68.8604201393,-32.8921263735,5,"1",0.103064066852368
6663,"Jacarand","Alto (> 8 mts)",65,"Grande",-68.8615824673,-32.8925847131,5,"1",0.103064066852368
6668,"Fresno europeo","Alto (> 8 mts)",116,"Grande",-68.8617931243,-32.8911073856,5,"0",0.0420032310177706
6669,"lamo criollo","Alto (> 8 mts)",210,"Grande",-68.8620559276,-32.8912606964,5,"0",0.0128205128205128
6670,"Fresno europeo","Alto (> 8 mts)",93,"Grande",-68.8532277087,-32.8940784895,5,"0",0.0420032310177706
6671,"Fresno europeo","Alto (> 8 mts)",140,"Grande",-68.8532803799,-32.8944748111,5,"1",0.0420032310177706
6675,"Ailanthus","Medio (4 - 8 mts)",30,"Mediano",-68.8534236222,-32.8954640223,5,"0",0.0380952380952381
6676,"Fresno americano","Medio (4 - 8 mts)",40,"Mediano",-68.8534257589,-32.8954866113,5,"0",0.0512455516014235
6678,"Morera","Alto (> 8 mts)",112,"Grande",-68.8521982749,-32.8959431551,5,"0",0.185148665048544
6686,"Morera","Medio (4 - 8 mts)",60,"Mediano",-68.8549964223,-32.8935732705,5,"0",0.185148665048544
6688,"Fresno europeo","Medio (4 - 8 mts)",66,"Grande",-68.8550174397,-32.8936604911,5,"0",0.0420032310177706
6689,"Morera","Medio (4 - 8 mts)",42,"Mediano",-68.8550730118,-32.8938468251,5,"0",0.185148665048544
6693,"Morera","Alto (> 8 mts)",100,"Grande",-68.8552178482,-32.8943821132,5,"0",0.185148665048544
6698,"Prunas","Bajo (2 - 4 mts)",22,"Mediano",-68.8552678255,-32.8948553145,5,"0",0.0321782178217822
6704,"Fresno americano","Medio (4 - 8 mts)",45,"Mediano",-68.8534556117,-32.894780148,5,"0",0.0512455516014235
6707,"Caducifolio","Bajo (2 - 4 mts)",150,"Grande",-68.8533875826,-32.894322598,5,"0",0.0512249443207127
6710,"Morera","Medio (4 - 8 mts)",80,"Grande",-68.8546092108,-32.8935836367,5,"0",0.185148665048544
6715,"Morera","Medio (4 - 8 mts)",39,"Mediano",-68.8565829881,-32.8941713867,5,"0",0.185148665048544
6721,"Fresno americano","Bajo (2 - 4 mts)",29,"Mediano",-68.8551846627,-32.893481425,5,"0",0.0512455516014235
6723,"Fresno americano","Bajo (2 - 4 mts)",53,"Mediano",-68.8557462273,-32.8933768188,5,"0",0.0512455516014235
6725,"Fresno americano","Bajo (2 - 4 mts)",30,"Mediano",-68.8559938211,-32.8933262416,5,"1",0.0512455516014235
6727,"Paraiso","Alto (> 8 mts)",140,"Grande",-68.8562953884,-32.8932671201,5,"0",0.0859023207481815
6736,"Fresno americano","Alto (> 8 mts)",75,"Grande",-68.8579095801,-32.8929613365,5,"0",0.0512455516014235
6737,"Fresno europeo","Medio (4 - 8 mts)",30,"Mediano",-68.8578419806,-32.8929742025,5,"0",0.0420032310177706
6739,"Morera","Alto (> 8 mts)",140,"Grande",-68.8576415748,-32.893007412,5,"0",0.185148665048544
6742,"Liquidambar","Medio (4 - 8 mts)",35,"Mediano",-68.8579761257,-32.8939238512,5,"0",0
6746,"Caducifolio","Bajo (2 - 4 mts)",31,"Mediano",-68.8585470807,-32.8938202403,5,"0",0.0512249443207127
6749,"Fresno europeo","Alto (> 8 mts)",120,"Grande",-68.8588930589,-32.8935937683,5,"1",0.0420032310177706
6753,"Fresno americano","Medio (4 - 8 mts)",42,"Mediano",-68.8604095427,-32.8928234846,5,"1",0.0512455516014235
6758,"Fresno europeo","Alto (> 8 mts)",51,"Mediano",-68.8604260949,-32.8932772748,5,"0",0.0420032310177706
6760,"Paraiso","Medio (4 - 8 mts)",101,"Grande",-68.8605672089,-32.8934537597,5,"0",0.0859023207481815
6761,"Acer","Bajo (2 - 4 mts)",20,"Chico",-68.8611380199,-32.8933516165,5,"0",0.0204081632653061
6766,"Morera","Bajo (2 - 4 mts)",33,"Mediano",-68.8572567931,-32.8946999076,5,"0",0.185148665048544
6769,"Morera","Alto (> 8 mts)",124,"Grande",-68.8573103524,-32.8949490194,5,"0",0.185148665048544
6770,"Morera","Medio (4 - 8 mts)",79,"Grande",-68.8573205315,-32.894985077,5,"0",0.185148665048544
6771,"Morera","Medio (4 - 8 mts)",58,"Mediano",-68.8573319161,-32.8950211369,5,"1",0.185148665048544
6773,"Morera","Alto (> 8 mts)",124,"Grande",-68.8571080446,-32.8950736446,5,"0",0.185148665048544
6779,"Morera","Bajo (2 - 4 mts)",33,"Mediano",-68.8554022748,-32.8948834973,5,"0",0.185148665048544
6781,"Perenne","Medio (4 - 8 mts)",310,"Grande",-68.8565161375,-32.8943163155,5,"0",0.0364741641337386
6783,"Morera","Alto (> 8 mts)",210,"Grande",-68.8578900199,-32.8940703674,5,"1",0.185148665048544
6787,"Morera","Alto (> 8 mts)",113,"Grande",-68.8589058411,-32.8942816695,5,"1",0.185148665048544
6793,"Morera","Alto (> 8 mts)",75,"Grande",-68.8581693528,-32.8944557563,5,"1",0.185148665048544
6794,"Morera","Alto (> 8 mts)",140,"Grande",-68.858210456,-32.8945691707,5,"0",0.185148665048544
6803,"Fresno europeo","Bajo (2 - 4 mts)",22,"Mediano",-68.860170618,-32.8946342907,5,"0",0.0420032310177706
6804,"Fresno americano","Muy bajo (1 - 2 mts)",8,"Chico",-68.8605177089,-32.8942953332,5,"0",0.0512455516014235
6805,"Fresno europeo","Bajo (2 - 4 mts)",33,"Mediano",-68.8605151535,-32.8942646161,5,"0",0.0420032310177706
6806,"Morera","Bajo (2 - 4 mts)",40,"Mediano",-68.8605095126,-32.8942106426,5,"0",0.185148665048544
6808,"Morera","Alto (> 8 mts)",80,"Grande",-68.8604353866,-32.8936924752,5,"0",0.185148665048544
6810,"Morera","Medio (4 - 8 mts)",135,"Grande",-68.8611853867,-32.8934735886,5,"1",0.185148665048544
6814,"Morera","Alto (> 8 mts)",82,"Grande",-68.8607910275,-32.8945198289,5,"1",0.185148665048544
6815,"Fresno europeo","Bajo (2 - 4 mts)",23,"Mediano",-68.8609449228,-32.8944909494,5,"0",0.0420032310177706
6821,"Prunas","Bajo (2 - 4 mts)",40,"Mediano",-68.8615928972,-32.8939862379,5,"0",0.0321782178217822
6823,"Acacia SP","Medio (4 - 8 mts)",18,"Chico",-68.8616112048,-32.894062213,5,"0",0.150492264416315
6833,"Morera","Alto (> 8 mts)",102,"Grande",-68.8626197881,-32.8941041158,5,"1",0.185148665048544
6834,"Morera","Alto (> 8 mts)",140,"Grande",-68.8625834192,-32.8939306879,5,"0",0.185148665048544
6836,"Morera","Alto (> 8 mts)",150,"Grande",-68.8624928103,-32.8934590659,5,"1",0.185148665048544
6841,"Morera","Medio (4 - 8 mts)",76,"Grande",-68.8553122464,-32.8957073656,5,"0",0.185148665048544
6844,"Morera","Alto (> 8 mts)",138,"Grande",-68.8546578005,-32.8960163645,5,"0",0.185148665048544
6845,"Morera","Bajo (2 - 4 mts)",35,"Mediano",-68.853913339,-32.8959258815,5,"0",0.185148665048544
6846,"Morera","Alto (> 8 mts)",140,"Grande",-68.8535593674,-32.8955141314,5,"1",0.185148665048544
6847,"Fresno europeo","Muy bajo (1 - 2 mts)",2,"Chico",-68.8573912204,-32.8955632209,5,"0",0.0420032310177706
6848,"Morera","Alto (> 8 mts)",62,"Grande",-68.857398747,-32.8956084547,5,"0",0.185148665048544
6850,"Prunas","Bajo (2 - 4 mts)",30,"Mediano",-68.8572306993,-32.8957096374,5,"0",0.0321782178217822
6854,"Fresno americano","Bajo (2 - 4 mts)",30,"Mediano",-68.8590235726,-32.8952216394,5,"0",0.0512455516014235
6859,"Fresno europeo","Alto (> 8 mts)",100,"Grande",-68.85751428,-32.895506735,5,"0",0.0420032310177706
6866,"Morera","Alto (> 8 mts)",105,"Grande",-68.8579467808,-32.8951269064,5,"0",0.185148665048544
6869,"Morera","Bajo (2 - 4 mts)",50,"Mediano",-68.8581790032,-32.8950934125,5,"0",0.185148665048544
6870,"Fresno europeo","Medio (4 - 8 mts)",100,"Grande",-68.8582393024,-32.8950845388,5,"1",0.0420032310177706
6871,"Fresno europeo","Medio (4 - 8 mts)",90,"Grande",-68.858307134,-32.8950732796,5,"0",0.0420032310177706
6873,"Fresno europeo","Alto (> 8 mts)",140,"Grande",-68.8584383356,-32.8950536641,5,"0",0.0420032310177706
6874,"Morera","Alto (> 8 mts)",160,"Grande",-68.8585661249,-32.8950350995,5,"0",0.185148665048544
6875,"Morera","Alto (> 8 mts)",148,"Grande",-68.8586339187,-32.8950254027,5,"0",0.185148665048544
6877,"Morera","Medio (4 - 8 mts)",100,"Grande",-68.8588068235,-32.8950001812,5,"0",0.185148665048544
6879,"Morera","Alto (> 8 mts)",120,"Grande",-68.8589103284,-32.8949872893,5,"0",0.185148665048544
6881,"Jacarand","Alto (> 8 mts)",40,"Mediano",-68.8589903437,-32.8950322035,5,"1",0.103064066852368
6883,"Fresno europeo","Muy bajo (1 - 2 mts)",12,"Chico",-68.8591607794,-32.8952684511,5,"0",0.0420032310177706
6884,"Fresno europeo","Muy bajo (1 - 2 mts)",17,"Chico",-68.8595900744,-32.8956953796,5,"0",0.0420032310177706
6886,"Acacia SP","Medio (4 - 8 mts)",38,"Mediano",-68.8599020897,-32.8956775668,5,"0",0.150492264416315
6888,"Fresno americano","Medio (4 - 8 mts)",32,"Mediano",-68.8602228615,-32.8956569615,5,"0",0.0512455516014235
6889,"Morera","Muy bajo (1 - 2 mts)",16,"Chico",-68.8603400757,-32.8956526498,5,"0",0.185148665048544
6890,"Morera","Alto (> 8 mts)",86,"Grande",-68.8606176566,-32.8950831611,5,"1",0.185148665048544
6891,"Morera","Bajo (2 - 4 mts)",25,"Mediano",-68.8605843219,-32.8947742055,5,"0",0.185148665048544
6894,"Morera","Medio (4 - 8 mts)",100,"Grande",-68.8611442943,-32.8945768037,5,"0",0.185148665048544
6905,"Morera","Medio (4 - 8 mts)",53,"Mediano",-68.8616425154,-32.8947609573,5,"0",0.185148665048544
6909,"Morera","Medio (4 - 8 mts)",62,"Grande",-68.8621667552,-32.895547498,5,"0",0.185148665048544
6913,"Acacia SP","Medio (4 - 8 mts)",40,"Mediano",-68.8627249504,-32.8945553402,5,"0",0.150492264416315
6914,"Fresno americano","Muy bajo (1 - 2 mts)",10,"Chico",-68.8627130433,-32.8945066602,5,"0",0.0512455516014235
6918,"Fresno americano","Medio (4 - 8 mts)",145,"Grande",-68.8536961923,-32.8964315681,5,"0",0.0512455516014235
6922,"Paraiso","Alto (> 8 mts)",86,"Grande",-68.8542120669,-32.8966589522,5,"0",0.0859023207481815
6926,"Morera","Alto (> 8 mts)",106,"Grande",-68.8553440129,-32.8961349688,5,"1",0.185148665048544
6927,"Morera","Alto (> 8 mts)",125,"Grande",-68.8553490416,-32.8962368909,5,"1",0.185148665048544
6931,"Paraiso","Alto (> 8 mts)",210,"Grande",-68.8553842095,-32.8966355285,5,"0",0.0859023207481815
6938,"Fresno americano","Alto (> 8 mts)",150,"Grande",-68.8545917701,-32.8965697167,5,"0",0.0512455516014235
6939,"Morera","Alto (> 8 mts)",86,"Grande",-68.8546436076,-32.896140234,5,"0",0.185148665048544
6941,"Fresno europeo","Bajo (2 - 4 mts)",18,"Chico",-68.8588468255,-32.896862595,5,"0",0.0420032310177706
6942,"Fresno europeo","Medio (4 - 8 mts)",28,"Mediano",-68.8587837018,-32.8968630792,5,"0",0.0420032310177706
6945,"Fresno europeo","Alto (> 8 mts)",114,"Grande",-68.8570665841,-32.8968864477,5,"0",0.0420032310177706
6946,"Paraiso","Alto (> 8 mts)",70,"Grande",-68.8570650319,-32.8962797252,5,"0",0.0859023207481815
6949,"Morera","Medio (4 - 8 mts)",78,"Grande",-68.8576830856,-32.8958260943,5,"0",0.185148665048544
6953,"Fresno europeo","Medio (4 - 8 mts)",68,"Grande",-68.8587434254,-32.8958458164,5,"0",0.0420032310177706
6954,"Fresno europeo","Alto (> 8 mts)",116,"Grande",-68.8588560767,-32.8958472393,5,"1",0.0420032310177706
6957,"Fresno europeo","Alto (> 8 mts)",128,"Grande",-68.8593628339,-32.8963469747,5,"0",0.0420032310177706
6961,"Fresno europeo","Bajo (2 - 4 mts)",28,"Mediano",-68.86020141,-32.8968380137,5,"0",0.0420032310177706
6968,"Acer","Alto (> 8 mts)",76,"Grande",-68.8608395196,-32.8958703419,5,"0",0.0204081632653061
6969,"Liquidambar","Medio (4 - 8 mts)",22,"Mediano",-68.8608627803,-32.8961304921,5,"0",0
6970,"Morera","Medio (4 - 8 mts)",41,"Mediano",-68.8608783317,-32.8962602096,5,"0",0.185148665048544
6972,"Pltano","Alto (> 8 mts)",160,"Grande",-68.8611019639,-32.896833434,5,"0",0.0903973509933775
6973,"Pltano","Alto (> 8 mts)",123,"Grande",-68.8617505106,-32.8968225191,5,"0",0.0903973509933775
6975,"Jacarand","Medio (4 - 8 mts)",25,"Mediano",-68.8619246877,-32.8966678687,5,"0",0.103064066852368
6981,"Fresno europeo","Bajo (2 - 4 mts)",22,"Mediano",-68.861793513,-32.8957943234,5,"0",0.0420032310177706
6985,"Fresno europeo","Medio (4 - 8 mts)",50,"Mediano",-68.8620780173,-32.8967738306,5,"0",0.0420032310177706
6986,"Ailanthus","Alto (> 8 mts)",40,"Mediano",-68.8621453429,-32.8968089166,5,"0",0.0380952380952381
6989,"Morera","Medio (4 - 8 mts)",35,"Mediano",-68.8625695062,-32.8968029896,5,"0",0.185148665048544
6990,"Morera","Medio (4 - 8 mts)",45,"Mediano",-68.8626459473,-32.8968024542,5,"0",0.185148665048544
6994,"Morera","Muy bajo (1 - 2 mts)",3,"Chico",-68.8630676653,-32.8963108712,5,"0",0.185148665048544
6997,"Ailanthus","Medio (4 - 8 mts)",40,"Mediano",-68.8630053623,-32.8959895521,5,"1",0.0380952380952381
6999,"Morera","Medio (4 - 8 mts)",65,"Grande",-68.8629858791,-32.8958979135,5,"1",0.185148665048544
7001,"Morera","Medio (4 - 8 mts)",32,"Mediano",-68.8629713367,-32.8958231194,5,"0",0.185148665048544
7003,"Morera","Medio (4 - 8 mts)",28,"Mediano",-68.8629289653,-32.8956871259,5,"0",0.185148665048544
7007,"Fresno europeo","Medio (4 - 8 mts)",87,"Grande",-68.8545939007,-32.8973361094,5,"1",0.0420032310177706
7008,"Paraiso sombrilla","Medio (4 - 8 mts)",85,"Grande",-68.8546292386,-32.8977198009,5,"0",0.022887323943662
7014,"Pltano","Alto (> 8 mts)",180,"Grande",-68.8539060327,-32.8979227978,5,"0",0.0903973509933775
7016,"Caducifolio","Muy bajo (1 - 2 mts)",6,"Chico",-68.8538802378,-32.897761301,5,"0",0.0512249443207127
7019,"Morera","Medio (4 - 8 mts)",103,"Grande",-68.8538372309,-32.8974441676,5,"1",0.185148665048544
7020,"Fresno americano","Medio (4 - 8 mts)",105,"Grande",-68.853825065,-32.8973540547,5,"0",0.0512455516014235
7028,"Fresno europeo","Bajo (2 - 4 mts)",18,"Chico",-68.8546640277,-32.8972884292,5,"0",0.0420032310177706
7029,"Morera","Alto (> 8 mts)",78,"Grande",-68.85472582,-32.898056599,5,"1",0.185148665048544
7030,"Fresno europeo","Alto (> 8 mts)",134,"Grande",-68.8547280612,-32.8981025256,5,"0",0.0420032310177706
7034,"Ailanthus","Alto (> 8 mts)",110,"Grande",-68.8554834954,-32.8978999291,5,"0",0.0380952380952381
7037,"Fresno europeo","Medio (4 - 8 mts)",25,"Mediano",-68.8554477002,-32.897405901,5,"0",0.0420032310177706
7043,"Fresno europeo","Medio (4 - 8 mts)",60,"Mediano",-68.8567963477,-32.8979022889,5,"0",0.0420032310177706
7045,"Paraiso","Alto (> 8 mts)",180,"Grande",-68.8563502659,-32.8981656867,5,"0",0.0859023207481815
7049,"Fresno europeo","Bajo (2 - 4 mts)",14,"Chico",-68.8555607561,-32.8971532967,5,"0",0.0420032310177706
7051,"Morera","Alto (> 8 mts)",190,"Grande",-68.8558083273,-32.8970084076,5,"1",0.185148665048544
7053,"Jacarand","Alto (> 8 mts)",102,"Grande",-68.85654923,-32.8969993988,5,"1",0.103064066852368
7054,"Paraiso","Alto (> 8 mts)",124,"Grande",-68.8580506083,-32.8970609448,5,"0",0.0859023207481815
7055,"Paraiso","Alto (> 8 mts)",128,"Grande",-68.8580613385,-32.8971873785,5,"0",0.0859023207481815
7056,"Pltano","Medio (4 - 8 mts)",26,"Mediano",-68.8580674095,-32.897306579,5,"0",0.0903973509933775
7057,"Fresno europeo","Bajo (2 - 4 mts)",25,"Mediano",-68.8581224424,-32.8979826516,5,"1",0.0420032310177706
7058,"Fresno americano","Bajo (2 - 4 mts)",33,"Mediano",-68.8581245881,-32.8980265429,5,"0",0.0512455516014235
7062,"Ailanthus","Medio (4 - 8 mts)",42,"Mediano",-68.8573253131,-32.8981293252,5,"0",0.0380952380952381
7063,"Fresno europeo","Medio (4 - 8 mts)",110,"Grande",-68.8569459286,-32.8979813283,5,"0",0.0420032310177706
7067,"Acacia SP","Alto (> 8 mts)",42,"Mediano",-68.8578983344,-32.8969980493,5,"0",0.150492264416315
7068,"Fresno europeo","Medio (4 - 8 mts)",92,"Grande",-68.8591796604,-32.8969701957,5,"0",0.0420032310177706
7069,"Perenne","Bajo (2 - 4 mts)",16,"Chico",-68.8590775202,-32.8969703151,5,"0",0.0364741641337386
7076,"Jacarand","Muy bajo (1 - 2 mts)",5,"Chico",-68.8582575371,-32.8979728655,5,"0",0.103064066852368
7086,"Fresno europeo","Bajo (2 - 4 mts)",40,"Mediano",-68.8601014049,-32.8969608709,5,"1",0.0420032310177706
7091,"Morera","Alto (> 8 mts)",90,"Grande",-68.8595154463,-32.8975211431,5,"0",0.185148665048544
7094,"Morera","Alto (> 8 mts)",125,"Grande",-68.8606617894,-32.8980320731,5,"1",0.185148665048544
7096,"Morera","Bajo (2 - 4 mts)",38,"Mediano",-68.8608984105,-32.8978889172,5,"0",0.185148665048544
7100,"Morera","Alto (> 8 mts)",81,"Grande",-68.860836276,-32.8973322497,5,"0",0.185148665048544
7101,"Morera","Alto (> 8 mts)",115,"Grande",-68.8608325809,-32.8972565297,5,"0",0.185148665048544
7102,"Prunas","Medio (4 - 8 mts)",80,"Grande",-68.8608029982,-32.8970480971,5,"0",0.0321782178217822
7103,"Paraiso sombrilla","Medio (4 - 8 mts)",40,"Mediano",-68.861762799,-32.8969483051,5,"1",0.022887323943662
7105,"Fresno europeo","Medio (4 - 8 mts)",40,"Mediano",-68.8610891804,-32.8969495233,5,"0",0.0420032310177706
7107,"Morera","Medio (4 - 8 mts)",100,"Grande",-68.8610494721,-32.8979372102,5,"0",0.185148665048544
7112,"Fresno europeo","Medio (4 - 8 mts)",38,"Mediano",-68.8619840316,-32.8970824848,5,"0",0.0420032310177706
7113,"Ailanthus","Alto (> 8 mts)",120,"Grande",-68.8627279534,-32.8974790702,5,"0",0.0380952380952381
7121,"Caducifolio","Muy bajo (1 - 2 mts)",12,"Chico",-68.8632003985,-32.8970552009,5,"1",0.0512249443207127
7125,"Acer","Muy bajo (1 - 2 mts)",45,"Mediano",-68.8521408633,-32.8970399705,5,"0",0.0204081632653061
7126,"Prunas","Bajo (2 - 4 mts)",50,"Mediano",-68.8521462447,-32.8970651187,5,"0",0.0321782178217822
7127,"Fresno americano","Medio (4 - 8 mts)",79,"Grande",-68.8522569584,-32.8974400716,5,"0",0.0512455516014235
7137,"Paraiso","Muy bajo (1 - 2 mts)",12,"Chico",-68.8531440893,-32.8982721299,5,"0",0.0859023207481815
7138,"Paraiso","Alto (> 8 mts)",120,"Grande",-68.8529865549,-32.898276612,5,"0",0.0859023207481815
7139,"Paraiso","Alto (> 8 mts)",120,"Grande",-68.8528996043,-32.8982793834,5,"0",0.0859023207481815
7143,"Paraiso","Alto (> 8 mts)",180,"Grande",-68.8526153047,-32.898291657,5,"1",0.0859023207481815
7148,"Fresno americano","Bajo (2 - 4 mts)",25,"Mediano",-68.8532900515,-32.8993821605,5,"0",0.0512455516014235
7149,"Morera","Alto (> 8 mts)",115,"Grande",-68.8533705895,-32.8993816409,5,"1",0.185148665048544
7150,"Fresno europeo","Medio (4 - 8 mts)",65,"Grande",-68.8536547477,-32.8993781984,5,"0",0.0420032310177706
7151,"Morera","Medio (4 - 8 mts)",35,"Mediano",-68.8539421332,-32.8990800632,5,"0",0.185148665048544
7159,"Morera","Alto (> 8 mts)",48,"Mediano",-68.8539908791,-32.8985025739,5,"1",0.185148665048544
7174,"Morera","Medio (4 - 8 mts)",62,"Grande",-68.8557401927,-32.8991842382,5,"0",0.185148665048544
7180,"Fresno europeo","Medio (4 - 8 mts)",22,"Mediano",-68.8556720732,-32.8983691549,5,"0",0.0420032310177706
7181,"Prunas","Medio (4 - 8 mts)",44,"Mediano",-68.8557954655,-32.8982997219,5,"1",0.0321782178217822
7183,"Morera","Bajo (2 - 4 mts)",12,"Chico",-68.8566145135,-32.8982714779,5,"0",0.185148665048544
7186,"Fresno europeo","Medio (4 - 8 mts)",55,"Mediano",-68.8595266717,-32.8989582017,5,"0",0.0420032310177706
7188,"Fresno europeo","Medio (4 - 8 mts)",65,"Grande",-68.8595591443,-32.8992526807,5,"0",0.0420032310177706
7189,"Morera","Alto (> 8 mts)",120,"Grande",-68.8587632425,-32.8993239762,5,"1",0.185148665048544
7191,"Fresno europeo","Medio (4 - 8 mts)",70,"Grande",-68.8583208469,-32.8988670382,5,"0",0.0420032310177706
7192,"Pltano","Alto (> 8 mts)",100,"Grande",-68.8583157972,-32.8987532401,5,"0",0.0903973509933775
7193,"Fresno europeo","Medio (4 - 8 mts)",70,"Grande",-68.8583116199,-32.8986688651,5,"0",0.0420032310177706
7197,"Morera","Alto (> 8 mts)",83,"Grande",-68.8609501355,-32.8984112908,5,"1",0.185148665048544
7201,"Paraiso","Medio (4 - 8 mts)",66,"Grande",-68.8609841023,-32.8987538177,5,"1",0.0859023207481815
7202,"Jacarand","Alto (> 8 mts)",127,"Grande",-68.8610164901,-32.8990542311,5,"0",0.103064066852368
7205,"Fresno europeo","Alto (> 8 mts)",112,"Grande",-68.8596828829,-32.8991969824,5,"0",0.0420032310177706
7208,"Morera","Alto (> 8 mts)",111,"Grande",-68.8600729241,-32.8981723254,5,"0",0.185148665048544
7209,"Tipa","Alto (> 8 mts)",73,"Grande",-68.8604522374,-32.8981651453,5,"0",0.101123595505618
7210,"Tilo","Medio (4 - 8 mts)",31,"Mediano",-68.8604751324,-32.8981660753,5,"0",0
7212,"Fresno europeo","Medio (4 - 8 mts)",56,"Mediano",-68.8614159677,-32.8981457461,5,"0",0.0420032310177706
7213,"Paraiso","Alto (> 8 mts)",150,"Grande",-68.861333181,-32.8981475992,5,"0",0.0859023207481815
7217,"Fresno europeo","Medio (4 - 8 mts)",90,"Grande",-68.8610916666,-32.8983449547,5,"0",0.0420032310177706
7218,"Caducifolio","Muy bajo (1 - 2 mts)",15,"Chico",-68.8611772809,-32.8992006973,5,"0",0.0512249443207127
7224,"Morera","Medio (4 - 8 mts)",38,"Mediano",-68.8621458222,-32.8992787417,5,"0",0.185148665048544
7226,"Olmo bola","Alto (> 8 mts)",77,"Grande",-68.8622071804,-32.8986517439,5,"0",0.0231481481481481
7227,"Paraiso","Alto (> 8 mts)",155,"Grande",-68.8621850325,-32.8985106194,5,"0",0.0859023207481815
7230,"Pltano","Medio (4 - 8 mts)",35,"Mediano",-68.8634837942,-32.898475339,5,"0",0.0903973509933775
7233,"Pltano","Medio (4 - 8 mts)",20,"Chico",-68.863559783,-32.8988550526,5,"0",0.0903973509933775
7236,"Pltano","Medio (4 - 8 mts)",28,"Mediano",-68.8636128391,-32.8991101942,5,"0",0.0903973509933775
7239,"Jacarand","Alto (> 8 mts)",95,"Grande",-68.862273111,-32.898209972,5,"1",0.103064066852368
7241,"Paraiso","Medio (4 - 8 mts)",80,"Grande",-68.8629004033,-32.8981220495,5,"0",0.0859023207481815
7246,"Morera","Muy bajo (1 - 2 mts)",5,"Chico",-68.8541514865,-32.9019826571,2,"0",0.185148665048544
7247,"Morera","Alto (> 8 mts)",142,"Grande",-68.854195998,-32.901973858,5,"0",0.185148665048544
7250,"Fresno europeo","Bajo (2 - 4 mts)",28,"Mediano",-68.8542085131,-32.9021508699,2,"0",0.0420032310177706
7253,"Fresno europeo","Medio (4 - 8 mts)",42,"Mediano",-68.8534157624,-32.9021921727,2,"0",0.0420032310177706
7255,"Pltano","Medio (4 - 8 mts)",118,"Grande",-68.8533667388,-32.9020895029,2,"0",0.0903973509933775
7257,"Morera","Alto (> 8 mts)",132,"Grande",-68.8540545492,-32.9020009809,2,"0",0.185148665048544
7260,"Caducifolio","Alto (> 8 mts)",32,"Mediano",-68.8549862108,-32.9023143886,5,"0",0.0512249443207127
7261,"Fresno europeo","Medio (4 - 8 mts)",32,"Mediano",-68.8546563923,-32.9023134899,5,"0",0.0420032310177706
7264,"Fresno europeo","Muy bajo (1 - 2 mts)",8,"Chico",-68.8543956031,-32.9018682981,5,"0",0.0420032310177706
7267,"Morera","Alto (> 8 mts)",92,"Grande",-68.8592274816,-32.9023164351,5,"0",0.185148665048544
7268,"Fresno europeo","Muy bajo (1 - 2 mts)",8,"Chico",-68.857374716,-32.901907427,5,"0",0.0420032310177706
7269,"Paraiso","Alto (> 8 mts)",162,"Grande",-68.8573273621,-32.9018832347,5,"0",0.0859023207481815
7272,"Jacarand","Alto (> 8 mts)",56,"Mediano",-68.8596420114,-32.9016806415,5,"0",0.103064066852368
7281,"Morera","Alto (> 8 mts)",98,"Grande",-68.8614318375,-32.9017563312,5,"0",0.185148665048544
7287,"Acer","Bajo (2 - 4 mts)",32,"Mediano",-68.8540616662,-32.9018638908,2,"0",0.0204081632653061
7288,"Morera","Alto (> 8 mts)",46,"Mediano",-68.8533262632,-32.9017546219,2,"0",0.185148665048544
7289,"Morera","Alto (> 8 mts)",98,"Grande",-68.8533008858,-32.9014960848,2,"0",0.185148665048544
7294,"Paraiso","Alto (> 8 mts)",140,"Grande",-68.8532169067,-32.900928091,2,"0",0.0859023207481815
7296,"Perenne","Alto (> 8 mts)",148,"Grande",-68.8537417334,-32.9008354289,5,"0",0.0364741641337386
7304,"Pltano","Alto (> 8 mts)",162,"Grande",-68.8568640637,-32.9015990777,5,"0",0.0903973509933775
7307,"Olmo comun","Medio (4 - 8 mts)",40,"Mediano",-68.8559288172,-32.9014426081,5,"0",0.0227272727272727
7310,"Fresno europeo","Alto (> 8 mts)",92,"Grande",-68.8562891791,-32.9005490746,5,"0",0.0420032310177706
7312,"Morera","Medio (4 - 8 mts)",78,"Grande",-68.856949192,-32.9005357227,5,"1",0.185148665048544
7314,"Morera","Bajo (2 - 4 mts)",45,"Mediano",-68.8611776296,-32.9005913802,5,"0",0.185148665048544
7318,"Fresno americano","Medio (4 - 8 mts)",45,"Mediano",-68.8612301842,-32.9011149942,5,"0",0.0512455516014235
7321,"Morera","Alto (> 8 mts)",115,"Grande",-68.8612534809,-32.9013228731,5,"1",0.185148665048544
7322,"Morera","Medio (4 - 8 mts)",90,"Grande",-68.8612587179,-32.9013649455,5,"0",0.185148665048544
7323,"Morera","Alto (> 8 mts)",100,"Grande",-68.8612740325,-32.9014424655,5,"0",0.185148665048544
7325,"Liquidambar","Bajo (2 - 4 mts)",33,"Mediano",-68.8610061595,-32.9015445675,5,"0",0
7326,"Morera","Alto (> 8 mts)",160,"Grande",-68.8609031429,-32.9015447316,5,"0",0.185148665048544
7330,"Fresno europeo","Medio (4 - 8 mts)",90,"Grande",-68.8599264444,-32.9009775114,5,"0",0.0420032310177706
7331,"Jacarand","Bajo (2 - 4 mts)",42,"Mediano",-68.8599115556,-32.900870007,5,"1",0.103064066852368
7335,"Fresno europeo","Medio (4 - 8 mts)",80,"Grande",-68.8598617392,-32.9006426585,5,"0",0.0420032310177706
7339,"Fresno europeo","Alto (> 8 mts)",90,"Grande",-68.8604836072,-32.9004982828,5,"0",0.0420032310177706
7342,"Fresno europeo","Medio (4 - 8 mts)",55,"Mediano",-68.8610222761,-32.9004925492,5,"0",0.0420032310177706
7344,"Morera","Medio (4 - 8 mts)",55,"Mediano",-68.8624457749,-32.9006776587,5,"0",0.185148665048544
7348,"Morera","Alto (> 8 mts)",150,"Grande",-68.8624700423,-32.9008955004,5,"1",0.185148665048544
7349,"Fresno europeo","Medio (4 - 8 mts)",124,"Grande",-68.8624902299,-32.90110984,5,"0",0.0420032310177706
7353,"Fresno americano","Medio (4 - 8 mts)",42,"Mediano",-68.8624790906,-32.901521095,5,"1",0.0512455516014235
7354,"Morera","Alto (> 8 mts)",107,"Grande",-68.8624063641,-32.9015236614,5,"1",0.185148665048544
7355,"Fresno europeo","Medio (4 - 8 mts)",8,"Chico",-68.8621057103,-32.9015303471,5,"0",0.0420032310177706
7356,"Morera","Medio (4 - 8 mts)",51,"Mediano",-68.8618935017,-32.9015283339,5,"0",0.185148665048544
7357,"Fresno europeo","Muy bajo (1 - 2 mts)",6,"Chico",-68.8617706767,-32.9015320313,5,"0",0.0420032310177706
7360,"Paraiso","Medio (4 - 8 mts)",41,"Mediano",-68.8613756676,-32.901209329,5,"0",0.0859023207481815
7361,"Fresno europeo","Alto (> 8 mts)",112,"Grande",-68.8613695661,-32.9011444032,5,"0",0.0420032310177706
7362,"Fresno europeo","Medio (4 - 8 mts)",88,"Grande",-68.8613629422,-32.9010799963,5,"0",0.0420032310177706
7366,"Caducifolio","Medio (4 - 8 mts)",90,"Grande",-68.8613328329,-32.9007422041,5,"0",0.0512249443207127
7369,"Caducifolio","Medio (4 - 8 mts)",35,"Mediano",-68.8613218576,-32.9006203042,5,"0",0.0512249443207127
7371,"Paraiso","Alto (> 8 mts)",105,"Grande",-68.8613198692,-32.9005711184,5,"1",0.0859023207481815
7372,"Paraiso","Medio (4 - 8 mts)",65,"Grande",-68.861318353,-32.9005502245,5,"0",0.0859023207481815
7375,"Fresno americano","Bajo (2 - 4 mts)",16,"Chico",-68.8618769505,-32.9004766923,5,"0",0.0512455516014235
7376,"Morera","Alto (> 8 mts)",70,"Grande",-68.8619515777,-32.9004733727,5,"0",0.185148665048544
7379,"Acacia SP","Medio (4 - 8 mts)",50,"Mediano",-68.8625956957,-32.9008972968,5,"0",0.150492264416315
7381,"Caducifolio","Muy bajo (1 - 2 mts)",6,"Chico",-68.8625845292,-32.9008246813,5,"0",0.0512249443207127
7384,"lamo criollo","Alto (> 8 mts)",330,"Grande",-68.8634013688,-32.9005220232,5,"0",0.0128205128205128
7388,"Caducifolio","Medio (4 - 8 mts)",74,"Grande",-68.8635295714,-32.9004678039,5,"0",0.0512249443207127
7389,"Morera","Alto (> 8 mts)",102,"Grande",-68.8540625501,-32.9000149753,5,"1",0.185148665048544
7390,"Morera","Alto (> 8 mts)",102,"Grande",-68.8540678307,-32.9000518065,5,"1",0.185148665048544
7391,"Morera","Alto (> 8 mts)",104,"Grande",-68.8541255055,-32.9003629912,5,"1",0.185148665048544
7392,"Fresno europeo","Medio (4 - 8 mts)",36,"Mediano",-68.8533310431,-32.90070676,2,"0",0.0420032310177706
7393,"Morera","Medio (4 - 8 mts)",38,"Mediano",-68.8529077333,-32.8997378853,2,"0",0.185148665048544
7395,"Fresno americano","Alto (> 8 mts)",48,"Mediano",-68.8556791401,-32.900051867,5,"0",0.0512455516014235
7398,"Morera","Alto (> 8 mts)",170,"Grande",-68.8542279542,-32.9003544292,5,"1",0.185148665048544
7399,"Morera","Alto (> 8 mts)",98,"Grande",-68.854211468,-32.9002390892,5,"0",0.185148665048544
7404,"Morera","Alto (> 8 mts)",78,"Grande",-68.8569791651,-32.9002003679,5,"0",0.185148665048544
7405,"Paraiso","Medio (4 - 8 mts)",32,"Mediano",-68.8560854874,-32.9004314357,5,"1",0.0859023207481815
7411,"Fresno europeo","Medio (4 - 8 mts)",22,"Mediano",-68.8582409286,-32.8996241512,5,"0",0.0420032310177706
7417,"Morera","Medio (4 - 8 mts)",36,"Mediano",-68.8582963478,-32.9003009408,5,"0",0.185148665048544
7419,"Morera","Alto (> 8 mts)",96,"Grande",-68.8581893708,-32.9004021487,5,"1",0.185148665048544
7420,"Fresno europeo","Medio (4 - 8 mts)",66,"Grande",-68.8580707271,-32.9004027454,5,"0",0.0420032310177706
7421,"Jacarand","Bajo (2 - 4 mts)",12,"Chico",-68.8577181791,-32.9004078117,5,"0",0.103064066852368
7422,"Fresno europeo","Alto (> 8 mts)",72,"Grande",-68.8576231302,-32.9004104879,5,"0",0.0420032310177706
7430,"Fresno europeo","Alto (> 8 mts)",76,"Grande",-68.8574619377,-32.899453425,5,"0",0.0420032310177706
7432,"Fresno europeo","Bajo (2 - 4 mts)",24,"Mediano",-68.8596526835,-32.9001216771,5,"0",0.0420032310177706
7439,"Perenne","Muy bajo (1 - 2 mts)",22,"Mediano",-68.8610648271,-32.899466462,5,"0",0.0364741641337386
7442,"Morera","Alto (> 8 mts)",120,"Grande",-68.8610801127,-32.8996005622,5,"0",0.185148665048544
7447,"Fresno europeo","Alto (> 8 mts)",99,"Grande",-68.8609736306,-32.9003692926,5,"0",0.0420032310177706
7451,"Morera","Alto (> 8 mts)",148,"Grande",-68.8605593517,-32.9003754263,5,"1",0.185148665048544
7453,"Fresno europeo","Bajo (2 - 4 mts)",50,"Mediano",-68.8602503859,-32.9003800821,5,"0",0.0420032310177706
7455,"Pltano","Muy bajo (1 - 2 mts)",14,"Chico",-68.8597215877,-32.8996072084,5,"0",0.0903973509933775
7456,"Fresno europeo","Medio (4 - 8 mts)",85,"Grande",-68.859908224,-32.8994143405,5,"0",0.0420032310177706
7457,"Morera","Alto (> 8 mts)",100,"Grande",-68.8602363715,-32.8994121127,5,"0",0.185148665048544
7458,"Fresno europeo","Bajo (2 - 4 mts)",50,"Mediano",-68.8605203389,-32.8994109275,5,"0",0.0420032310177706
7459,"Fresno europeo","Medio (4 - 8 mts)",50,"Mediano",-68.8608858884,-32.8994053097,5,"0",0.0420032310177706
7464,"Fresno europeo","Medio (4 - 8 mts)",47,"Mediano",-68.8623429029,-32.8997759048,5,"1",0.0420032310177706
7465,"Fresno americano","Medio (4 - 8 mts)",47,"Mediano",-68.8623471831,-32.8998183854,5,"1",0.0512455516014235
7469,"Morera","Alto (> 8 mts)",108,"Grande",-68.8623903521,-32.9002113977,5,"1",0.185148665048544
7470,"Fresno europeo","Medio (4 - 8 mts)",80,"Grande",-68.8621935791,-32.9003512676,5,"0",0.0420032310177706
7471,"Acer","Alto (> 8 mts)",90,"Grande",-68.8618456103,-32.9003564002,5,"1",0.0204081632653061
7472,"Morera","Alto (> 8 mts)",180,"Grande",-68.8615942505,-32.9003610616,5,"1",0.185148665048544
7473,"Caducifolio","Alto (> 8 mts)",75,"Grande",-68.8614296057,-32.9003622742,5,"0",0.0512249443207127
7475,"Fresno europeo","Bajo (2 - 4 mts)",22,"Mediano",-68.8612832166,-32.9002917052,5,"0",0.0420032310177706
7476,"Fresno europeo","Alto (> 8 mts)",90,"Grande",-68.8612761546,-32.9002060431,5,"0",0.0420032310177706
7478,"Morera","Alto (> 8 mts)",150,"Grande",-68.8612367483,-32.8997721303,5,"1",0.185148665048544
7485,"Morera","Alto (> 8 mts)",150,"Grande",-68.8617995426,-32.8994040316,5,"1",0.185148665048544
7492,"Fresno europeo","Medio (4 - 8 mts)",50,"Mediano",-68.8627750453,-32.9003550702,5,"0",0.0420032310177706
7494,"Morera","Medio (4 - 8 mts)",70,"Grande",-68.8624826596,-32.8997982401,5,"0",0.185148665048544
7496,"Paraiso","Medio (4 - 8 mts)",70,"Grande",-68.8637511553,-32.9003492875,5,"0",0.0859023207481815
7498,"Fresno europeo","Medio (4 - 8 mts)",52,"Mediano",-68.8638247291,-32.9001584113,5,"0",0.0420032310177706
7503,"Fresno europeo","Bajo (2 - 4 mts)",14,"Chico",-68.8569999616,-32.882261749,7,"0",0.0420032310177706
7510,"Caducifolio","Bajo (2 - 4 mts)",30,"Mediano",-68.8573859133,-32.8829316407,5,"0",0.0512249443207127
7511,"Jacarand","Bajo (2 - 4 mts)",70,"Grande",-68.8574739871,-32.8829206286,5,"0",0.103064066852368
7514,"Fresno europeo","Muy bajo (1 - 2 mts)",3,"Chico",-68.8580730942,-32.882866432,7,"0",0.0420032310177706
7522,"Pltano","Medio (4 - 8 mts)",110,"Grande",-68.8582639334,-32.8819963994,7,"1",0.0903973509933775
7525,"Morera","Bajo (2 - 4 mts)",60,"Mediano",-68.8592409932,-32.8813525011,7,"0",0.185148665048544
7534,"Fresno europeo","Muy bajo (1 - 2 mts)",3,"Chico",-68.8587792679,-32.8824247229,7,"0",0.0420032310177706
7535,"Fresno europeo","Bajo (2 - 4 mts)",50,"Mediano",-68.8595031547,-32.8822932147,7,"0",0.0420032310177706
7537,"Fresno americano","Bajo (2 - 4 mts)",110,"Grande",-68.8599736692,-32.8822046235,7,"0",0.0512455516014235
7541,"Morera","Medio (4 - 8 mts)",120,"Grande",-68.8601021371,-32.8813755551,7,"1",0.185148665048544
7544,"Acer","Bajo (2 - 4 mts)",66,"Grande",-68.8568699895,-32.8835763378,5,"0",0.0204081632653061
7547,"Fresno europeo","Muy bajo (1 - 2 mts)",14,"Chico",-68.8563984031,-32.8835995605,5,"0",0.0420032310177706
7548,"Morera","Bajo (2 - 4 mts)",38,"Mediano",-68.856104309,-32.8834501645,5,"1",0.185148665048544
7549,"Morera","Bajo (2 - 4 mts)",13,"Chico",-68.8560687035,-32.8832889875,5,"0",0.185148665048544
7552,"Fresno europeo","Bajo (2 - 4 mts)",40,"Mediano",-68.8559295888,-32.8827647247,5,"0",0.0420032310177706
7553,"Pltano","Medio (4 - 8 mts)",160,"Grande",-68.8559218257,-32.8827366244,5,"0",0.0903973509933775
7555,"Fresno europeo","Medio (4 - 8 mts)",60,"Mediano",-68.8558371657,-32.882395403,5,"1",0.0420032310177706
7556,"Morera","Bajo (2 - 4 mts)",60,"Mediano",-68.855777174,-32.8821773694,7,"0",0.185148665048544
7557,"Jacarand","Bajo (2 - 4 mts)",42,"Mediano",-68.8557699661,-32.8821410391,7,"0",0.103064066852368
7561,"Morera","Bajo (2 - 4 mts)",90,"Grande",-68.8565397417,-32.8818664942,7,"1",0.185148665048544
7562,"Morera","Muy bajo (1 - 2 mts)",4,"Chico",-68.8570640486,-32.8830926357,5,"0",0.185148665048544
7568,"Fresno americano","Bajo (2 - 4 mts)",36,"Mediano",-68.8570226537,-32.882935482,5,"0",0.0512455516014235
7569,"Morera","Bajo (2 - 4 mts)",28,"Mediano",-68.8570332059,-32.882975146,5,"0",0.185148665048544
7572,"Morera","Medio (4 - 8 mts)",100,"Grande",-68.856987357,-32.8828007043,5,"0",0.185148665048544
7573,"Morera","Medio (4 - 8 mts)",110,"Grande",-68.8570002449,-32.8828425937,5,"1",0.185148665048544
7576,"Paraiso","Medio (4 - 8 mts)",110,"Grande",-68.8542107155,-32.8829171496,5,"0",0.0859023207481815
7582,"Fresno europeo","Bajo (2 - 4 mts)",60,"Mediano",-68.8524393419,-32.8831130939,1,"0",0.0420032310177706
7584,"Olmo bola","Bajo (2 - 4 mts)",30,"Mediano",-68.8525374174,-32.883467655,1,"0",0.0231481481481481
7585,"Acer","Medio (4 - 8 mts)",100,"Grande",-68.8521188473,-32.8826924066,1,"0",0.0204081632653061
7586,"Morera","Medio (4 - 8 mts)",120,"Grande",-68.8581617591,-32.8837086712,5,"0",0.185148665048544
7588,"Fresno europeo","Bajo (2 - 4 mts)",40,"Mediano",-68.8577779773,-32.8837211134,5,"0",0.0420032310177706
7589,"Morera","Muy bajo (1 - 2 mts)",24,"Mediano",-68.8574963333,-32.8837340936,5,"0",0.185148665048544
7592,"Morera","Muy bajo (1 - 2 mts)",4,"Chico",-68.8575307993,-32.8842144123,5,"0",0.185148665048544
7594,"Morera","Bajo (2 - 4 mts)",40,"Mediano",-68.8576962442,-32.8848814888,5,"0",0.185148665048544
7595,"Morera","Bajo (2 - 4 mts)",50,"Mediano",-68.8578287882,-32.8849220787,5,"0",0.185148665048544
7600,"Morera","Bajo (2 - 4 mts)",14,"Chico",-68.8586989791,-32.8840941479,5,"0",0.185148665048544
7601,"Morera","Bajo (2 - 4 mts)",30,"Mediano",-68.8586966207,-32.8840650593,5,"0",0.185148665048544
7606,"Fresno europeo","Muy bajo (1 - 2 mts)",4,"Chico",-68.8596488618,-32.8823782303,7,"0",0.0420032310177706
7607,"Paraiso","Medio (4 - 8 mts)",100,"Grande",-68.8595522369,-32.8823902748,7,"0",0.0859023207481815
7608,"Morera","Bajo (2 - 4 mts)",26,"Mediano",-68.8593803539,-32.8824201856,7,"0",0.185148665048544
7610,"Fresno americano","Bajo (2 - 4 mts)",18,"Chico",-68.8588819657,-32.8825247752,7,"0",0.0512455516014235
7611,"Fresno europeo","Bajo (2 - 4 mts)",16,"Chico",-68.8586776025,-32.8827819561,7,"0",0.0420032310177706
7613,"Caducifolio","Muy bajo (1 - 2 mts)",8,"Chico",-68.8587607802,-32.8833587043,7,"0",0.0512249443207127
7614,"Fresno europeo","Bajo (2 - 4 mts)",22,"Mediano",-68.8595432578,-32.8834711275,7,"0",0.0420032310177706
7615,"Morera","Bajo (2 - 4 mts)",30,"Mediano",-68.8598164941,-32.8834605714,7,"0",0.185148665048544
7616,"Morera","Muy bajo (1 - 2 mts)",9,"Chico",-68.8603670597,-32.8827564197,7,"0",0.185148665048544
7621,"Morera","Medio (4 - 8 mts)",66,"Grande",-68.8585294378,-32.8835054737,5,"0",0.185148665048544
7626,"Fresno europeo","Medio (4 - 8 mts)",110,"Grande",-68.8578450825,-32.8829853236,7,"0",0.0420032310177706
7630,"Morera","Bajo (2 - 4 mts)",36,"Mediano",-68.8558476985,-32.8830369028,5,"0",0.185148665048544
7633,"Fresno europeo","Muy bajo (1 - 2 mts)",16,"Chico",-68.8551522476,-32.883672963,5,"0",0.0420032310177706
7635,"Morera","Medio (4 - 8 mts)",50,"Mediano",-68.8545129058,-32.8834866337,5,"0",0.185148665048544
7639,"Caducifolio","Medio (4 - 8 mts)",100,"Grande",-68.8551356433,-32.8821329806,5,"0",0.0512249443207127
7642,"Fresno europeo","Bajo (2 - 4 mts)",26,"Mediano",-68.8554836615,-32.8838302256,5,"0",0.0420032310177706
7643,"Fresno europeo","Bajo (2 - 4 mts)",40,"Mediano",-68.8546836965,-32.8840994783,5,"0",0.0420032310177706
7645,"Fresno europeo","Bajo (2 - 4 mts)",44,"Mediano",-68.8547175756,-32.8842320836,5,"0",0.0420032310177706
7646,"Fresno europeo","Medio (4 - 8 mts)",100,"Grande",-68.8547508293,-32.8843610561,5,"0",0.0420032310177706
7647,"Ailanthus","Medio (4 - 8 mts)",150,"Grande",-68.8547999479,-32.884547309,5,"0",0.0380952380952381
7648,"Caducifolio","Bajo (2 - 4 mts)",22,"Mediano",-68.8548287316,-32.884636234,5,"0",0.0512249443207127
7653,"Morera","Medio (4 - 8 mts)",110,"Grande",-68.8562636923,-32.8851849545,5,"1",0.185148665048544
7654,"Morera","Medio (4 - 8 mts)",150,"Grande",-68.8563293996,-32.8848703078,5,"0",0.185148665048544
7655,"Morera","Medio (4 - 8 mts)",100,"Grande",-68.8562192737,-32.8844340389,5,"0",0.185148665048544
7656,"Morera","Bajo (2 - 4 mts)",60,"Mediano",-68.8561113879,-32.8840168495,5,"0",0.185148665048544
7666,"Pltano","Alto (> 8 mts)",180,"Grande",-68.8536421363,-32.885065842,5,"1",0.0903973509933775
7670,"Conifera","Medio (4 - 8 mts)",30,"Mediano",-68.8543088568,-32.8850925026,5,"0",0.021505376344086
7674,"Morera","Bajo (2 - 4 mts)",24,"Mediano",-68.8546497968,-32.8851068395,5,"0",0.185148665048544
7675,"Morera","Medio (4 - 8 mts)",60,"Mediano",-68.8546997534,-32.8851163004,5,"0",0.185148665048544
7684,"Morera","Medio (4 - 8 mts)",140,"Grande",-68.8546068274,-32.884361584,5,"0",0.185148665048544
7688,"Morera","Medio (4 - 8 mts)",110,"Grande",-68.8529068253,-32.8839450006,5,"0",0.185148665048544
7689,"Fresno europeo","Bajo (2 - 4 mts)",80,"Grande",-68.85316545,-32.8839369648,5,"0",0.0420032310177706
7694,"Paraiso","Medio (4 - 8 mts)",150,"Grande",-68.852802659,-32.8843827093,5,"0",0.0859023207481815
7698,"Morera","Muy bajo (1 - 2 mts)",5,"Chico",-68.8515873121,-32.8843976901,5,"0",0.185148665048544
7700,"Fresno europeo","Medio (4 - 8 mts)",140,"Grande",-68.8523299859,-32.8839832515,5,"0",0.0420032310177706
7702,"Jacarand","Medio (4 - 8 mts)",80,"Grande",-68.8514814144,-32.8842002299,1,"0",0.103064066852368
7703,"Fresno europeo","Bajo (2 - 4 mts)",42,"Mediano",-68.8514585012,-32.8842816111,1,"0",0.0420032310177706
7705,"Fresno europeo","Medio (4 - 8 mts)",130,"Grande",-68.8513269488,-32.8847778843,5,"0",0.0420032310177706
7706,"Fresno americano","Medio (4 - 8 mts)",110,"Grande",-68.8509206442,-32.8840962207,1,"1",0.0512455516014235
7718,"Morera","Medio (4 - 8 mts)",110,"Grande",-68.8564950548,-32.8849790058,5,"0",0.185148665048544
7719,"Paraiso","Bajo (2 - 4 mts)",30,"Mediano",-68.8563103891,-32.884250476,5,"0",0.0859023207481815
7722,"Caducifolio","Bajo (2 - 4 mts)",44,"Mediano",-68.8563623708,-32.8837860793,5,"0",0.0512249443207127
7723,"Morera","Medio (4 - 8 mts)",130,"Grande",-68.8567310289,-32.8837693042,5,"0",0.185148665048544
7725,"Olmo bola","Medio (4 - 8 mts)",100,"Grande",-68.8509167397,-32.8865838409,5,"0",0.0231481481481481
7726,"Morera","Medio (4 - 8 mts)",170,"Grande",-68.8508740335,-32.8873024674,5,"0",0.185148665048544
7728,"Morera","Alto (> 8 mts)",150,"Grande",-68.8505045291,-32.887367142,5,"0",0.185148665048544
7729,"Morera","Alto (> 8 mts)",160,"Grande",-68.8504381703,-32.8873773978,5,"0",0.185148665048544
7731,"Morera","Medio (4 - 8 mts)",170,"Grande",-68.8500368161,-32.8874521066,5,"1",0.185148665048544
7735,"Fresno americano","Medio (4 - 8 mts)",120,"Grande",-68.8504467335,-32.8864283591,5,"0",0.0512455516014235
7737,"Paraiso sombrilla","Medio (4 - 8 mts)",110,"Grande",-68.8519551722,-32.886210021,5,"0",0.022887323943662
7739,"Morera","Alto (> 8 mts)",160,"Grande",-68.8520213915,-32.8864501812,5,"0",0.185148665048544
7740,"Fresno americano","Bajo (2 - 4 mts)",32,"Mediano",-68.8520956257,-32.8867730712,5,"0",0.0512455516014235
7746,"Fresno americano","Medio (4 - 8 mts)",100,"Grande",-68.8516921893,-32.887144986,5,"0",0.0512455516014235
7747,"Morera","Bajo (2 - 4 mts)",44,"Mediano",-68.8516151062,-32.887161162,5,"0",0.185148665048544
7749,"Acacia visco","Medio (4 - 8 mts)",100,"Grande",-68.8510798808,-32.8871111996,5,"0",0.0625
7750,"Acacia visco","Alto (> 8 mts)",130,"Grande",-68.851064092,-32.8869616821,5,"0",0.0625
7756,"Ligustro","Bajo (2 - 4 mts)",60,"Mediano",-68.8533630723,-32.8868549983,5,"0",0.0138888888888889
7759,"Morera","Bajo (2 - 4 mts)",36,"Mediano",-68.852237343,-32.8860812008,5,"0",0.185148665048544
7762,"Fresno americano","Bajo (2 - 4 mts)",44,"Mediano",-68.8528009453,-32.8859777903,5,"0",0.0512455516014235
7768,"Caducifolio","Bajo (2 - 4 mts)",20,"Chico",-68.8535557834,-32.8867532905,5,"0",0.0512249443207127
7771,"Olmo bola","Alto (> 8 mts)",190,"Grande",-68.8536752494,-32.885815417,5,"0",0.0231481481481481
7775,"Morera","Bajo (2 - 4 mts)",36,"Mediano",-68.8564667944,-32.8854467165,5,"0",0.185148665048544
7776,"Morera","Bajo (2 - 4 mts)",44,"Mediano",-68.856478726,-32.8854805833,5,"0",0.185148665048544
7777,"Fresno europeo","Medio (4 - 8 mts)",150,"Grande",-68.8565172968,-32.885603136,5,"0",0.0420032310177706
7778,"Fresno europeo","Medio (4 - 8 mts)",120,"Grande",-68.8565807907,-32.8858376064,5,"0",0.0420032310177706
7780,"Morera","Medio (4 - 8 mts)",160,"Grande",-68.8565613162,-32.8862594363,5,"1",0.185148665048544
7781,"Paraiso sombrilla","Medio (4 - 8 mts)",160,"Grande",-68.8564851919,-32.8862766092,5,"1",0.022887323943662
7783,"Morera","Muy bajo (1 - 2 mts)",4,"Chico",-68.8562181372,-32.8863269965,5,"0",0.185148665048544
7784,"Fresno europeo","Bajo (2 - 4 mts)",6,"Chico",-68.856004746,-32.886364999,5,"0",0.0420032310177706
7785,"Morera","Alto (> 8 mts)",170,"Grande",-68.8558773577,-32.8863907452,5,"0",0.185148665048544
7788,"Acacia SP","Bajo (2 - 4 mts)",100,"Grande",-68.8552020234,-32.8861233429,5,"1",0.150492264416315
7789,"Olmo comun","Bajo (2 - 4 mts)",28,"Mediano",-68.855150738,-32.8858779123,5,"0",0.0227272727272727
7790,"Paraiso sombrilla","Medio (4 - 8 mts)",100,"Grande",-68.8551405619,-32.8858471618,5,"0",0.022887323943662
7791,"Pltano","Medio (4 - 8 mts)",80,"Grande",-68.8551425013,-32.8855445227,5,"0",0.0903973509933775
7793,"Pltano","Alto (> 8 mts)",180,"Grande",-68.8560596022,-32.8853783763,5,"1",0.0903973509933775
7795,"Fresno europeo","Bajo (2 - 4 mts)",38,"Mediano",-68.8562981968,-32.885328412,5,"0",0.0420032310177706
7799,"Fresno europeo","Medio (4 - 8 mts)",120,"Grande",-68.8566487653,-32.885519488,5,"1",0.0420032310177706
7805,"Morera","Medio (4 - 8 mts)",100,"Grande",-68.857824229,-32.8859173968,5,"0",0.185148665048544
7806,"Morera","Medio (4 - 8 mts)",140,"Grande",-68.8577852312,-32.8857832843,5,"0",0.185148665048544
7807,"Morera","Bajo (2 - 4 mts)",80,"Grande",-68.8577618012,-32.8856857928,5,"0",0.185148665048544
7810,"Morera","Alto (> 8 mts)",160,"Grande",-68.8576658857,-32.8853426529,5,"0",0.185148665048544
7814,"Jacarand","Muy bajo (1 - 2 mts)",8,"Chico",-68.8581127115,-32.8849946411,5,"0",0.103064066852368
7820,"Morera","Medio (4 - 8 mts)",100,"Grande",-68.8588087663,-32.8854320455,5,"1",0.185148665048544
7821,"Fresno europeo","Medio (4 - 8 mts)",100,"Grande",-68.858797551,-32.8853340675,5,"0",0.0420032310177706
7822,"Jacarand","Bajo (2 - 4 mts)",23,"Mediano",-68.8587913432,-32.8852046379,5,"0",0.103064066852368
7824,"Fresno europeo","Medio (4 - 8 mts)",110,"Grande",-68.8587726673,-32.8850070993,5,"0",0.0420032310177706
7837,"Fresno europeo","Bajo (2 - 4 mts)",28,"Mediano",-68.8510545481,-32.8856574785,5,"0",0.0420032310177706
7841,"Acer","Medio (4 - 8 mts)",90,"Grande",-68.8498648404,-32.8863910857,5,"1",0.0204081632653061
7843,"Fresno europeo","Muy bajo (1 - 2 mts)",12,"Chico",-68.8493296509,-32.8854934197,1,"0",0.0420032310177706
7845,"Fresno europeo","Alto (> 8 mts)",110,"Grande",-68.8509511403,-32.8854835171,5,"0",0.0420032310177706
7848,"Morera","Medio (4 - 8 mts)",110,"Grande",-68.8592311116,-32.8836583034,5,"1",0.185148665048544
7849,"Fresno europeo","Bajo (2 - 4 mts)",22,"Mediano",-68.8588035832,-32.8837789432,5,"0",0.0420032310177706
7852,"Morera","Medio (4 - 8 mts)",130,"Grande",-68.8588342088,-32.8841631376,5,"1",0.185148665048544
7853,"Fresno europeo","Bajo (2 - 4 mts)",42,"Mediano",-68.8588356136,-32.8842065512,5,"0",0.0420032310177706
7856,"Fresno europeo","Medio (4 - 8 mts)",66,"Grande",-68.8603643584,-32.8844469932,5,"0",0.0420032310177706
7860,"Morera","Alto (> 8 mts)",150,"Grande",-68.85280321,-32.8894500376,5,"0",0.185148665048544
7862,"Morera","Alto (> 8 mts)",127,"Grande",-68.8528867632,-32.8897200222,5,"0",0.185148665048544
7863,"Morera","Alto (> 8 mts)",98,"Grande",-68.85290544,-32.8897913562,5,"0",0.185148665048544
7867,"Paraiso","Medio (4 - 8 mts)",50,"Mediano",-68.8529699404,-32.8900426578,5,"0",0.0859023207481815
7868,"Paraiso","Medio (4 - 8 mts)",40,"Mediano",-68.8530184352,-32.8902205762,5,"0",0.0859023207481815
7870,"Pltano","Alto (> 8 mts)",165,"Grande",-68.8521247015,-32.8904938776,5,"0",0.0903973509933775
7871,"Pltano","Alto (> 8 mts)",65,"Grande",-68.8540550506,-32.8892351411,5,"0",0.0903973509933775
7872,"Pltano","Alto (> 8 mts)",155,"Grande",-68.854108528,-32.8894504779,5,"0",0.0903973509933775
7881,"Paraiso","Medio (4 - 8 mts)",56,"Mediano",-68.8542079716,-32.8892990087,5,"0",0.0859023207481815
7885,"Fresno europeo","Alto (> 8 mts)",115,"Grande",-68.8573207106,-32.8886577511,5,"0",0.0420032310177706
7890,"Fresno europeo","Medio (4 - 8 mts)",70,"Grande",-68.8574632472,-32.8892569481,5,"0",0.0420032310177706
7891,"Olmo bola","Medio (4 - 8 mts)",30,"Mediano",-68.8572823519,-32.8895312989,5,"0",0.0231481481481481
7893,"Morera","Alto (> 8 mts)",120,"Grande",-68.857156536,-32.8895575703,5,"0",0.185148665048544
7894,"Ligustro","Medio (4 - 8 mts)",60,"Mediano",-68.8571060709,-32.889567599,5,"0",0.0138888888888889
7897,"Prunas","Medio (4 - 8 mts)",25,"Mediano",-68.8560896567,-32.8895315749,5,"0",0.0321782178217822
7898,"Jacarand","Bajo (2 - 4 mts)",30,"Mediano",-68.8560808875,-32.8894855209,5,"0",0.103064066852368
7900,"Fresno europeo","Alto (> 8 mts)",120,"Grande",-68.8559830778,-32.8891150185,5,"0",0.0420032310177706
7903,"Morera","Muy bajo (1 - 2 mts)",5,"Chico",-68.8559641195,-32.8887962071,5,"0",0.185148665048544
7904,"Pltano","Alto (> 8 mts)",199,"Grande",-68.8588719678,-32.8882574829,5,"0",0.0903973509933775
7911,"Morera","Alto (> 8 mts)",76,"Grande",-68.8589220757,-32.8885181744,5,"1",0.185148665048544
7919,"Morera","Medio (4 - 8 mts)",32,"Mediano",-68.859796839,-32.8890712722,5,"0",0.185148665048544
7927,"Fresno europeo","Muy bajo (1 - 2 mts)",10,"Chico",-68.840968782,-32.8891434669,3,"0",0.0420032310177706
7930,"Paraiso sombrilla","Medio (4 - 8 mts)",70,"Grande",-68.8492191083,-32.8875531327,5,"0",0.022887323943662
7931,"Fresno americano","Medio (4 - 8 mts)",120,"Grande",-68.8491255589,-32.887624231,5,"0",0.0512455516014235
7941,"Fresno americano","Alto (> 8 mts)",100,"Grande",-68.8478024957,-32.8878717248,5,"0",0.0512455516014235
7942,"Fresno europeo","Bajo (2 - 4 mts)",35,"Mediano",-68.8473568169,-32.8879589036,2,"0",0.0420032310177706
7943,"Fresno americano","Medio (4 - 8 mts)",100,"Grande",-68.8469882044,-32.888034454,2,"0",0.0512455516014235
7946,"Morera","Bajo (2 - 4 mts)",30,"Mediano",-68.8464784013,-32.8872429751,1,"0",0.185148665048544
7948,"Fresno americano","Alto (> 8 mts)",180,"Grande",-68.8465143041,-32.8873818148,1,"0",0.0512455516014235
7949,"Morera","Medio (4 - 8 mts)",45,"Mediano",-68.8465442516,-32.8875018397,1,"1",0.185148665048544
7950,"Morera","Muy bajo (1 - 2 mts)",15,"Chico",-68.8465803974,-32.887628212,1,"0",0.185148665048544
7951,"Pltano","Alto (> 8 mts)",220,"Grande",-68.8452444458,-32.8875954874,1,"0",0.0903973509933775
7953,"Morera","Alto (> 8 mts)",85,"Grande",-68.8442493011,-32.8881731409,2,"0",0.185148665048544
7958,"Fresno europeo","Alto (> 8 mts)",100,"Grande",-68.8439230462,-32.8885950721,2,"0",0.0420032310177706
7961,"Morera","Muy bajo (1 - 2 mts)",30,"Mediano",-68.8429304692,-32.8885699653,3,"0",0.185148665048544
7964,"Fresno europeo","Medio (4 - 8 mts)",37,"Mediano",-68.8418892446,-32.8889705453,3,"0",0.0420032310177706
7968,"Fresno americano","Alto (> 8 mts)",240,"Grande",-68.8426677868,-32.8888231186,3,"0",0.0512455516014235
7970,"Fresno europeo","Bajo (2 - 4 mts)",10,"Chico",-68.8427459442,-32.8888048982,3,"0",0.0420032310177706
7974,"Morera","Alto (> 8 mts)",55,"Mediano",-68.8426820774,-32.8882142783,3,"0",0.185148665048544
7977,"Jacarand","Medio (4 - 8 mts)",48,"Mediano",-68.8412791952,-32.8890866417,3,"1",0.103064066852368
7979,"Pltano","Alto (> 8 mts)",117,"Grande",-68.8413782803,-32.8882522671,3,"0",0.0903973509933775
7980,"Pltano","Alto (> 8 mts)",141,"Grande",-68.8413866353,-32.8882847575,3,"0",0.0903973509933775
7987,"Fresno europeo","Medio (4 - 8 mts)",55,"Mediano",-68.8402749745,-32.8884704383,3,"0",0.0420032310177706
7988,"Fresno europeo","Alto (> 8 mts)",55,"Mediano",-68.8402859712,-32.8885182735,3,"0",0.0420032310177706
7989,"Fresno europeo","Alto (> 8 mts)",101,"Grande",-68.8402995595,-32.8885691292,3,"0",0.0420032310177706
7992,"Fresno europeo","Medio (4 - 8 mts)",48,"Mediano",-68.8403518148,-32.8887642111,3,"0",0.0420032310177706
7994,"Fresno europeo","Medio (4 - 8 mts)",45,"Mediano",-68.8404530997,-32.8892008456,3,"0",0.0420032310177706
7997,"Fresno americano","Bajo (2 - 4 mts)",22,"Mediano",-68.8393483593,-32.889444035,3,"1",0.0512455516014235
7998,"Fresno europeo","Alto (> 8 mts)",67,"Grande",-68.8394062116,-32.8894349662,3,"0",0.0420032310177706
8002,"Fresno europeo","Medio (4 - 8 mts)",55,"Mediano",-68.8396811203,-32.8893807422,3,"0",0.0420032310177706
8008,"Fresno europeo","Medio (4 - 8 mts)",81,"Grande",-68.8402817716,-32.8891012118,3,"0",0.0420032310177706
8020,"Morera","Medio (4 - 8 mts)",130,"Grande",-68.8494327718,-32.8883963179,5,"1",0.185148665048544
8027,"Fresno americano","Medio (4 - 8 mts)",46,"Mediano",-68.8481965741,-32.8882204606,5,"0",0.0512455516014235
8028,"Morera","Alto (> 8 mts)",220,"Grande",-68.8481576222,-32.8880517077,5,"0",0.185148665048544
8030,"Fresno americano","Alto (> 8 mts)",138,"Grande",-68.848005018,-32.8880577394,5,"0",0.0512455516014235
8031,"Fresno europeo","Bajo (2 - 4 mts)",20,"Chico",-68.8480371302,-32.888178066,5,"0",0.0420032310177706
8032,"Fresno americano","Alto (> 8 mts)",104,"Grande",-68.8480541251,-32.8882623903,5,"0",0.0512455516014235
8036,"Morera","Alto (> 8 mts)",160,"Grande",-68.8475670474,-32.8890471675,2,"0",0.185148665048544
8038,"Olmo bola","Medio (4 - 8 mts)",44,"Mediano",-68.8470367951,-32.8888101244,2,"0",0.0231481481481481
8039,"Fresno americano","Medio (4 - 8 mts)",148,"Grande",-68.8469189154,-32.8881665158,2,"0",0.0512455516014235
8041,"Fresno europeo","Alto (> 8 mts)",136,"Grande",-68.8470049435,-32.8881513239,2,"0",0.0420032310177706
8043,"Fresno europeo","Bajo (2 - 4 mts)",20,"Chico",-68.8473631229,-32.8880850354,2,"0",0.0420032310177706
8044,"Morera","Alto (> 8 mts)",140,"Grande",-68.8463285982,-32.8892612103,2,"1",0.185148665048544
8046,"Morera","Muy bajo (1 - 2 mts)",5,"Chico",-68.8421911492,-32.8900353221,2,"0",0.185148665048544
8048,"Morera","Alto (> 8 mts)",94,"Grande",-68.8429505162,-32.8892260018,2,"0",0.185148665048544
8049,"Morera","Bajo (2 - 4 mts)",50,"Mediano",-68.8429386531,-32.8891655943,2,"0",0.185148665048544
8060,"Morera","Alto (> 8 mts)",110,"Grande",-68.8409723057,-32.89028547,3,"0",0.185148665048544
8061,"Morera","Alto (> 8 mts)",160,"Grande",-68.8408733128,-32.8903049026,3,"0",0.185148665048544
8062,"Acacia SP","Alto (> 8 mts)",180,"Grande",-68.8407181547,-32.890160145,3,"0",0.150492264416315
8065,"Fresno europeo","Muy bajo (1 - 2 mts)",8,"Chico",-68.8405721377,-32.8893429769,3,"0",0.0420032310177706
8066,"Morera","Muy bajo (1 - 2 mts)",8,"Chico",-68.8407674428,-32.8893060977,3,"0",0.185148665048544
8067,"Fresno europeo","Medio (4 - 8 mts)",26,"Mediano",-68.8413255897,-32.8892009449,3,"0",0.0420032310177706
8069,"Morera","Bajo (2 - 4 mts)",22,"Mediano",-68.8404001349,-32.8895532574,3,"0",0.185148665048544
8072,"Fresno americano","Alto (> 8 mts)",75,"Grande",-68.8405128165,-32.8899835287,3,"1",0.0512455516014235
8073,"Fresno americano","Alto (> 8 mts)",85,"Grande",-68.8405302764,-32.890036565,3,"0",0.0512455516014235
8077,"Morera","Alto (> 8 mts)",160,"Grande",-68.8403842187,-32.890387583,3,"0",0.185148665048544
8078,"Morera","Alto (> 8 mts)",130,"Grande",-68.8402270201,-32.8904166106,3,"0",0.185148665048544
8079,"Braquiquito","Medio (4 - 8 mts)",70,"Grande",-68.8396760822,-32.8905973393,3,"0",0
8080,"Braquiquito","Medio (4 - 8 mts)",55,"Mediano",-68.8397756969,-32.8905789318,3,"0",0
8082,"Fresno europeo","Bajo (2 - 4 mts)",31,"Mediano",-68.8393254878,-32.8895836434,3,"0",0.0420032310177706
8089,"Morera","Alto (> 8 mts)",180,"Grande",-68.8483149027,-32.8892464409,5,"1",0.185148665048544
8091,"Morera","Alto (> 8 mts)",160,"Grande",-68.8483805079,-32.8895252388,5,"0",0.185148665048544
8092,"Morera","Alto (> 8 mts)",54,"Mediano",-68.8484254081,-32.8896903145,5,"0",0.185148665048544
8094,"Morera","Medio (4 - 8 mts)",74,"Grande",-68.8484965813,-32.8899513106,5,"1",0.185148665048544
8096,"Morera","Alto (> 8 mts)",140,"Grande",-68.8472353889,-32.8895145145,2,"0",0.185148665048544
8098,"Pltano","Alto (> 8 mts)",220,"Grande",-68.8460870445,-32.8902178965,2,"0",0.0903973509933775
8099,"Pltano","Alto (> 8 mts)",220,"Grande",-68.8459653655,-32.8897717611,2,"0",0.0903973509933775
8100,"Pltano","Alto (> 8 mts)",190,"Grande",-68.8459425108,-32.8896982811,2,"0",0.0903973509933775
8103,"Perenne","Alto (> 8 mts)",93,"Grande",-68.8432228715,-32.890335453,2,"0",0.0364741641337386
8110,"Acacia SP","Alto (> 8 mts)",90,"Grande",-68.841017589,-32.8913212986,2,"0",0.150492264416315
8111,"Fresno europeo","Alto (> 8 mts)",70,"Grande",-68.8410048421,-32.8912704018,2,"0",0.0420032310177706
8115,"Acacia SP","Alto (> 8 mts)",112,"Grande",-68.8406978989,-32.8906386261,3,"1",0.150492264416315
8116,"Acacia SP","Alto (> 8 mts)",116,"Grande",-68.8407165948,-32.8907136058,3,"0",0.150492264416315
8121,"Fresno europeo","Medio (4 - 8 mts)",38,"Mediano",-68.8408879908,-32.8913578299,2,"0",0.0420032310177706
8127,"Morera","Alto (> 8 mts)",140,"Grande",-68.8499983162,-32.8906393659,5,"0",0.185148665048544
8128,"Morera","Alto (> 8 mts)",120,"Grande",-68.8500017801,-32.8908803111,5,"1",0.185148665048544
8132,"Morera","Alto (> 8 mts)",160,"Grande",-68.8487855803,-32.8910133364,2,"1",0.185148665048544
8140,"Morera","Bajo (2 - 4 mts)",22,"Mediano",-68.8467357791,-32.8905115311,2,"0",0.185148665048544
8144,"Morera","Muy bajo (1 - 2 mts)",8,"Chico",-68.8470907699,-32.8904474857,2,"0",0.185148665048544
8146,"Pltano","Alto (> 8 mts)",128,"Grande",-68.846107896,-32.890879624,2,"0",0.0903973509933775
8147,"Pltano","Alto (> 8 mts)",112,"Grande",-68.8462229085,-32.8913132653,2,"0",0.0903973509933775
8154,"Perenne","Medio (4 - 8 mts)",76,"Grande",-68.8451744595,-32.8916820989,2,"0",0.0364741641337386
8158,"Morera","Alto (> 8 mts)",60,"Mediano",-68.8453950879,-32.8907688061,2,"1",0.185148665048544
8161,"Morera","Alto (> 8 mts)",160,"Grande",-68.8458636065,-32.8906873016,2,"0",0.185148665048544
8169,"Morera","Muy bajo (1 - 2 mts)",12,"Chico",-68.8436784158,-32.891486127,2,"0",0.185148665048544
8170,"Morera","Alto (> 8 mts)",67,"Grande",-68.8436473159,-32.8913537451,2,"1",0.185148665048544
8171,"Morera","Alto (> 8 mts)",195,"Grande",-68.8436127917,-32.8912220108,2,"1",0.185148665048544
8172,"Morera","Muy bajo (1 - 2 mts)",8,"Chico",-68.8435994725,-32.8911688097,2,"1",0.185148665048544
8176,"Morera","Alto (> 8 mts)",155,"Grande",-68.843679056,-32.8919912192,2,"1",0.185148665048544
8177,"Pltano","Muy bajo (1 - 2 mts)",12,"Chico",-68.8434454183,-32.892105393,2,"0",0.0903973509933775
8181,"Fresno europeo","Bajo (2 - 4 mts)",12,"Chico",-68.8421167023,-32.8913738206,2,"0",0.0420032310177706
8182,"Fresno europeo","Bajo (2 - 4 mts)",15,"Chico",-68.8417818458,-32.8914295232,2,"0",0.0420032310177706
8186,"Acacia SP","Medio (4 - 8 mts)",38,"Mediano",-68.8412694906,-32.8922714087,2,"0",0.150492264416315
8188,"Morera","Alto (> 8 mts)",180,"Grande",-68.8407963391,-32.8916108865,2,"0",0.185148665048544
8196,"Acacia SP","Alto (> 8 mts)",190,"Grande",-68.8411603853,-32.8924524596,2,"1",0.150492264416315
8197,"Fresno europeo","Alto (> 8 mts)",100,"Grande",-68.8411357304,-32.8923541305,2,"0",0.0420032310177706
8200,"Perenne","Medio (4 - 8 mts)",22,"Mediano",-68.8410563222,-32.892057008,2,"0",0.0364741641337386
8204,"Ligustro","Alto (> 8 mts)",56,"Mediano",-68.8413012783,-32.892979521,2,"1",0.0138888888888889
8211,"Morera","Medio (4 - 8 mts)",62,"Grande",-68.842426522,-32.8934010535,2,"0",0.185148665048544
8215,"Olmo comun","Alto (> 8 mts)",118,"Grande",-68.8415601227,-32.89339781,2,"0",0.0227272727272727
8216,"Fresno europeo","Medio (4 - 8 mts)",62,"Grande",-68.8415783083,-32.8934557234,2,"0",0.0420032310177706
8220,"Fresno europeo","Medio (4 - 8 mts)",66,"Grande",-68.841521605,-32.8932575293,2,"0",0.0420032310177706
8222,"Olmo comun","Alto (> 8 mts)",128,"Grande",-68.8414905479,-32.8931475486,2,"0",0.0227272727272727
8223,"Fresno europeo","Medio (4 - 8 mts)",42,"Mediano",-68.8414790502,-32.8930952927,2,"0",0.0420032310177706
8226,"Morera","Muy bajo (1 - 2 mts)",7,"Chico",-68.8414144755,-32.8928217135,2,"0",0.185148665048544
8231,"Jacarand","Medio (4 - 8 mts)",48,"Mediano",-68.8437324328,-32.892250487,2,"0",0.103064066852368
8232,"Morera","Medio (4 - 8 mts)",136,"Grande",-68.8437474195,-32.8923067505,2,"1",0.185148665048544
8233,"Fresno europeo","Bajo (2 - 4 mts)",14,"Chico",-68.8438271047,-32.8926413116,2,"0",0.0420032310177706
8237,"Morera","Medio (4 - 8 mts)",42,"Mediano",-68.843257399,-32.8932409331,2,"1",0.185148665048544
8239,"Pltano","Alto (> 8 mts)",166,"Grande",-68.8430297126,-32.8923133276,2,"0",0.0903973509933775
8249,"Morera","Alto (> 8 mts)",142,"Grande",-68.8438932934,-32.8922644558,2,"1",0.185148665048544
8262,"Morera","Alto (> 8 mts)",122,"Grande",-68.8454028035,-32.8925556017,2,"1",0.185148665048544
8263,"Morera","Alto (> 8 mts)",62,"Grande",-68.8453403297,-32.8923308437,2,"0",0.185148665048544
8266,"Pltano","Alto (> 8 mts)",110,"Grande",-68.8453443167,-32.8918863753,2,"0",0.0903973509933775
8267,"Acer","Medio (4 - 8 mts)",26,"Mediano",-68.8477205756,-32.8919631779,2,"1",0.0204081632653061
8271,"Tilo","Bajo (2 - 4 mts)",20,"Chico",-68.846663955,-32.8923788901,2,"0",0
8273,"Fresno americano","Bajo (2 - 4 mts)",32,"Mediano",-68.8465944813,-32.8920950309,2,"0",0.0512455516014235
8274,"Fresno europeo","Bajo (2 - 4 mts)",22,"Mediano",-68.8465673978,-32.8919990343,2,"0",0.0420032310177706
8279,"Tipa","Alto (> 8 mts)",268,"Grande",-68.8478066886,-32.8917160281,2,"1",0.101123595505618
8287,"Acacia SP","Alto (> 8 mts)",108,"Grande",-68.8415943658,-32.8941317857,2,"1",0.150492264416315
8289,"Fresno europeo","Medio (4 - 8 mts)",58,"Mediano",-68.8416304792,-32.8942672789,2,"0",0.0420032310177706
8290,"Acacia SP","Muy bajo (1 - 2 mts)",6,"Chico",-68.8416890696,-32.8945089016,2,"0",0.150492264416315
8291,"Fresno europeo","Medio (4 - 8 mts)",38,"Mediano",-68.8417003976,-32.8945449512,2,"0",0.0420032310177706
8292,"Morera","Bajo (2 - 4 mts)",26,"Mediano",-68.8404671945,-32.8938937193,2,"0",0.185148665048544
8294,"Morera","Medio (4 - 8 mts)",158,"Grande",-68.8406849875,-32.893849998,2,"0",0.185148665048544
8300,"Morera","Alto (> 8 mts)",62,"Grande",-68.8418081727,-32.8943404272,2,"1",0.185148665048544
8301,"Morera","Alto (> 8 mts)",72,"Grande",-68.84199644,-32.8936038115,2,"0",0.185148665048544
8304,"Morera","Alto (> 8 mts)",134,"Grande",-68.8440268494,-32.893330571,2,"1",0.185148665048544
8306,"Morera","Alto (> 8 mts)",182,"Grande",-68.8440857606,-32.8935699434,2,"0",0.185148665048544
8314,"Morera","Alto (> 8 mts)",246,"Grande",-68.8454405362,-32.8937366428,2,"0",0.185148665048544
8315,"Morera","Alto (> 8 mts)",194,"Grande",-68.844859371,-32.8940687111,2,"0",0.185148665048544
8316,"Morera","Muy bajo (1 - 2 mts)",12,"Chico",-68.8445539877,-32.8941314529,2,"0",0.185148665048544
8324,"Morera","Alto (> 8 mts)",62,"Grande",-68.8467433021,-32.8932712883,2,"1",0.185148665048544
8325,"Morera","Alto (> 8 mts)",68,"Grande",-68.8467621561,-32.8933421402,2,"0",0.185148665048544
8326,"Morera","Alto (> 8 mts)",98,"Grande",-68.8467946072,-32.8934631643,2,"0",0.185148665048544
8328,"Morera","Alto (> 8 mts)",132,"Grande",-68.8467703704,-32.8937259505,2,"0",0.185148665048544
8329,"Morera","Medio (4 - 8 mts)",38,"Mediano",-68.846118888,-32.893836577,2,"0",0.185148665048544
8331,"Morera","Bajo (2 - 4 mts)",15,"Chico",-68.8459570736,-32.8938624475,2,"0",0.185148665048544
8332,"Morera","Alto (> 8 mts)",98,"Grande",-68.8457197435,-32.893747174,2,"1",0.185148665048544
8334,"Morera","Bajo (2 - 4 mts)",26,"Mediano",-68.8456151463,-32.8933390234,2,"0",0.185148665048544
8337,"Morera","Alto (> 8 mts)",178,"Grande",-68.8457131698,-32.8929294276,2,"0",0.185148665048544
8338,"Morera","Alto (> 8 mts)",92,"Grande",-68.8462257881,-32.8928305854,2,"1",0.185148665048544
8341,"Fresno americano","Medio (4 - 8 mts)",22,"Mediano",-68.846956546,-32.8934651254,2,"0",0.0512455516014235
8357,"Morera","Medio (4 - 8 mts)",108,"Grande",-68.8404064377,-32.9022449278,2,"1",0.185148665048544
8358,"Morera","Medio (4 - 8 mts)",82,"Grande",-68.8404188558,-32.9022873015,2,"0",0.185148665048544
8359,"Morera","Medio (4 - 8 mts)",110,"Grande",-68.8403541831,-32.9026574527,2,"0",0.185148665048544
8361,"Fresno europeo","Muy bajo (1 - 2 mts)",32,"Mediano",-68.839912203,-32.9027894864,2,"0",0.0420032310177706
8362,"Morera","Alto (> 8 mts)",180,"Grande",-68.8397923338,-32.902761321,2,"0",0.185148665048544
8363,"Fresno europeo","Bajo (2 - 4 mts)",58,"Mediano",-68.8398142925,-32.9017426661,2,"0",0.0420032310177706
8368,"Morera","Alto (> 8 mts)",112,"Grande",-68.8406751672,-32.9011941185,2,"1",0.185148665048544
8369,"Tilo","Muy bajo (1 - 2 mts)",26,"Mediano",-68.8392672313,-32.9011053855,2,"0",0
8371,"Morera","Alto (> 8 mts)",62,"Grande",-68.8396602752,-32.9005656012,2,"1",0.185148665048544
8374,"Morera","Medio (4 - 8 mts)",42,"Mediano",-68.839985131,-32.900507494,2,"0",0.185148665048544
8375,"Morera","Alto (> 8 mts)",98,"Grande",-68.8401224567,-32.90048293,2,"1",0.185148665048544
8376,"Morera","Alto (> 8 mts)",88,"Grande",-68.8393766799,-32.9020875303,2,"1",0.185148665048544
8378,"Fresno europeo","Muy bajo (1 - 2 mts)",8,"Chico",-68.8391702271,-32.902402107,2,"0",0.0420032310177706
8379,"Paraiso","Bajo (2 - 4 mts)",38,"Mediano",-68.8388139979,-32.9024659225,2,"0",0.0859023207481815
8382,"Fresno europeo","Medio (4 - 8 mts)",46,"Mediano",-68.838609918,-32.902502533,2,"0",0.0420032310177706
8385,"Jacarand","Bajo (2 - 4 mts)",32,"Mediano",-68.8389568969,-32.9018915004,2,"1",0.103064066852368
8389,"Prunas","Muy bajo (1 - 2 mts)",30,"Mediano",-68.8395623816,-32.9028054434,2,"1",0.0321782178217822
8390,"Morera","Alto (> 8 mts)",124,"Grande",-68.8394132177,-32.9028814573,2,"1",0.185148665048544
8393,"Caducifolio","Bajo (2 - 4 mts)",38,"Mediano",-68.8383991567,-32.9028473202,2,"0",0.0512249443207127
8399,"Acacia visco","Muy bajo (1 - 2 mts)",22,"Mediano",-68.8393160682,-32.9024267898,2,"1",0.0625
8409,"Morera","Medio (4 - 8 mts)",38,"Mediano",-68.8381781346,-32.9025315287,2,"0",0.185148665048544
8412,"Morera","Alto (> 8 mts)",68,"Grande",-68.8372901551,-32.9009959907,2,"0",0.185148665048544
8413,"Fresno americano","Bajo (2 - 4 mts)",56,"Mediano",-68.8369231624,-32.9011817828,2,"1",0.0512455516014235
8415,"Fresno europeo","Bajo (2 - 4 mts)",52,"Mediano",-68.8370098386,-32.9013288189,2,"0",0.0420032310177706
8418,"Fresno europeo","Bajo (2 - 4 mts)",54,"Mediano",-68.837288195,-32.9018399391,2,"0",0.0420032310177706
8419,"Acer","Medio (4 - 8 mts)",62,"Grande",-68.8379970999,-32.9018533508,2,"0",0.0204081632653061
8431,"Fresno americano","Medio (4 - 8 mts)",32,"Mediano",-68.8379675852,-32.9008719242,2,"0",0.0512455516014235
8435,"Morera","Medio (4 - 8 mts)",102,"Grande",-68.8382885979,-32.9018898976,2,"1",0.185148665048544
8436,"Prunas","Bajo (2 - 4 mts)",8,"Chico",-68.8382457896,-32.9018981116,2,"0",0.0321782178217822
8439,"Morera","Medio (4 - 8 mts)",72,"Grande",-68.8380633394,-32.9015376783,2,"1",0.185148665048544
8443,"Morera","Alto (> 8 mts)",108,"Grande",-68.8367421144,-32.8987575118,2,"1",0.185148665048544
8446,"Morera","Medio (4 - 8 mts)",82,"Grande",-68.8362454771,-32.8980016265,2,"0",0.185148665048544
8447,"Fresno europeo","Medio (4 - 8 mts)",62,"Grande",-68.8363853886,-32.8978857928,2,"0",0.0420032310177706
8450,"Morera","Medio (4 - 8 mts)",22,"Mediano",-68.8361599258,-32.8981446776,2,"0",0.185148665048544
8451,"Fresno europeo","Bajo (2 - 4 mts)",36,"Mediano",-68.8362117871,-32.8983446448,2,"0",0.0420032310177706
8454,"Morera","Alto (> 8 mts)",172,"Grande",-68.8359993341,-32.8988978454,2,"1",0.185148665048544
8455,"Morera","Alto (> 8 mts)",104,"Grande",-68.8359492027,-32.8989082041,2,"1",0.185148665048544
8456,"Morera","Alto (> 8 mts)",162,"Grande",-68.8355692085,-32.8988160978,2,"1",0.185148665048544
8460,"Morera","Alto (> 8 mts)",102,"Grande",-68.8367955039,-32.8970404034,2,"1",0.185148665048544
8463,"Fresno americano","Medio (4 - 8 mts)",58,"Mediano",-68.8363416619,-32.897757966,2,"1",0.0512455516014235
8464,"Morera","Medio (4 - 8 mts)",58,"Mediano",-68.8361608366,-32.8977922342,2,"0",0.185148665048544
8471,"Morera","Alto (> 8 mts)",132,"Grande",-68.8351570272,-32.897795592,2,"0",0.185148665048544
8473,"Morera","Alto (> 8 mts)",142,"Grande",-68.8351279892,-32.8976919116,2,"0",0.185148665048544
8478,"Morera","Alto (> 8 mts)",98,"Grande",-68.8351801404,-32.8979018136,2,"0",0.185148665048544
8480,"Morera","Alto (> 8 mts)",152,"Grande",-68.8352035496,-32.8979769309,2,"1",0.185148665048544
8482,"Morera","Alto (> 8 mts)",130,"Grande",-68.8352279796,-32.8980930278,2,"1",0.185148665048544
8483,"Morera","Medio (4 - 8 mts)",72,"Grande",-68.8352452602,-32.8981560552,2,"1",0.185148665048544
8491,"Morera","Medio (4 - 8 mts)",68,"Grande",-68.8346403257,-32.8972657799,2,"1",0.185148665048544
8496,"Fresno europeo","Alto (> 8 mts)",142,"Grande",-68.8365028568,-32.8959558249,2,"1",0.0420032310177706
8498,"Morera","Alto (> 8 mts)",84,"Grande",-68.8366777452,-32.8966264134,2,"0",0.185148665048544
8499,"Paraiso","Alto (> 8 mts)",210,"Grande",-68.8350549613,-32.8968474508,2,"1",0.0859023207481815
8501,"Fresno americano","Bajo (2 - 4 mts)",20,"Chico",-68.8349215973,-32.8963582503,2,"1",0.0512455516014235
8502,"Morera","Alto (> 8 mts)",43,"Mediano",-68.8353918992,-32.8960316765,2,"0",0.185148665048544
8504,"Ailanthus","Alto (> 8 mts)",60,"Mediano",-68.8379476858,-32.8965352006,2,"0",0.0380952380952381
8513,"Tilo","Alto (> 8 mts)",50,"Mediano",-68.8375012903,-32.8967476339,2,"0",0
8515,"Ligustro","Alto (> 8 mts)",98,"Grande",-68.8377251583,-32.8966998456,2,"0",0.0138888888888889
8516,"Morera","Alto (> 8 mts)",48,"Mediano",-68.8379405044,-32.8966655775,2,"0",0.185148665048544
8517,"Morera","Alto (> 8 mts)",100,"Grande",-68.8386626464,-32.8975206538,2,"1",0.185148665048544
8518,"Morera","Alto (> 8 mts)",105,"Grande",-68.838682482,-32.8975510646,2,"0",0.185148665048544
8523,"Morera","Alto (> 8 mts)",77,"Grande",-68.8391263094,-32.8982313991,2,"0",0.185148665048544
8527,"Olmo comun","Alto (> 8 mts)",98,"Grande",-68.8378789626,-32.8994470346,2,"0",0.0227272727272727
8528,"Morera","Alto (> 8 mts)",72,"Grande",-68.8378296488,-32.8994532897,2,"0",0.185148665048544
8533,"Morera","Alto (> 8 mts)",138,"Grande",-68.8372727811,-32.8983106478,2,"0",0.185148665048544
8536,"Ailanthus","Muy bajo (1 - 2 mts)",6,"Chico",-68.8410502574,-32.8992382703,2,"0",0.0380952380952381
8539,"Fresno europeo","Alto (> 8 mts)",60,"Mediano",-68.8404060325,-32.8992265041,2,"0",0.0420032310177706
8541,"Morera","Alto (> 8 mts)",165,"Grande",-68.8401186968,-32.8992209649,2,"1",0.185148665048544
8544,"Morera","Alto (> 8 mts)",95,"Grande",-68.8395848292,-32.898594051,2,"1",0.185148665048544
8552,"Olmo comun","Alto (> 8 mts)",80,"Grande",-68.8398149947,-32.8966670677,2,"0",0.0227272727272727
8554,"Morera","Alto (> 8 mts)",130,"Grande",-68.8399412385,-32.8971184975,2,"1",0.185148665048544
8555,"Fresno europeo","Alto (> 8 mts)",56,"Mediano",-68.8399273839,-32.8970564101,2,"0",0.0420032310177706
8558,"Perenne","Medio (4 - 8 mts)",58,"Mediano",-68.8400450901,-32.896972589,2,"1",0.0364741641337386
8559,"Morera","Alto (> 8 mts)",90,"Grande",-68.8403615955,-32.8965738052,2,"0",0.185148665048544
8571,"Paraiso sombrilla","Medio (4 - 8 mts)",55,"Mediano",-68.8411552935,-32.9033072838,2,"0",0.022887323943662
8576,"Fresno europeo","Medio (4 - 8 mts)",35,"Mediano",-68.840761689,-32.9032842093,2,"0",0.0420032310177706
8578,"Morera","Alto (> 8 mts)",67,"Grande",-68.840662662,-32.902901535,2,"0",0.185148665048544
8580,"Morera","Alto (> 8 mts)",60,"Mediano",-68.8413665617,-32.902647627,2,"0",0.185148665048544
8586,"Perenne","Alto (> 8 mts)",70,"Grande",-68.8366910063,-32.8995791606,2,"1",0.0364741641337386
8588,"Paraiso","Alto (> 8 mts)",125,"Grande",-68.837281176,-32.8995081501,2,"1",0.0859023207481815
8589,"Morera","Alto (> 8 mts)",160,"Grande",-68.8373725926,-32.8994990312,2,"0",0.185148665048544
8592,"Tilo","Medio (4 - 8 mts)",53,"Mediano",-68.8373813549,-32.899324195,2,"0",0
8595,"Morera","Alto (> 8 mts)",38,"Mediano",-68.8372949017,-32.8989758381,2,"0",0.185148665048544
8598,"Morera","Alto (> 8 mts)",180,"Grande",-68.8417519531,-32.9023938515,2,"0",0.185148665048544
8602,"Morera","Alto (> 8 mts)",94,"Grande",-68.8412147216,-32.9014990079,2,"0",0.185148665048544
8604,"Morera","Alto (> 8 mts)",115,"Grande",-68.838374524,-32.9033494501,2,"0",0.185148665048544
8607,"Morera","Alto (> 8 mts)",147,"Grande",-68.8384293784,-32.9035507078,2,"0",0.185148665048544
8608,"Fresno europeo","Medio (4 - 8 mts)",23,"Mediano",-68.8384667896,-32.9036984456,2,"0",0.0420032310177706
8613,"Ailanthus","Alto (> 8 mts)",100,"Grande",-68.838001645,-32.9044298813,2,"0",0.0380952380952381
8618,"Morera","Alto (> 8 mts)",200,"Grande",-68.8378840162,-32.9032985414,2,"0",0.185148665048544
8623,"Morera","Medio (4 - 8 mts)",20,"Chico",-68.8387474106,-32.9041541908,2,"0",0.185148665048544
8624,"Ailanthus","Alto (> 8 mts)",62,"Grande",-68.8390512623,-32.9043164924,2,"0",0.0380952380952381
8625,"Prunas","Medio (4 - 8 mts)",71,"Grande",-68.8393268547,-32.9038553838,2,"0",0.0321782178217822
8630,"Caducifolio","Bajo (2 - 4 mts)",10,"Chico",-68.8393061091,-32.9032159051,2,"0",0.0512249443207127
8635,"lamo blanco","Alto (> 8 mts)",130,"Grande",-68.8385920442,-32.9035867267,2,"0",0.046875
8642,"Morera","Alto (> 8 mts)",95,"Grande",-68.8403928315,-32.9018388093,2,"0",0.185148665048544
8643,"Morera","Alto (> 8 mts)",41,"Mediano",-68.8404041281,-32.9018890712,2,"0",0.185148665048544
8645,"Morera","Alto (> 8 mts)",59,"Mediano",-68.8404338282,-32.9020032198,2,"0",0.185148665048544
8649,"Morera","Alto (> 8 mts)",124,"Grande",-68.8407629112,-32.9026317392,2,"0",0.185148665048544
8651,"Fresno europeo","Medio (4 - 8 mts)",90,"Grande",-68.8410495609,-32.9025793389,2,"0",0.0420032310177706
8652,"Ailanthus","Alto (> 8 mts)",94,"Grande",-68.8411082953,-32.9025700585,2,"0",0.0380952380952381
8653,"Morera","Alto (> 8 mts)",82,"Grande",-68.8411980754,-32.9025492858,2,"1",0.185148665048544
8658,"Caducifolio","Bajo (2 - 4 mts)",32,"Mediano",-68.8393904069,-32.9041674626,2,"0",0.0512249443207127
8661,"Morera","Bajo (2 - 4 mts)",40,"Mediano",-68.8399695409,-32.9042134655,2,"0",0.185148665048544
8663,"Morera","Medio (4 - 8 mts)",24,"Mediano",-68.840873593,-32.9040187301,2,"0",0.185148665048544
8666,"Morera","Medio (4 - 8 mts)",20,"Chico",-68.8408347316,-32.90386968,2,"0",0.185148665048544
8667,"Morera","Medio (4 - 8 mts)",21,"Mediano",-68.8408218249,-32.9038241734,2,"0",0.185148665048544
8674,"Morera","Medio (4 - 8 mts)",47,"Mediano",-68.8405863057,-32.9029371257,2,"0",0.185148665048544
8681,"Morera","Muy bajo (1 - 2 mts)",9,"Chico",-68.8419276297,-32.901247567,2,"0",0.185148665048544
8688,"Morera","Alto (> 8 mts)",70,"Grande",-68.839241262,-32.9005151077,2,"0",0.185148665048544
8691,"Morera","Alto (> 8 mts)",110,"Grande",-68.8391072103,-32.9004401383,2,"0",0.185148665048544
8692,"Eucalyptus","Bajo (2 - 4 mts)",18,"Chico",-68.839092973,-32.900397104,2,"0",0.0909090909090909
8695,"Morera","Alto (> 8 mts)",110,"Grande",-68.8389941571,-32.9000493726,2,"0",0.185148665048544
8698,"Fresno europeo","Medio (4 - 8 mts)",63,"Grande",-68.8392996657,-32.8994181461,2,"0",0.0420032310177706
8701,"Morera","Alto (> 8 mts)",107,"Grande",-68.8389027199,-32.900258006,2,"1",0.185148665048544
8704,"Morera","Bajo (2 - 4 mts)",20,"Chico",-68.8389584291,-32.9004655205,2,"0",0.185148665048544
8706,"Fresno europeo","Medio (4 - 8 mts)",61,"Grande",-68.8381992153,-32.9007062564,2,"0",0.0420032310177706
8710,"Caducifolio","Bajo (2 - 4 mts)",44,"Mediano",-68.8377788886,-32.9004100801,2,"0",0.0512249443207127
8711,"Morera","Alto (> 8 mts)",250,"Grande",-68.8377500925,-32.9002970024,2,"0",0.185148665048544
8719,"Jacarand","Muy bajo (1 - 2 mts)",11,"Chico",-68.8383326019,-32.899528004,2,"0",0.103064066852368
8721,"Morera","Alto (> 8 mts)",126,"Grande",-68.8374991903,-32.89984215,2,"0",0.185148665048544
8724,"Morera","Alto (> 8 mts)",54,"Mediano",-68.8376642808,-32.9005331193,2,"0",0.185148665048544
8726,"Prunas","Bajo (2 - 4 mts)",23,"Mediano",-68.8368211281,-32.9005853135,2,"0",0.0321782178217822
8727,"Jacarand","Alto (> 8 mts)",64,"Grande",-68.8368057109,-32.9005171391,2,"1",0.103064066852368
8733,"Morera","Alto (> 8 mts)",50,"Mediano",-68.8366227613,-32.9008578192,2,"0",0.185148665048544
8735,"Perenne","Alto (> 8 mts)",47,"Mediano",-68.8365918508,-32.900811955,2,"0",0.0364741641337386
8736,"Fresno europeo","Medio (4 - 8 mts)",51,"Mediano",-68.8365759462,-32.9007892369,2,"0",0.0420032310177706
8741,"Fresno americano","Bajo (2 - 4 mts)",47,"Mediano",-68.836480657,-32.9006353814,2,"0",0.0512455516014235
8743,"Fresno europeo","Bajo (2 - 4 mts)",37,"Mediano",-68.8363920187,-32.9005064608,2,"1",0.0420032310177706
8747,"Perenne","Alto (> 8 mts)",104,"Grande",-68.8365694025,-32.9006310259,2,"1",0.0364741641337386
8748,"Fresno europeo","Bajo (2 - 4 mts)",28,"Mediano",-68.836531176,-32.9005670092,2,"0",0.0420032310177706
8751,"Morera","Muy bajo (1 - 2 mts)",10,"Chico",-68.8401229573,-32.8964662866,2,"0",0.185148665048544
8759,"Morera","Medio (4 - 8 mts)",84,"Grande",-68.8397887052,-32.8963891979,2,"1",0.185148665048544
8761,"Fresno europeo","Medio (4 - 8 mts)",45,"Mediano",-68.8394773895,-32.8964885293,2,"0",0.0420032310177706
8763,"Morera","Alto (> 8 mts)",94,"Grande",-68.838110947,-32.8961227886,2,"1",0.185148665048544
8771,"Morera","Medio (4 - 8 mts)",72,"Grande",-68.8502192977,-32.8679038473,6,"0",0.185148665048544
8781,"Fresno europeo","Muy bajo (1 - 2 mts)",5,"Chico",-68.8509374325,-32.8675364466,6,"0",0.0420032310177706
8782,"Morera","Medio (4 - 8 mts)",30,"Mediano",-68.8555101265,-32.8687516128,6,"0",0.185148665048544
8784,"Morera","Medio (4 - 8 mts)",65,"Grande",-68.8556422606,-32.8675869009,6,"0",0.185148665048544
8789,"Fresno europeo","Muy bajo (1 - 2 mts)",2,"Chico",-68.8554985996,-32.8688795536,6,"0",0.0420032310177706
8791,"Morera","Alto (> 8 mts)",80,"Grande",-68.8554647163,-32.8667559643,6,"0",0.185148665048544
8794,"Morera","Alto (> 8 mts)",150,"Grande",-68.8554836947,-32.8682232856,6,"0",0.185148665048544
8796,"Morera","Alto (> 8 mts)",80,"Grande",-68.8554744796,-32.8683329905,6,"1",0.185148665048544
8800,"Morera","Medio (4 - 8 mts)",60,"Mediano",-68.8546787198,-32.8688581886,6,"0",0.185148665048544
8803,"Acer","Alto (> 8 mts)",145,"Grande",-68.8547098105,-32.8685422033,6,"0",0.0204081632653061
8808,"Fresno europeo","Medio (4 - 8 mts)",48,"Mediano",-68.8548708403,-32.8669059518,6,"0",0.0420032310177706
8809,"Olmo bola","Medio (4 - 8 mts)",120,"Grande",-68.8548884557,-32.8667643899,6,"0",0.0231481481481481
8811,"Paraiso","Muy bajo (1 - 2 mts)",10,"Chico",-68.854965314,-32.866726028,6,"0",0.0859023207481815
8812,"Paraiso","Bajo (2 - 4 mts)",25,"Mediano",-68.8550495874,-32.866732278,6,"0",0.0859023207481815
8814,"Fresno europeo","Medio (4 - 8 mts)",50,"Mediano",-68.8545662758,-32.8677871925,6,"0",0.0420032310177706
8817,"Morera","Alto (> 8 mts)",155,"Grande",-68.8545835459,-32.8676474463,6,"0",0.185148665048544
8821,"Morera","Medio (4 - 8 mts)",35,"Mediano",-68.854508294,-32.8683627311,6,"0",0.185148665048544
8825,"Morera","Alto (> 8 mts)",120,"Grande",-68.8545279847,-32.868203117,6,"0",0.185148665048544
8826,"Aguaribay","Alto (> 8 mts)",130,"Grande",-68.8545326701,-32.868153944,6,"0",0.106529209621993
8828,"Acer","Muy bajo (1 - 2 mts)",10,"Chico",-68.8545413803,-32.8680740847,6,"0",0.0204081632653061
8831,"Fresno europeo","Bajo (2 - 4 mts)",20,"Chico",-68.8537198205,-32.8687539289,6,"0",0.0420032310177706
8833,"Fresno europeo","Bajo (2 - 4 mts)",43,"Mediano",-68.8537735616,-32.8681243067,6,"0",0.0420032310177706
8840,"Fresno europeo","Bajo (2 - 4 mts)",35,"Mediano",-68.8538611793,-32.8673020606,6,"0",0.0420032310177706
8846,"Fresno europeo","Bajo (2 - 4 mts)",36,"Mediano",-68.8538386461,-32.8675140561,6,"0",0.0420032310177706
8851,"Fresno europeo","Bajo (2 - 4 mts)",43,"Mediano",-68.8538068103,-32.8678122897,6,"0",0.0420032310177706
8854,"Paraiso","Medio (4 - 8 mts)",140,"Grande",-68.8540899023,-32.8666772599,6,"0",0.0859023207481815
8858,"Morera","Medio (4 - 8 mts)",120,"Grande",-68.851019385,-32.8687820525,6,"0",0.185148665048544
8859,"Morera","Medio (4 - 8 mts)",123,"Grande",-68.8511490893,-32.8687896279,6,"0",0.185148665048544
8861,"Paraiso sombrilla","Medio (4 - 8 mts)",80,"Grande",-68.8509910899,-32.8680721614,6,"0",0.022887323943662
8865,"Morera","Medio (4 - 8 mts)",65,"Grande",-68.8517487194,-32.866890036,6,"0",0.185148665048544
8866,"Morera","Medio (4 - 8 mts)",88,"Grande",-68.8517511463,-32.8668582776,6,"0",0.185148665048544
8868,"Morera","Bajo (2 - 4 mts)",26,"Mediano",-68.8510997348,-32.866727558,6,"0",0.185148665048544
8870,"Morera","Medio (4 - 8 mts)",131,"Grande",-68.8531629154,-32.8683951152,6,"0",0.185148665048544
8872,"Fresno europeo","Bajo (2 - 4 mts)",22,"Mediano",-68.8530713589,-32.8683040789,6,"0",0.0420032310177706
8875,"Morera","Muy bajo (1 - 2 mts)",52,"Mediano",-68.852725493,-32.8682895824,6,"0",0.185148665048544
8876,"Morera","Medio (4 - 8 mts)",63,"Grande",-68.8526645717,-32.8682846739,6,"0",0.185148665048544
8879,"Fresno americano","Bajo (2 - 4 mts)",29,"Mediano",-68.8536092052,-32.8682723783,6,"0",0.0512455516014235
8882,"Morera","Bajo (2 - 4 mts)",99,"Grande",-68.8536315552,-32.8680695376,6,"0",0.185148665048544
8883,"Morera","Bajo (2 - 4 mts)",86,"Grande",-68.8536204507,-32.8681794448,6,"0",0.185148665048544
8885,"Acacia SP","Bajo (2 - 4 mts)",8,"Chico",-68.853049718,-32.8678118039,6,"0",0.150492264416315
8893,"Tipa","Alto (> 8 mts)",163,"Grande",-68.8529651287,-32.8666154249,6,"0",0.101123595505618
8896,"Morera","Medio (4 - 8 mts)",137,"Grande",-68.8537544166,-32.8668323457,6,"0",0.185148665048544
8898,"Paraiso sombrilla","Muy bajo (1 - 2 mts)",27,"Mediano",-68.8537627138,-32.8667551459,6,"0",0.022887323943662
8899,"Paraiso","Medio (4 - 8 mts)",40,"Mediano",-68.8500589444,-32.8684468993,6,"0",0.0859023207481815
8900,"Paraiso","Medio (4 - 8 mts)",43,"Mediano",-68.8500604268,-32.8684091994,6,"0",0.0859023207481815
8903,"Paraiso","Alto (> 8 mts)",160,"Grande",-68.8496982435,-32.867789754,6,"1",0.0859023207481815
8912,"Paraiso","Bajo (2 - 4 mts)",50,"Mediano",-68.8495061773,-32.8669165012,6,"0",0.0859023207481815
8915,"Morera","Alto (> 8 mts)",150,"Grande",-68.8492913913,-32.8681681522,6,"0",0.185148665048544
8918,"Morera","Bajo (2 - 4 mts)",33,"Mediano",-68.8487281001,-32.8686438746,6,"0",0.185148665048544
8920,"Morera","Alto (> 8 mts)",210,"Grande",-68.8489541953,-32.8686576786,6,"0",0.185148665048544
8924,"Morera","Alto (> 8 mts)",120,"Grande",-68.848820511,-32.8674734242,6,"0",0.185148665048544
8925,"Prunas","Muy bajo (1 - 2 mts)",12,"Chico",-68.8488318688,-32.8673530896,6,"0",0.0321782178217822
8926,"Caducifolio","Muy bajo (1 - 2 mts)",5,"Chico",-68.8488397538,-32.8672751061,6,"0",0.0512249443207127
8927,"Morera","Alto (> 8 mts)",160,"Grande",-68.8488577577,-32.867037424,6,"0",0.185148665048544
8928,"Morera","Medio (4 - 8 mts)",45,"Mediano",-68.8488785292,-32.8668391519,6,"0",0.185148665048544
8930,"Morera","Medio (4 - 8 mts)",130,"Grande",-68.8484946098,-32.8675425758,6,"0",0.185148665048544
8932,"Morera","Muy bajo (1 - 2 mts)",10,"Chico",-68.8484789541,-32.8665251312,6,"0",0.185148665048544
8933,"Morera","Alto (> 8 mts)",180,"Grande",-68.8486775605,-32.8663557014,6,"0",0.185148665048544
8934,"Morera","Alto (> 8 mts)",140,"Grande",-68.8493442244,-32.8675175709,6,"0",0.185148665048544
8939,"Fresno europeo","Muy bajo (1 - 2 mts)",2,"Chico",-68.8489668429,-32.8668240966,6,"0",0.0420032310177706
8941,"Fresno americano","Muy bajo (1 - 2 mts)",5,"Chico",-68.8478446248,-32.8676888336,6,"0",0.0512455516014235
8942,"Paraiso","Alto (> 8 mts)",120,"Grande",-68.8476948465,-32.8676790816,6,"0",0.0859023207481815
8946,"Morera","Bajo (2 - 4 mts)",20,"Chico",-68.8481937709,-32.8684972709,6,"0",0.185148665048544
8948,"Morera","Medio (4 - 8 mts)",80,"Grande",-68.8482338834,-32.8663376215,6,"0",0.185148665048544
8949,"Morera","Alto (> 8 mts)",92,"Grande",-68.848131107,-32.8663316872,6,"0",0.185148665048544
8952,"Morera","Medio (4 - 8 mts)",110,"Grande",-68.8476242954,-32.8671065682,6,"0",0.185148665048544
8955,"Morera","Alto (> 8 mts)",155,"Grande",-68.8478951003,-32.8675033857,6,"0",0.185148665048544
8956,"Ligustro","Bajo (2 - 4 mts)",30,"Mediano",-68.8478471601,-32.8675012273,6,"0",0.0138888888888889
8957,"Fresno europeo","Muy bajo (1 - 2 mts)",20,"Chico",-68.8481116169,-32.867519111,6,"0",0.0420032310177706
8958,"Morera","Bajo (2 - 4 mts)",23,"Mediano",-68.8482973278,-32.8674488454,6,"0",0.185148665048544
8963,"Paraiso","Muy bajo (1 - 2 mts)",5,"Chico",-68.8467679856,-32.8678494729,6,"0",0.0859023207481815
8964,"Conifera","Alto (> 8 mts)",197,"Grande",-68.846874433,-32.8676183591,6,"0",0.021505376344086
8965,"Morera","Alto (> 8 mts)",195,"Grande",-68.8468923989,-32.8663612705,6,"0",0.185148665048544
8966,"Morera","Alto (> 8 mts)",170,"Grande",-68.8468305238,-32.8674398491,6,"0",0.185148665048544
8968,"Morera","Alto (> 8 mts)",145,"Grande",-68.847529747,-32.866916043,6,"0",0.185148665048544
8973,"Morera","Medio (4 - 8 mts)",50,"Mediano",-68.8463935765,-32.8685060913,6,"1",0.185148665048544
8977,"Paraiso","Alto (> 8 mts)",150,"Grande",-68.8466079797,-32.8683921268,6,"0",0.0859023207481815
8979,"Paraiso","Alto (> 8 mts)",180,"Grande",-68.8467761414,-32.8664252927,6,"0",0.0859023207481815
8980,"Paraiso","Alto (> 8 mts)",90,"Grande",-68.8467773459,-32.8664424625,6,"0",0.0859023207481815
8981,"Paraiso","Alto (> 8 mts)",120,"Grande",-68.8467870595,-32.8663627546,6,"0",0.0859023207481815
8983,"Paraiso","Alto (> 8 mts)",110,"Grande",-68.8467933218,-32.8663396437,6,"0",0.0859023207481815
8987,"Olmo bola","Alto (> 8 mts)",54,"Mediano",-68.845999947,-32.8683834917,6,"0",0.0231481481481481
8988,"Ligustro","Bajo (2 - 4 mts)",53,"Mediano",-68.8459972994,-32.8683290342,6,"0",0.0138888888888889
8990,"Perenne","Muy bajo (1 - 2 mts)",20,"Chico",-68.8459844074,-32.8679927295,4,"0",0.0364741641337386
8991,"Jacarand","Bajo (2 - 4 mts)",25,"Mediano",-68.8459194145,-32.867852096,4,"0",0.103064066852368
8993,"Paraiso","Alto (> 8 mts)",170,"Grande",-68.8459821231,-32.8678969018,4,"0",0.0859023207481815
8996,"Perenne","Muy bajo (1 - 2 mts)",10,"Chico",-68.8460095832,-32.8673203838,4,"0",0.0364741641337386
8997,"Morera","Bajo (2 - 4 mts)",14,"Chico",-68.8455641257,-32.8672118414,4,"0",0.185148665048544
8998,"Morera","Bajo (2 - 4 mts)",20,"Chico",-68.8459438664,-32.8684816596,6,"0",0.185148665048544
8999,"Fresno europeo","Bajo (2 - 4 mts)",28,"Mediano",-68.8452453876,-32.8677900155,4,"0",0.0420032310177706
9001,"Fresno europeo","Bajo (2 - 4 mts)",25,"Mediano",-68.8452730369,-32.8675440908,4,"0",0.0420032310177706
9007,"Prunas","Bajo (2 - 4 mts)",28,"Mediano",-68.845551145,-32.8670990964,4,"0",0.0321782178217822
9010,"Pltano","Alto (> 8 mts)",130,"Grande",-68.8453849857,-32.8670854135,4,"0",0.0903973509933775
9011,"Prunas","Bajo (2 - 4 mts)",30,"Mediano",-68.845345458,-32.8670806506,4,"0",0.0321782178217822
9018,"Morera","Alto (> 8 mts)",120,"Grande",-68.8454143229,-32.8662413785,4,"1",0.185148665048544
9028,"Morera","Bajo (2 - 4 mts)",35,"Mediano",-68.8449876723,-32.8671673647,4,"0",0.185148665048544
9030,"Morera","Alto (> 8 mts)",50,"Mediano",-68.8452645451,-32.8664469953,4,"0",0.185148665048544
9037,"Morera","Muy bajo (1 - 2 mts)",25,"Mediano",-68.8447443228,-32.8670388951,4,"0",0.185148665048544
9038,"Morera","Alto (> 8 mts)",195,"Grande",-68.8446569493,-32.8670319545,4,"0",0.185148665048544
9039,"Morera","Medio (4 - 8 mts)",48,"Mediano",-68.8445750222,-32.8670278312,4,"0",0.185148665048544
9042,"Fresno europeo","Medio (4 - 8 mts)",46,"Mediano",-68.8439557884,-32.8660378334,4,"0",0.0420032310177706
9044,"Fresno europeo","Medio (4 - 8 mts)",43,"Mediano",-68.8440266516,-32.8660434059,4,"0",0.0420032310177706
9045,"Fresno europeo","Medio (4 - 8 mts)",45,"Mediano",-68.8444206998,-32.8660741204,4,"0",0.0420032310177706
9052,"Morera","Alto (> 8 mts)",140,"Grande",-68.8556887545,-32.8660763331,6,"0",0.185148665048544
9056,"Fresno europeo","Medio (4 - 8 mts)",50,"Mediano",-68.8551988264,-32.8661306036,6,"0",0.0420032310177706
9057,"Fresno europeo","Medio (4 - 8 mts)",40,"Mediano",-68.8552501566,-32.8661345087,6,"0",0.0420032310177706
9058,"Fresno europeo","Medio (4 - 8 mts)",40,"Mediano",-68.8550655486,-32.8661222898,6,"0",0.0420032310177706
9059,"Fresno americano","Medio (4 - 8 mts)",60,"Mediano",-68.8551066349,-32.8661246295,6,"0",0.0512455516014235
9060,"Tilo","Muy bajo (1 - 2 mts)",10,"Chico",-68.8554994266,-32.8657159748,6,"0",0
9073,"Paraiso sombrilla","Medio (4 - 8 mts)",81,"Grande",-68.8543179677,-32.8659291756,6,"0",0.022887323943662
9075,"Paraiso sombrilla","Medio (4 - 8 mts)",55,"Mediano",-68.8545578175,-32.8659461838,6,"0",0.022887323943662
9076,"Paraiso sombrilla","Alto (> 8 mts)",92,"Grande",-68.8546081838,-32.8659494425,6,"0",0.022887323943662
9078,"Paraiso sombrilla","Medio (4 - 8 mts)",126,"Grande",-68.8547763057,-32.8658087181,6,"0",0.022887323943662
9079,"Acer","Medio (4 - 8 mts)",66,"Grande",-68.854767507,-32.8658952986,6,"0",0.0204081632653061
9080,"Acer","Alto (> 8 mts)",127,"Grande",-68.8548030082,-32.8655293318,6,"0",0.0204081632653061
9082,"Acer","Medio (4 - 8 mts)",44,"Mediano",-68.8548197343,-32.8653911457,6,"0",0.0204081632653061
9085,"Morera","Alto (> 8 mts)",78,"Grande",-68.8547489762,-32.8661815896,6,"0",0.185148665048544
9087,"lamo criollo","Alto (> 8 mts)",133,"Grande",-68.8547434784,-32.8662272135,6,"0",0.0128205128205128
9089,"Morera","Medio (4 - 8 mts)",53,"Mediano",-68.8547251401,-32.8663435803,6,"0",0.185148665048544
9092,"Fresno europeo","Alto (> 8 mts)",45,"Mediano",-68.8545539007,-32.8665764723,6,"0",0.0420032310177706
9093,"Fresno europeo","Alto (> 8 mts)",50,"Mediano",-68.8544759195,-32.8665741724,6,"0",0.0420032310177706
9097,"Paraiso sombrilla","Alto (> 8 mts)",75,"Grande",-68.853957163,-32.8663419026,6,"0",0.022887323943662
9098,"Jacarand","Muy bajo (1 - 2 mts)",10,"Chico",-68.8539613392,-32.8663049569,6,"0",0.103064066852368
9100,"Paraiso sombrilla","Medio (4 - 8 mts)",60,"Mediano",-68.8539763216,-32.8661591396,6,"0",0.022887323943662
9101,"Palo borracho","Medio (4 - 8 mts)",32,"Mediano",-68.854015901,-32.8657554951,6,"0",0
9110,"Morera","Bajo (2 - 4 mts)",25,"Mediano",-68.852821476,-32.8657796416,6,"0",0.185148665048544
9112,"Paraiso","Medio (4 - 8 mts)",40,"Mediano",-68.8528033821,-32.8659341988,6,"0",0.0859023207481815
9113,"Fresno europeo","Muy bajo (1 - 2 mts)",2,"Chico",-68.8527906415,-32.8660114654,6,"0",0.0420032310177706
9118,"Paraiso","Alto (> 8 mts)",125,"Grande",-68.8536949748,-32.8651077905,6,"0",0.0859023207481815
9119,"Paraiso","Alto (> 8 mts)",187,"Grande",-68.8536489373,-32.8651011957,6,"0",0.0859023207481815
9122,"Acacia SP","Medio (4 - 8 mts)",42,"Mediano",-68.8528326608,-32.865502571,6,"0",0.150492264416315
9127,"Morera","Medio (4 - 8 mts)",32,"Mediano",-68.8519675865,-32.8658332444,6,"0",0.185148665048544
9128,"Morera","Alto (> 8 mts)",95,"Grande",-68.8519838911,-32.8656761883,6,"0",0.185148665048544
9136,"Prunas","Muy bajo (1 - 2 mts)",13,"Chico",-68.8526191888,-32.8661768093,6,"0",0.0321782178217822
9137,"Fresno europeo","Muy bajo (1 - 2 mts)",26,"Mediano",-68.8526212589,-32.8661655487,6,"0",0.0420032310177706
9140,"Paraiso","Bajo (2 - 4 mts)",50,"Mediano",-68.8526341083,-32.8660090007,6,"0",0.0859023207481815
9142,"Paraiso","Alto (> 8 mts)",260,"Grande",-68.8526429982,-32.8659105325,6,"0",0.0859023207481815
9145,"Paraiso sombrilla","Bajo (2 - 4 mts)",42,"Mediano",-68.8526511373,-32.8657866465,6,"0",0.022887323943662
9148,"Morera","Alto (> 8 mts)",170,"Grande",-68.8522597625,-32.864940916,6,"0",0.185148665048544
9152,"Morera","Alto (> 8 mts)",96,"Grande",-68.8518522067,-32.8653719926,6,"0",0.185148665048544
9155,"Morera","Muy bajo (1 - 2 mts)",5,"Chico",-68.8517975249,-32.8659112137,6,"0",0.185148665048544
9156,"Acer","Bajo (2 - 4 mts)",26,"Mediano",-68.8517900668,-32.8660386207,6,"0",0.0204081632653061
9157,"Paraiso sombrilla","Medio (4 - 8 mts)",45,"Mediano",-68.8517006765,-32.8664008591,6,"0",0.022887323943662
9159,"Paraiso","Alto (> 8 mts)",155,"Grande",-68.851180681,-32.8661962845,6,"0",0.0859023207481815
9164,"Acer","Bajo (2 - 4 mts)",20,"Chico",-68.8511932345,-32.8660482781,6,"0",0.0204081632653061
9166,"Paraiso","Bajo (2 - 4 mts)",35,"Mediano",-68.8512159533,-32.8657804935,6,"0",0.0859023207481815
9168,"Paraiso","Muy bajo (1 - 2 mts)",7,"Chico",-68.8512285928,-32.8656314917,6,"0",0.0859023207481815
9171,"Paraiso","Alto (> 8 mts)",90,"Grande",-68.851236646,-32.8655365609,6,"0",0.0859023207481815
9172,"Morera","Alto (> 8 mts)",60,"Mediano",-68.8514482329,-32.8648627049,6,"0",0.185148665048544
9177,"Caducifolio","Medio (4 - 8 mts)",30,"Mediano",-68.8517177022,-32.8648830937,6,"0",0.0512249443207127
9178,"Fresno americano","Medio (4 - 8 mts)",64,"Grande",-68.8511130802,-32.8650877754,6,"0",0.0512455516014235
9182,"Paraiso","Alto (> 8 mts)",106,"Grande",-68.8510410952,-32.8659075002,6,"0",0.0859023207481815
9183,"Paraiso sombrilla","Bajo (2 - 4 mts)",30,"Mediano",-68.8510172859,-32.8661754033,6,"0",0.022887323943662
9184,"Fresno europeo","Medio (4 - 8 mts)",40,"Mediano",-68.8509429585,-32.8663555321,6,"0",0.0420032310177706
9187,"Tilo","Alto (> 8 mts)",60,"Mediano",-68.8504237201,-32.8658310645,6,"0",0
9195,"Fresno europeo","Muy bajo (1 - 2 mts)",4,"Chico",-68.85046202,-32.8653850083,6,"0",0.0420032310177706
9196,"Caducifolio","Bajo (2 - 4 mts)",37,"Mediano",-68.850465093,-32.8653492336,6,"0",0.0512249443207127
9197,"Perenne","Muy bajo (1 - 2 mts)",7,"Chico",-68.8504671712,-32.8653250211,6,"0",0.0364741641337386
9204,"Morera","Alto (> 8 mts)",102,"Grande",-68.8502558119,-32.8658736003,6,"0",0.185148665048544
9206,"Paraiso","Alto (> 8 mts)",180,"Grande",-68.8502690273,-32.8656663507,6,"0",0.0859023207481815
9207,"Paraiso","Alto (> 8 mts)",190,"Grande",-68.8502782884,-32.8655577283,6,"0",0.0859023207481815
9210,"Morera","Alto (> 8 mts)",140,"Grande",-68.8501771679,-32.864749801,6,"0",0.185148665048544
9211,"Fresno europeo","Medio (4 - 8 mts)",60,"Mediano",-68.8496748415,-32.8653531782,6,"0",0.0420032310177706
9215,"Morera","Medio (4 - 8 mts)",50,"Mediano",-68.8496193959,-32.8660061147,6,"0",0.185148665048544
9216,"Paraiso","Alto (> 8 mts)",160,"Grande",-68.8496158368,-32.8661004827,6,"0",0.0859023207481815
9217,"Morera","Alto (> 8 mts)",220,"Grande",-68.848948209,-32.8646535749,6,"0",0.185148665048544
9219,"Caducifolio","Muy bajo (1 - 2 mts)",8,"Chico",-68.8491883147,-32.864675177,6,"0",0.0512249443207127
9221,"Prunas","Bajo (2 - 4 mts)",34,"Mediano",-68.8494348078,-32.864697909,6,"0",0.0321782178217822
9224,"Fresno europeo","Medio (4 - 8 mts)",60,"Mediano",-68.849548967,-32.8650496056,6,"0",0.0420032310177706
9225,"Fresno europeo","Bajo (2 - 4 mts)",30,"Mediano",-68.8495628096,-32.8648819015,6,"0",0.0420032310177706
9226,"Paraiso","Medio (4 - 8 mts)",100,"Grande",-68.8495707349,-32.8647858805,6,"0",0.0859023207481815
9228,"Morera","Medio (4 - 8 mts)",40,"Mediano",-68.8491075943,-32.8652649894,6,"0",0.185148665048544
9230,"Morera","Bajo (2 - 4 mts)",36,"Mediano",-68.8493473327,-32.8652868136,6,"0",0.185148665048544
9232,"Prunas","Bajo (2 - 4 mts)",26,"Mediano",-68.8489870907,-32.8653372015,6,"0",0.0321782178217822
9235,"Paraiso sombrilla","Alto (> 8 mts)",100,"Grande",-68.8492821686,-32.8657822932,6,"0",0.022887323943662
9238,"Paraiso","Alto (> 8 mts)",182,"Grande",-68.8491336511,-32.8657717781,6,"0",0.0859023207481815
9240,"Fresno americano","Bajo (2 - 4 mts)",18,"Chico",-68.8488245561,-32.865752399,6,"0",0.0512455516014235
9244,"Paraiso","Medio (4 - 8 mts)",90,"Grande",-68.8491702236,-32.8658374935,6,"0",0.0859023207481815
9245,"Prunas","Medio (4 - 8 mts)",60,"Mediano",-68.8494589021,-32.8659195438,6,"0",0.0321782178217822
9247,"Morera","Bajo (2 - 4 mts)",24,"Mediano",-68.849438645,-32.8661961766,6,"0",0.185148665048544
9250,"Acer","Medio (4 - 8 mts)",60,"Mediano",-68.8484748767,-32.8657757104,6,"0",0.0204081632653061
9252,"Acer","Alto (> 8 mts)",120,"Grande",-68.8484684782,-32.8655260864,6,"0",0.0204081632653061
9255,"Fresno europeo","Medio (4 - 8 mts)",80,"Grande",-68.8484606271,-32.865162462,6,"0",0.0420032310177706
9258,"Paraiso","Alto (> 8 mts)",220,"Grande",-68.8475536095,-32.86570224,6,"0",0.0859023207481815
9269,"Paraiso sombrilla","Medio (4 - 8 mts)",94,"Grande",-68.8473079663,-32.8645493838,4,"0",0.022887323943662
9270,"Fresno europeo","Medio (4 - 8 mts)",54,"Mediano",-68.8473938335,-32.8645555209,4,"0",0.0420032310177706
9271,"Fresno americano","Bajo (2 - 4 mts)",40,"Mediano",-68.8474391179,-32.864559017,4,"0",0.0512455516014235
9273,"Paraiso","Alto (> 8 mts)",160,"Grande",-68.8476766508,-32.8646440387,6,"0",0.0859023207481815
9274,"Paraiso","Alto (> 8 mts)",150,"Grande",-68.8476795883,-32.864859432,6,"0",0.0859023207481815
9280,"Fresno europeo","Medio (4 - 8 mts)",66,"Grande",-68.8478416181,-32.8661735289,6,"0",0.0420032310177706
9281,"Morera","Medio (4 - 8 mts)",66,"Grande",-68.8483518844,-32.8661562327,6,"0",0.185148665048544
9282,"Morera","Medio (4 - 8 mts)",52,"Mediano",-68.848351431,-32.8661319864,6,"0",0.185148665048544
9285,"Acer","Bajo (2 - 4 mts)",24,"Mediano",-68.8483462695,-32.8658600713,6,"0",0.0204081632653061
9288,"Acer","Alto (> 8 mts)",162,"Grande",-68.8483359035,-32.8653930754,6,"0",0.0204081632653061
9290,"Paraiso sombrilla","Medio (4 - 8 mts)",90,"Grande",-68.8483343411,-32.8653135737,6,"0",0.022887323943662
9296,"Morera","Alto (> 8 mts)",180,"Grande",-68.8482578675,-32.8646011652,6,"1",0.185148665048544
9298,"Morera","Alto (> 8 mts)",200,"Grande",-68.848080464,-32.8645881846,6,"0",0.185148665048544
9300,"Morera","Alto (> 8 mts)",130,"Grande",-68.8478377537,-32.8645742722,6,"1",0.185148665048544
9303,"Morera","Alto (> 8 mts)",160,"Grande",-68.8455981729,-32.864566853,4,"0",0.185148665048544
9306,"Morera","Alto (> 8 mts)",130,"Grande",-68.8455385351,-32.8650941484,4,"0",0.185148665048544
9308,"Fresno europeo","Medio (4 - 8 mts)",64,"Grande",-68.846097538,-32.8654556876,4,"0",0.0420032310177706
9310,"Paraiso","Medio (4 - 8 mts)",80,"Grande",-68.8454418502,-32.8659500307,4,"0",0.0859023207481815
9311,"Morera","Medio (4 - 8 mts)",64,"Grande",-68.8462572623,-32.8661071955,4,"0",0.185148665048544
9313,"Fresno europeo","Bajo (2 - 4 mts)",50,"Mediano",-68.8461524044,-32.8660997439,4,"0",0.0420032310177706
9315,"Morera","Medio (4 - 8 mts)",92,"Grande",-68.8463543646,-32.8657861247,4,"0",0.185148665048544
9316,"Morera","Medio (4 - 8 mts)",88,"Grande",-68.8463758419,-32.8656091294,4,"0",0.185148665048544
9318,"Fresno europeo","Medio (4 - 8 mts)",54,"Mediano",-68.8464081824,-32.8653426136,4,"0",0.0420032310177706
9320,"Prunas","Bajo (2 - 4 mts)",80,"Grande",-68.8464410841,-32.8650714782,4,"0",0.0321782178217822
9322,"Paraiso sombrilla","Bajo (2 - 4 mts)",68,"Grande",-68.8464930628,-32.8646431195,4,"0",0.022887323943662
9325,"Morera","Alto (> 8 mts)",184,"Grande",-68.8459357824,-32.8644490705,4,"0",0.185148665048544
9327,"Acer","Medio (4 - 8 mts)",84,"Grande",-68.847026401,-32.8650625111,4,"0",0.0204081632653061
9330,"Morera","Alto (> 8 mts)",180,"Grande",-68.8470208923,-32.8652112011,4,"0",0.185148665048544
9333,"Morera","Medio (4 - 8 mts)",44,"Mediano",-68.8470115553,-32.865463208,4,"0",0.185148665048544
9336,"Fresno europeo","Muy bajo (1 - 2 mts)",12,"Chico",-68.8469986264,-32.865812159,4,"0",0.0420032310177706
9340,"Fresno europeo","Medio (4 - 8 mts)",112,"Grande",-68.8466013628,-32.8660989373,4,"0",0.0420032310177706
9343,"Paraiso","Alto (> 8 mts)",140,"Grande",-68.8465534159,-32.8654875328,4,"0",0.0859023207481815
9347,"Olmo comun","Medio (4 - 8 mts)",38,"Mediano",-68.846967931,-32.8645151719,4,"0",0.0227272727272727
9349,"Jacarand","Bajo (2 - 4 mts)",14,"Chico",-68.8468764354,-32.8645090519,4,"0",0.103064066852368
9350,"Morera","Bajo (2 - 4 mts)",40,"Mediano",-68.8468989754,-32.8645099578,4,"0",0.185148665048544
9351,"Jacarand","Muy bajo (1 - 2 mts)",16,"Chico",-68.8468576402,-32.8645069063,4,"0",0.103064066852368
9354,"Fresno europeo","Medio (4 - 8 mts)",80,"Grande",-68.8454812322,-32.8645432465,4,"0",0.0420032310177706
9355,"Fresno europeo","Medio (4 - 8 mts)",56,"Mediano",-68.8454682622,-32.8646629612,4,"0",0.0420032310177706
9356,"Morera","Alto (> 8 mts)",120,"Grande",-68.8454607085,-32.8647239065,4,"0",0.185148665048544
9361,"Tilo","Medio (4 - 8 mts)",34,"Mediano",-68.845418647,-32.8651013122,4,"0",0
9362,"Morera","Medio (4 - 8 mts)",82,"Grande",-68.8453887951,-32.8653697677,4,"0",0.185148665048544
9363,"Fresno europeo","Medio (4 - 8 mts)",82,"Grande",-68.84535332,-32.8657311205,4,"0",0.0420032310177706
9364,"Fresno europeo","Medio (4 - 8 mts)",38,"Mediano",-68.8453509321,-32.865781516,4,"0",0.0420032310177706
9365,"Fresno europeo","Medio (4 - 8 mts)",64,"Grande",-68.8453439511,-32.8658319058,4,"0",0.0420032310177706
9367,"Morera","Bajo (2 - 4 mts)",44,"Mediano",-68.8453256516,-32.8659398314,4,"0",0.185148665048544
9369,"Morera","Bajo (2 - 4 mts)",48,"Mediano",-68.8446270692,-32.865512913,4,"0",0.185148665048544
9370,"Morera","Medio (4 - 8 mts)",146,"Grande",-68.8446233407,-32.865552528,4,"0",0.185148665048544
9371,"Morera","Alto (> 8 mts)",164,"Grande",-68.8446199987,-32.8655886593,4,"0",0.185148665048544
9373,"Morera","Medio (4 - 8 mts)",110,"Grande",-68.8446493094,-32.8653433129,4,"0",0.185148665048544
9378,"Paraiso","Medio (4 - 8 mts)",90,"Grande",-68.844851489,-32.8643866452,4,"0",0.0859023207481815
9379,"Morera","Alto (> 8 mts)",140,"Grande",-68.8453566041,-32.8644113287,4,"0",0.185148665048544
9380,"Morera","Medio (4 - 8 mts)",124,"Grande",-68.8453934806,-32.8644113743,4,"0",0.185148665048544
9382,"Morera","Medio (4 - 8 mts)",106,"Grande",-68.843899177,-32.8653981255,4,"0",0.185148665048544
9383,"Morera","Medio (4 - 8 mts)",88,"Grande",-68.8438998181,-32.8653755767,4,"0",0.185148665048544
9386,"Morera","Medio (4 - 8 mts)",88,"Grande",-68.8444887731,-32.8656874257,4,"0",0.185148665048544
9390,"Fresno europeo","Medio (4 - 8 mts)",60,"Mediano",-68.8444641091,-32.8658797194,4,"0",0.0420032310177706
9391,"Morera","Medio (4 - 8 mts)",66,"Grande",-68.8444573847,-32.8659125778,4,"0",0.185148665048544
9392,"Fresno europeo","Muy bajo (1 - 2 mts)",5,"Chico",-68.8443732905,-32.8659667399,4,"0",0.0420032310177706
9396,"Fresno europeo","Bajo (2 - 4 mts)",10,"Chico",-68.858263312,-32.8665980731,6,"0",0.0420032310177706
9398,"Paraiso","Bajo (2 - 4 mts)",43,"Mediano",-68.8581419746,-32.8667853935,6,"0",0.0859023207481815
9399,"Fresno americano","Medio (4 - 8 mts)",55,"Mediano",-68.8577175165,-32.866762177,6,"0",0.0512455516014235
9402,"Fresno europeo","Bajo (2 - 4 mts)",45,"Mediano",-68.8572221722,-32.8667396852,6,"0",0.0420032310177706
9410,"Morera","Medio (4 - 8 mts)",84,"Grande",-68.8564280185,-32.8649200246,6,"0",0.185148665048544
9412,"Morera","Alto (> 8 mts)",100,"Grande",-68.8563287852,-32.8649126818,6,"0",0.185148665048544
9413,"Paraiso sombrilla","Medio (4 - 8 mts)",170,"Grande",-68.8565755655,-32.8652191843,6,"0",0.022887323943662
9416,"Jacarand","Medio (4 - 8 mts)",60,"Mediano",-68.8565360849,-32.8655847684,6,"0",0.103064066852368
9424,"Fresno europeo","Medio (4 - 8 mts)",82,"Grande",-68.8560094114,-32.8648924981,6,"0",0.0420032310177706
9430,"Aguaribay","Alto (> 8 mts)",210,"Grande",-68.8564758412,-32.8641320536,6,"0",0.106529209621993
9432,"Braquiquito","Medio (4 - 8 mts)",100,"Grande",-68.8564926097,-32.864343909,6,"0",0
9436,"Acacia SP","Medio (4 - 8 mts)",80,"Grande",-68.8565126523,-32.864519007,6,"0",0.150492264416315
9439,"Morera","Medio (4 - 8 mts)",102,"Grande",-68.8565297594,-32.8647104304,6,"0",0.185148665048544
9440,"Morera","Medio (4 - 8 mts)",74,"Grande",-68.8565327082,-32.8647529027,6,"0",0.185148665048544
9445,"Fresno americano","Bajo (2 - 4 mts)",40,"Mediano",-68.8560389034,-32.8647991515,6,"0",0.0512455516014235
9447,"Paraiso","Bajo (2 - 4 mts)",26,"Mediano",-68.8559752849,-32.8644944432,6,"0",0.0859023207481815
9450,"Acer","Alto (> 8 mts)",102,"Grande",-68.8564422756,-32.8638768307,6,"0",0.0204081632653061
9455,"Fresno europeo","Medio (4 - 8 mts)",60,"Mediano",-68.8572232162,-32.8651633572,6,"0",0.0420032310177706
9456,"Jacarand","Medio (4 - 8 mts)",45,"Mediano",-68.857146219,-32.8651611323,6,"0",0.103064066852368
9457,"Jacarand","Bajo (2 - 4 mts)",30,"Mediano",-68.8570887419,-32.8651603453,6,"0",0.103064066852368
9460,"Aguaribay","Alto (> 8 mts)",180,"Grande",-68.8569056692,-32.8651559378,6,"1",0.106529209621993
9461,"Jacarand","Muy bajo (1 - 2 mts)",5,"Chico",-68.8568431202,-32.8651538473,6,"0",0.103064066852368
9464,"Liquidambar","Muy bajo (1 - 2 mts)",8,"Chico",-68.8567081486,-32.8650202906,6,"0",0
9465,"Fresno europeo","Medio (4 - 8 mts)",28,"Mediano",-68.8566906837,-32.8649188506,6,"0",0.0420032310177706
9466,"Aguaribay","Medio (4 - 8 mts)",120,"Grande",-68.8566869644,-32.8648943662,6,"0",0.106529209621993
9469,"Morera","Alto (> 8 mts)",120,"Grande",-68.85195784,-32.8643626454,6,"0",0.185148665048544
9470,"Morera","Alto (> 8 mts)",180,"Grande",-68.8519478659,-32.8644304014,6,"0",0.185148665048544
9473,"Paraiso","Alto (> 8 mts)",160,"Grande",-68.8516126926,-32.8647504335,6,"0",0.0859023207481815
9474,"Morera","Bajo (2 - 4 mts)",14,"Chico",-68.8514086967,-32.8647327219,6,"0",0.185148665048544
9476,"Morera","Alto (> 8 mts)",150,"Grande",-68.8513066021,-32.8644984853,6,"1",0.185148665048544
9478,"Morera","Alto (> 8 mts)",220,"Grande",-68.8513681082,-32.8637834599,6,"1",0.185148665048544
9483,"Morera","Alto (> 8 mts)",70,"Grande",-68.852760859,-32.8645933198,6,"0",0.185148665048544
9484,"Morera","Alto (> 8 mts)",126,"Grande",-68.8527528601,-32.8646667733,6,"0",0.185148665048544
9486,"Fresno europeo","Medio (4 - 8 mts)",64,"Grande",-68.8520683165,-32.8643918233,6,"0",0.0420032310177706
9487,"Morera","Medio (4 - 8 mts)",100,"Grande",-68.852068828,-32.8643463117,6,"1",0.185148665048544
9493,"Acer","Bajo (2 - 4 mts)",24,"Mediano",-68.8521444682,-32.8634426886,6,"0",0.0204081632653061
9494,"Prunas","Bajo (2 - 4 mts)",30,"Mediano",-68.8525388353,-32.8633859171,6,"0",0.0321782178217822
9495,"Morera","Alto (> 8 mts)",126,"Grande",-68.8527350979,-32.8633956017,6,"0",0.185148665048544
9498,"Olmo bola","Bajo (2 - 4 mts)",100,"Grande",-68.8535255756,-32.8635989495,6,"0",0.0231481481481481
9500,"Morera","Medio (4 - 8 mts)",120,"Grande",-68.853513363,-32.8636922904,6,"0",0.185148665048544
9502,"Tilo","Medio (4 - 8 mts)",44,"Mediano",-68.8534853673,-32.8639892941,6,"0",0
9505,"Acer","Medio (4 - 8 mts)",80,"Grande",-68.8534306267,-32.8644519305,6,"0",0.0204081632653061
9507,"Fresno europeo","Muy bajo (1 - 2 mts)",5,"Chico",-68.8534194221,-32.8645812304,6,"0",0.0420032310177706
9512,"Olmo comun","Medio (4 - 8 mts)",80,"Grande",-68.8528889003,-32.8648202801,6,"0",0.0227272727272727
9514,"Morera","Bajo (2 - 4 mts)",80,"Grande",-68.8529201884,-32.864409684,6,"0",0.185148665048544
9519,"Morera","Bajo (2 - 4 mts)",24,"Mediano",-68.8529792921,-32.8637752574,6,"0",0.185148665048544
9526,"Morera","Alto (> 8 mts)",106,"Grande",-68.854105028,-32.8634584003,6,"0",0.185148665048544
9529,"Paraiso","Medio (4 - 8 mts)",70,"Grande",-68.8540397268,-32.8642215994,6,"0",0.0859023207481815
9532,"Olmo comun","Medio (4 - 8 mts)",64,"Grande",-68.8534828804,-32.8646550932,6,"0",0.0227272727272727
9534,"Caducifolio","Bajo (2 - 4 mts)",10,"Chico",-68.8535257388,-32.8642959161,6,"0",0.0512249443207127
9535,"Morera","Medio (4 - 8 mts)",80,"Grande",-68.8535325849,-32.8642005463,6,"0",0.185148665048544
9540,"Paraiso sombrilla","Medio (4 - 8 mts)",114,"Grande",-68.8548779923,-32.864716343,6,"0",0.022887323943662
9542,"Fresno europeo","Medio (4 - 8 mts)",66,"Grande",-68.854869613,-32.8648060051,6,"0",0.0420032310177706
9543,"Morera","Alto (> 8 mts)",160,"Grande",-68.8548695524,-32.8648432306,6,"0",0.185148665048544
9545,"Fresno europeo","Bajo (2 - 4 mts)",50,"Mediano",-68.8548569457,-32.8649824963,6,"0",0.0420032310177706
9550,"lamo criollo","Medio (4 - 8 mts)",110,"Grande",-68.8549378744,-32.8641446862,6,"0",0.0128205128205128
9553,"Caducifolio","Bajo (2 - 4 mts)",60,"Mediano",-68.8542255559,-32.864444258,6,"0",0.0512249443207127
9556,"Morera","Medio (4 - 8 mts)",64,"Grande",-68.8543122814,-32.8639531037,6,"0",0.185148665048544
9559,"Fresno europeo","Bajo (2 - 4 mts)",16,"Chico",-68.8549918013,-32.8635803035,6,"0",0.0420032310177706
9565,"Paraiso sombrilla","Bajo (2 - 4 mts)",90,"Grande",-68.8555862735,-32.8647751948,6,"0",0.022887323943662
9567,"Morera","Medio (4 - 8 mts)",180,"Grande",-68.8551029893,-32.8645313748,6,"0",0.185148665048544
9574,"Fresno europeo","Medio (4 - 8 mts)",92,"Grande",-68.8551559017,-32.863960955,6,"0",0.0420032310177706
9577,"Paraiso","Muy bajo (1 - 2 mts)",8,"Chico",-68.8558653011,-32.8639385295,6,"0",0.0859023207481815
9579,"Jacarand","Medio (4 - 8 mts)",60,"Mediano",-68.850694193,-32.8632754213,6,"0",0.103064066852368
9582,"Paraiso","Alto (> 8 mts)",100,"Grande",-68.8512060245,-32.8633119203,6,"0",0.0859023207481815
9585,"Morera","Alto (> 8 mts)",240,"Grande",-68.8512639665,-32.8635115597,6,"0",0.185148665048544
9588,"Morera","Alto (> 8 mts)",180,"Grande",-68.8512154591,-32.8640416818,6,"0",0.185148665048544
9589,"Morera","Alto (> 8 mts)",180,"Grande",-68.8511964412,-32.8642439356,6,"0",0.185148665048544
9590,"Morera","Alto (> 8 mts)",160,"Grande",-68.8511948109,-32.8642771368,6,"0",0.185148665048544
9595,"Fresno europeo","Bajo (2 - 4 mts)",40,"Mediano",-68.850528908,-32.8643284529,6,"0",0.0420032310177706
9603,"Morera","Medio (4 - 8 mts)",100,"Grande",-68.8503868787,-32.8632313048,6,"0",0.185148665048544
9607,"Fresno europeo","Alto (> 8 mts)",70,"Grande",-68.8497911336,-32.8636585798,6,"0",0.0420032310177706
9609,"Paraiso","Medio (4 - 8 mts)",90,"Grande",-68.8497530575,-32.8641332343,6,"0",0.0859023207481815
9614,"Fresno europeo","Muy bajo (1 - 2 mts)",6,"Chico",-68.850301113,-32.8646427594,6,"0",0.0420032310177706
9615,"Morera","Medio (4 - 8 mts)",146,"Grande",-68.8503972647,-32.8644811825,6,"0",0.185148665048544
9618,"Fresno europeo","Muy bajo (1 - 2 mts)",18,"Chico",-68.8504252416,-32.8641169671,6,"0",0.0420032310177706
9619,"Fresno europeo","Medio (4 - 8 mts)",100,"Grande",-68.8504266631,-32.8640943714,6,"0",0.0420032310177706
9620,"Morera","Medio (4 - 8 mts)",80,"Grande",-68.8504568992,-32.8636691517,6,"0",0.185148665048544
9625,"Paraiso","Bajo (2 - 4 mts)",36,"Mediano",-68.8497050795,-32.8632847733,6,"0",0.0859023207481815
9626,"Fresno europeo","Bajo (2 - 4 mts)",42,"Mediano",-68.8497033083,-32.8633099663,6,"0",0.0420032310177706
9627,"Morera","Medio (4 - 8 mts)",104,"Grande",-68.8497021537,-32.8633332476,6,"1",0.185148665048544
9628,"Morera","Alto (> 8 mts)",150,"Grande",-68.8497012806,-32.8633548836,6,"0",0.185148665048544
9632,"Paraiso sombrilla","Medio (4 - 8 mts)",104,"Grande",-68.8496688319,-32.8637488423,6,"0",0.022887323943662
9635,"Paraiso","Medio (4 - 8 mts)",100,"Grande",-68.8496293411,-32.8641503423,6,"0",0.0859023207481815
9638,"Fresno americano","Medio (4 - 8 mts)",70,"Grande",-68.8493265211,-32.8645567841,6,"0",0.0512455516014235
9643,"Morera","Alto (> 8 mts)",130,"Grande",-68.8492778775,-32.8634466114,6,"0",0.185148665048544
9645,"Morera","Bajo (2 - 4 mts)",18,"Chico",-68.849281363,-32.8634084883,6,"0",0.185148665048544
9649,"Fresno europeo","Alto (> 8 mts)",180,"Grande",-68.8494859454,-32.8631009616,6,"0",0.0420032310177706
9652,"Paraiso","Medio (4 - 8 mts)",80,"Grande",-68.8490983196,-32.8640762039,6,"0",0.0859023207481815
9654,"Morera","Alto (> 8 mts)",140,"Grande",-68.8491239367,-32.8638056694,6,"0",0.185148665048544
9657,"Morera","Alto (> 8 mts)",124,"Grande",-68.8491442718,-32.8635910922,6,"0",0.185148665048544
9658,"Caducifolio","Bajo (2 - 4 mts)",40,"Mediano",-68.8491676547,-32.8633167516,6,"1",0.0512249443207127
9660,"Morera","Alto (> 8 mts)",124,"Grande",-68.8491891137,-32.8631285937,6,"0",0.185148665048544
9665,"Paraiso sombrilla","Alto (> 8 mts)",128,"Grande",-68.8488358193,-32.8645049353,6,"0",0.022887323943662
9669,"Fresno europeo","Medio (4 - 8 mts)",70,"Grande",-68.8487347882,-32.8636061674,6,"0",0.0420032310177706
9670,"Fresno europeo","Bajo (2 - 4 mts)",52,"Mediano",-68.8487363164,-32.8635442687,6,"0",0.0420032310177706
9671,"Morera","Alto (> 8 mts)",140,"Grande",-68.8487559223,-32.8633116235,6,"0",0.185148665048544
9675,"Morera","Medio (4 - 8 mts)",100,"Grande",-68.849070044,-32.8630598942,6,"0",0.185148665048544
9676,"Jacarand","Medio (4 - 8 mts)",84,"Grande",-68.847516404,-32.8636052582,4,"0",0.103064066852368
9677,"Fresno europeo","Medio (4 - 8 mts)",50,"Mediano",-68.8475248563,-32.8637875399,4,"0",0.0420032310177706
9684,"Morera","Medio (4 - 8 mts)",70,"Grande",-68.8470765403,-32.8641429983,4,"0",0.185148665048544
9687,"Jacarand","Medio (4 - 8 mts)",90,"Grande",-68.8470681445,-32.8636126803,4,"0",0.103064066852368
9689,"Prunas","Bajo (2 - 4 mts)",20,"Chico",-68.847325023,-32.8635245701,4,"0",0.0321782178217822
9691,"Morera","Alto (> 8 mts)",140,"Grande",-68.848039647,-32.8639435203,6,"0",0.185148665048544
9695,"Morera","Medio (4 - 8 mts)",150,"Grande",-68.8479317846,-32.8635412258,4,"0",0.185148665048544
9699,"Morera","Medio (4 - 8 mts)",100,"Grande",-68.8478405198,-32.8635381492,4,"0",0.185148665048544
9702,"Morera","Alto (> 8 mts)",150,"Grande",-68.8476105874,-32.8641808566,4,"0",0.185148665048544
9703,"Morera","Medio (4 - 8 mts)",100,"Grande",-68.8476154562,-32.8643389063,4,"0",0.185148665048544
9705,"Jacarand","Muy bajo (1 - 2 mts)",7,"Chico",-68.8485986794,-32.8637165975,6,"0",0.103064066852368
9707,"Acer","Bajo (2 - 4 mts)",36,"Mediano",-68.8486006747,-32.8637558615,6,"0",0.0204081632653061
9708,"Morera","Alto (> 8 mts)",140,"Grande",-68.8485933617,-32.8638650832,6,"1",0.185148665048544
9709,"Fresno europeo","Muy bajo (1 - 2 mts)",6,"Chico",-68.8485888488,-32.8639197267,6,"0",0.0420032310177706
9714,"Morera","Alto (> 8 mts)",110,"Grande",-68.8485432108,-32.8643966242,6,"0",0.185148665048544
9719,"Fresno europeo","Bajo (2 - 4 mts)",34,"Mediano",-68.8485814944,-32.863565393,6,"0",0.0420032310177706
9724,"Morera","Medio (4 - 8 mts)",84,"Grande",-68.8476978887,-32.8634295937,4,"0",0.185148665048544
9728,"Morera","Bajo (2 - 4 mts)",26,"Mediano",-68.8471283347,-32.8631162235,4,"0",0.185148665048544
9737,"Acer","Alto (> 8 mts)",180,"Grande",-68.8479064697,-32.8628833081,4,"0",0.0204081632653061
9740,"Catalpa","Medio (4 - 8 mts)",60,"Mediano",-68.8485827877,-32.8629740816,6,"0",0.161290322580645
9748,"Conifera","Alto (> 8 mts)",50,"Mediano",-68.8468369145,-32.8643468246,4,"0",0.021505376344086
9750,"Jacarand","Alto (> 8 mts)",80,"Grande",-68.8467342987,-32.8643414376,4,"0",0.103064066852368
9752,"Jacarand","Alto (> 8 mts)",72,"Grande",-68.8466617009,-32.8643400294,4,"0",0.103064066852368
9753,"Morera","Alto (> 8 mts)",140,"Grande",-68.8466101524,-32.8643396371,4,"0",0.185148665048544
9754,"Fresno europeo","Bajo (2 - 4 mts)",60,"Mediano",-68.8459102554,-32.8643083809,4,"0",0.0420032310177706
9755,"Morera","Bajo (2 - 4 mts)",40,"Mediano",-68.8456359228,-32.8642483541,4,"0",0.185148665048544
9756,"Ailanthus","Medio (4 - 8 mts)",120,"Grande",-68.8456331996,-32.8642248084,4,"0",0.0380952380952381
9764,"Morera","Bajo (2 - 4 mts)",44,"Mediano",-68.8469473065,-32.8637020023,4,"0",0.185148665048544
9766,"Ligustro","Medio (4 - 8 mts)",44,"Mediano",-68.8467825066,-32.8638805806,4,"0",0.0138888888888889
9770,"Fresno americano","Medio (4 - 8 mts)",100,"Grande",-68.8457152404,-32.863837856,4,"0",0.0512455516014235
9773,"Morera","Alto (> 8 mts)",120,"Grande",-68.8459138678,-32.8634612345,4,"0",0.185148665048544
9778,"Olmo bola","Bajo (2 - 4 mts)",48,"Mediano",-68.846826259,-32.8634978474,4,"0",0.0231481481481481
9781,"Morera","Alto (> 8 mts)",160,"Grande",-68.8458786683,-32.862815459,4,"0",0.185148665048544
9785,"Morera","Medio (4 - 8 mts)",120,"Grande",-68.8464625319,-32.8627751841,4,"0",0.185148665048544
9786,"Fresno europeo","Medio (4 - 8 mts)",64,"Grande",-68.846438731,-32.863227228,4,"0",0.0420032310177706
9799,"Paraiso sombrilla","Medio (4 - 8 mts)",140,"Grande",-68.8450587655,-32.864260231,4,"0",0.022887323943662
9806,"Fresno europeo","Alto (> 8 mts)",70,"Grande",-68.8441313603,-32.8642199617,4,"0",0.0420032310177706
9812,"Paraiso","Alto (> 8 mts)",160,"Grande",-68.8454554929,-32.863620959,4,"0",0.0859023207481815
9813,"Fresno europeo","Medio (4 - 8 mts)",64,"Grande",-68.8454563262,-32.8636801446,4,"0",0.0420032310177706
9819,"Fresno europeo","Muy bajo (1 - 2 mts)",6,"Chico",-68.8441132385,-32.8637755368,4,"0",0.0420032310177706
9821,"Prunas","Bajo (2 - 4 mts)",37,"Mediano",-68.8441223238,-32.8633995808,4,"0",0.0321782178217822
9822,"Ailanthus","Alto (> 8 mts)",200,"Grande",-68.8446346917,-32.8634188408,4,"0",0.0380952380952381
9823,"Fresno europeo","Alto (> 8 mts)",84,"Grande",-68.8446809891,-32.8634225123,4,"0",0.0420032310177706
9825,"Olmo comun","Medio (4 - 8 mts)",140,"Grande",-68.8451362229,-32.8634406678,4,"0",0.0227272727272727
9826,"Prunas","Bajo (2 - 4 mts)",40,"Mediano",-68.8453944704,-32.8634449385,4,"0",0.0321782178217822
9827,"Ailanthus","Alto (> 8 mts)",150,"Grande",-68.8443556524,-32.8626191176,4,"0",0.0380952380952381
9828,"Jacarand","Alto (> 8 mts)",120,"Grande",-68.8444076369,-32.8633029911,4,"0",0.103064066852368
9835,"Fresno europeo","Medio (4 - 8 mts)",85,"Grande",-68.8452261818,-32.8628003545,4,"0",0.0420032310177706
9838,"Fresno europeo","Bajo (2 - 4 mts)",20,"Chico",-68.8452051565,-32.8632433468,4,"0",0.0420032310177706
9839,"Morera","Alto (> 8 mts)",170,"Grande",-68.8451033967,-32.8633228549,4,"0",0.185148665048544
9840,"Perenne","Medio (4 - 8 mts)",51,"Mediano",-68.8448312025,-32.8633137424,4,"0",0.0364741641337386
9841,"Olmo comun","Bajo (2 - 4 mts)",77,"Grande",-68.8447870816,-32.8633136876,4,"0",0.0227272727272727
9843,"Morera","Alto (> 8 mts)",130,"Grande",-68.8451154783,-32.8626202481,4,"0",0.185148665048544
9844,"Braquiquito","Medio (4 - 8 mts)",70,"Grande",-68.843780679,-32.8645907729,4,"0",0
9846,"Jacarand","Medio (4 - 8 mts)",40,"Mediano",-68.8437792287,-32.8646367332,4,"0",0.103064066852368
9848,"Morera","Muy bajo (1 - 2 mts)",15,"Chico",-68.8437878341,-32.8645146635,4,"0",0.185148665048544
9855,"Paraiso sombrilla","Medio (4 - 8 mts)",53,"Mediano",-68.8438114148,-32.8631952331,4,"0",0.022887323943662
9856,"Conifera","Bajo (2 - 4 mts)",43,"Mediano",-68.8431908851,-32.862827356,4,"0",0.021505376344086
9862,"Fresno americano","Medio (4 - 8 mts)",35,"Mediano",-68.8577187681,-32.865882041,6,"1",0.0512455516014235
9863,"Fresno europeo","Medio (4 - 8 mts)",45,"Mediano",-68.8576582976,-32.865879405,6,"0",0.0420032310177706
9864,"Liquidambar","Medio (4 - 8 mts)",53,"Mediano",-68.8572397142,-32.8658526473,6,"0",0
9869,"Fresno europeo","Medio (4 - 8 mts)",55,"Mediano",-68.8570834132,-32.8661265643,6,"0",0.0420032310177706
9873,"Tilo","Medio (4 - 8 mts)",35,"Mediano",-68.858193118,-32.8662625124,6,"0",0
9882,"Prunas","Bajo (2 - 4 mts)",38,"Mediano",-68.8551066072,-32.8723468803,6,"0",0.0321782178217822
9883,"Prunas","Muy bajo (1 - 2 mts)",50,"Mediano",-68.8550735301,-32.8724868093,6,"0",0.0321782178217822
9889,"Fresno americano","Medio (4 - 8 mts)",40,"Mediano",-68.8576761783,-32.8653159073,6,"0",0.0512455516014235
9891,"Fresno europeo","Medio (4 - 8 mts)",60,"Mediano",-68.8568093938,-32.8647058997,6,"0",0.0420032310177706
9893,"Paraiso","Alto (> 8 mts)",190,"Grande",-68.8569629355,-32.8647136216,6,"0",0.0859023207481815
9895,"Fresno europeo","Medio (4 - 8 mts)",62,"Grande",-68.8570939973,-32.8647208208,6,"0",0.0420032310177706
9898,"Fresno americano","Medio (4 - 8 mts)",42,"Mediano",-68.8572546108,-32.8647292412,6,"0",0.0512455516014235
9900,"Liquidambar","Medio (4 - 8 mts)",35,"Mediano",-68.857358374,-32.8647346804,6,"0",0
9901,"Paraiso sombrilla","Alto (> 8 mts)",130,"Grande",-68.8574395654,-32.864738937,6,"0",0.022887323943662
9902,"Fresno europeo","Bajo (2 - 4 mts)",15,"Chico",-68.8575183904,-32.8647430691,6,"0",0.0420032310177706
9906,"Prunas","Medio (4 - 8 mts)",53,"Mediano",-68.8578305123,-32.864759432,6,"0",0.0321782178217822
9908,"Fresno europeo","Medio (4 - 8 mts)",60,"Mediano",-68.8579342008,-32.8647648671,6,"0",0.0420032310177706
9909,"Fresno europeo","Medio (4 - 8 mts)",30,"Mediano",-68.8579853934,-32.8647675509,6,"0",0.0420032310177706
9911,"Aguaribay","Medio (4 - 8 mts)",43,"Mediano",-68.8581795828,-32.8647777295,6,"0",0.106529209621993
9912,"Aguaribay","Medio (4 - 8 mts)",40,"Mediano",-68.8582343821,-32.8647806022,6,"0",0.106529209621993
9913,"Fresno europeo","Bajo (2 - 4 mts)",54,"Mediano",-68.8437664305,-32.8650124536,4,"0",0.0420032310177706
9914,"Paraiso sombrilla","Bajo (2 - 4 mts)",60,"Mediano",-68.8437652001,-32.8650469681,4,"0",0.022887323943662
9916,"Caducifolio","Bajo (2 - 4 mts)",150,"Grande",-68.8576615726,-32.8693844487,6,"0",0.0512249443207127
9918,"Morera","Alto (> 8 mts)",180,"Grande",-68.8576868696,-32.8695479123,6,"0",0.185148665048544
9919,"Fresno europeo","Medio (4 - 8 mts)",60,"Mediano",-68.8576930739,-32.8695795328,6,"0",0.0420032310177706
9922,"Acer","Alto (> 8 mts)",95,"Grande",-68.8577111109,-32.8696880083,6,"0",0.0204081632653061
9926,"Fresno europeo","Bajo (2 - 4 mts)",38,"Mediano",-68.8578122304,-32.8703258215,6,"0",0.0420032310177706
9929,"Morera","Alto (> 8 mts)",280,"Grande",-68.8578566701,-32.8705829812,6,"0",0.185148665048544
9931,"Morera","Bajo (2 - 4 mts)",30,"Mediano",-68.8570199722,-32.8697765268,6,"0",0.185148665048544
9933,"Paraiso","Muy bajo (1 - 2 mts)",15,"Chico",-68.8570979012,-32.8702594427,6,"0",0.0859023207481815
9936,"Prunas","Muy bajo (1 - 2 mts)",20,"Chico",-68.8576424688,-32.869958426,6,"0",0.0321782178217822
9940,"lamo criollo","Alto (> 8 mts)",260,"Grande",-68.8574994535,-32.8692692394,6,"0",0.0128205128205128
9946,"Morera","Medio (4 - 8 mts)",55,"Mediano",-68.8563551676,-32.8698501712,6,"0",0.185148665048544
9948,"Jacarand","Bajo (2 - 4 mts)",15,"Chico",-68.8562304568,-32.8696596072,6,"0",0.103064066852368
9949,"Morera","Bajo (2 - 4 mts)",43,"Mediano",-68.8562615147,-32.8698547975,6,"0",0.185148665048544
9954,"Caducifolio","Bajo (2 - 4 mts)",35,"Mediano",-68.8561985821,-32.8704961123,6,"0",0.0512249443207127
9962,"Acer","Bajo (2 - 4 mts)",42,"Mediano",-68.8555342004,-32.8694572519,6,"0",0.0204081632653061
9966,"Fresno europeo","Muy bajo (1 - 2 mts)",5,"Chico",-68.8555827715,-32.8698790667,6,"0",0.0420032310177706
9967,"Paraiso","Alto (> 8 mts)",140,"Grande",-68.8555886654,-32.8699100016,6,"0",0.0859023207481815
9972,"Paraiso","Medio (4 - 8 mts)",80,"Grande",-68.8546162754,-32.8701641117,6,"0",0.0859023207481815
9973,"Morera","Alto (> 8 mts)",170,"Grande",-68.8538802989,-32.8697962014,6,"1",0.185148665048544
9974,"Paraiso","Medio (4 - 8 mts)",170,"Grande",-68.8538256788,-32.8694570355,6,"0",0.0859023207481815
9979,"Palo borracho","Muy bajo (1 - 2 mts)",25,"Mediano",-68.8537978778,-32.8698835866,6,"0",0
9981,"Paraiso","Alto (> 8 mts)",160,"Grande",-68.8531230717,-32.8697895266,6,"1",0.0859023207481815
9983,"Fresno europeo","Alto (> 8 mts)",180,"Grande",-68.8530618402,-32.8693592093,6,"1",0.0420032310177706
9985,"Paraiso","Bajo (2 - 4 mts)",30,"Mediano",-68.8530198247,-32.8690889563,6,"0",0.0859023207481815
9986,"Morera","Alto (> 8 mts)",190,"Grande",-68.8529374221,-32.869115152,6,"0",0.185148665048544
9989,"Acer","Alto (> 8 mts)",65,"Grande",-68.8524170563,-32.8700845696,6,"0",0.0204081632653061
9996,"Paraiso","Alto (> 8 mts)",180,"Grande",-68.8522059027,-32.8692864306,6,"0",0.0859023207481815
9997,"Fresno europeo","Bajo (2 - 4 mts)",42,"Mediano",-68.8522927324,-32.869846674,6,"0",0.0420032310177706
9998,"Paraiso","Alto (> 8 mts)",190,"Grande",-68.852311326,-32.8699505621,6,"0",0.0859023207481815
9999,"Caducifolio","Medio (4 - 8 mts)",80,"Grande",-68.8523309421,-32.8700976905,6,"0",0.0512249443207127
10003,"Morera","Alto (> 8 mts)",195,"Grande",-68.8516900298,-32.8698211436,6,"0",0.185148665048544
10004,"Fresno europeo","Medio (4 - 8 mts)",60,"Mediano",-68.8516689545,-32.8696924305,6,"0",0.0420032310177706
10007,"Paraiso","Alto (> 8 mts)",75,"Grande",-68.8516124117,-32.8692823242,6,"0",0.0859023207481815
10008,"Morera","Alto (> 8 mts)",85,"Grande",-68.8515871097,-32.8691241044,6,"0",0.185148665048544
10015,"Morera","Medio (4 - 8 mts)",35,"Mediano",-68.8515402728,-32.8696640963,6,"0",0.185148665048544
10019,"Acer","Medio (4 - 8 mts)",55,"Mediano",-68.8507458493,-32.8689848485,6,"0",0.0204081632653061
10022,"Fresno americano","Medio (4 - 8 mts)",80,"Grande",-68.850810155,-32.8694835101,6,"0",0.0512455516014235
10026,"Paraiso","Alto (> 8 mts)",215,"Grande",-68.850282804,-32.8698163528,6,"1",0.0859023207481815
10027,"Paraiso","Alto (> 8 mts)",160,"Grande",-68.850239853,-32.8694998229,6,"0",0.0859023207481815
10030,"Paraiso","Muy bajo (1 - 2 mts)",25,"Mediano",-68.850196425,-32.8700491869,6,"0",0.0859023207481815
10041,"Morera","Alto (> 8 mts)",90,"Grande",-68.8490273685,-32.8694131292,6,"1",0.185148665048544
10044,"Morera","Alto (> 8 mts)",160,"Grande",-68.8494388506,-32.8688173335,6,"1",0.185148665048544
10045,"Pltano","Alto (> 8 mts)",160,"Grande",-68.8490949331,-32.8702821782,6,"0",0.0903973509933775
10048,"Morera","Alto (> 8 mts)",160,"Grande",-68.8480709951,-32.8707428066,6,"1",0.185148665048544
10051,"Morera","Medio (4 - 8 mts)",80,"Grande",-68.8479572787,-32.8703662425,6,"0",0.185148665048544
10056,"Fresno europeo","Muy bajo (1 - 2 mts)",15,"Chico",-68.8488872424,-32.8694535074,6,"0",0.0420032310177706
10057,"Prunas","Muy bajo (1 - 2 mts)",25,"Mediano",-68.8488998108,-32.8695045873,6,"0",0.0321782178217822
10059,"Fresno europeo","Muy bajo (1 - 2 mts)",37,"Mediano",-68.8489022359,-32.8695463901,6,"0",0.0420032310177706
10061,"Morera","Alto (> 8 mts)",160,"Grande",-68.8486396947,-32.8696086386,6,"1",0.185148665048544
10067,"Morera","Alto (> 8 mts)",94,"Grande",-68.8474143021,-32.8688200644,6,"1",0.185148665048544
10068,"Morera","Medio (4 - 8 mts)",50,"Mediano",-68.8475552526,-32.8693910558,6,"0",0.185148665048544
10073,"Morera","Bajo (2 - 4 mts)",45,"Mediano",-68.8471966124,-32.8698877017,6,"0",0.185148665048544
10081,"Pltano","Alto (> 8 mts)",160,"Grande",-68.8460688109,-32.8711297952,6,"0",0.0903973509933775
10084,"Morera","Bajo (2 - 4 mts)",35,"Mediano",-68.8455757732,-32.8712234615,6,"0",0.185148665048544
10086,"Braquiquito","Medio (4 - 8 mts)",56,"Mediano",-68.845414249,-32.8710699415,6,"0",0
10087,"Acer","Bajo (2 - 4 mts)",58,"Mediano",-68.845417543,-32.8710842158,6,"0",0.0204081632653061
10093,"Morera","Alto (> 8 mts)",142,"Grande",-68.8463240974,-32.8697113092,6,"0",0.185148665048544
10095,"Caducifolio","Medio (4 - 8 mts)",20,"Chico",-68.8463127717,-32.8696585462,6,"1",0.0512249443207127
10097,"Acer","Medio (4 - 8 mts)",35,"Mediano",-68.8450267516,-32.8695915309,4,"0",0.0204081632653061
10098,"Paraiso","Bajo (2 - 4 mts)",15,"Chico",-68.8449894684,-32.869472121,4,"0",0.0859023207481815
10099,"Fresno europeo","Bajo (2 - 4 mts)",10,"Chico",-68.8452166959,-32.8692717618,4,"0",0.0420032310177706
10104,"Paraiso","Alto (> 8 mts)",90,"Grande",-68.8580237723,-32.8715557062,6,"0",0.0859023207481815
10106,"Paraiso","Muy bajo (1 - 2 mts)",2,"Chico",-68.8573150562,-32.8713120636,6,"0",0.0859023207481815
10108,"Acer","Alto (> 8 mts)",85,"Grande",-68.8577923099,-32.8707626411,6,"0",0.0204081632653061
10115,"Morera","Muy bajo (1 - 2 mts)",7,"Chico",-68.8571506568,-32.8711603805,6,"0",0.185148665048544
10117,"Prunas","Muy bajo (1 - 2 mts)",5,"Chico",-68.8571261717,-32.8710646765,6,"0",0.0321782178217822
10118,"Jacarand","Muy bajo (1 - 2 mts)",2,"Chico",-68.857082203,-32.8707988626,6,"0",0.103064066852368
10121,"Fresno europeo","Bajo (2 - 4 mts)",30,"Mediano",-68.8565280722,-32.8714677355,6,"0",0.0420032310177706
10122,"Prunas","Bajo (2 - 4 mts)",50,"Mediano",-68.8559716038,-32.871374547,6,"0",0.0321782178217822
10123,"Morera","Medio (4 - 8 mts)",43,"Mediano",-68.8561887025,-32.8712727088,6,"0",0.185148665048544
10124,"Acer","Bajo (2 - 4 mts)",25,"Mediano",-68.8564046902,-32.8707932681,6,"0",0.0204081632653061
10125,"Morera","Alto (> 8 mts)",130,"Grande",-68.856425906,-32.8708835989,6,"0",0.185148665048544
10127,"Paraiso","Alto (> 8 mts)",150,"Grande",-68.8558523678,-32.8715194815,6,"0",0.0859023207481815
10128,"Morera","Bajo (2 - 4 mts)",30,"Mediano",-68.8558486391,-32.8714994289,6,"0",0.185148665048544
10131,"Morera","Alto (> 8 mts)",80,"Grande",-68.8551118863,-32.8716534249,6,"0",0.185148665048544
10132,"Morera","Bajo (2 - 4 mts)",28,"Mediano",-68.855097808,-32.8715796121,6,"0",0.185148665048544
10133,"Jacarand","Alto (> 8 mts)",45,"Mediano",-68.8553845996,-32.8714085309,6,"0",0.103064066852368
10134,"Morera","Muy bajo (1 - 2 mts)",10,"Chico",-68.8557554208,-32.8710055708,6,"0",0.185148665048544
10136,"Morera","Muy bajo (1 - 2 mts)",20,"Chico",-68.8556783708,-32.8712426122,6,"0",0.185148665048544
10139,"Fresno europeo","Muy bajo (1 - 2 mts)",11,"Chico",-68.8552284056,-32.8713216415,6,"0",0.0420032310177706
10143,"Morera","Bajo (2 - 4 mts)",35,"Mediano",-68.8550406856,-32.8705171731,6,"0",0.185148665048544
10145,"Morera","Muy bajo (1 - 2 mts)",5,"Chico",-68.8549257525,-32.8716741997,6,"0",0.185148665048544
10147,"Olmo comun","Alto (> 8 mts)",240,"Grande",-68.8548995844,-32.8717931109,6,"0",0.0227272727272727
10162,"Morera","Bajo (2 - 4 mts)",35,"Mediano",-68.8548034046,-32.8714043546,6,"0",0.185148665048544
10163,"Paraiso","Bajo (2 - 4 mts)",33,"Mediano",-68.8548220305,-32.8713993177,6,"0",0.0859023207481815
10170,"Fresno europeo","Medio (4 - 8 mts)",90,"Grande",-68.8531326077,-32.8706031016,6,"0",0.0420032310177706
10172,"Fresno europeo","Medio (4 - 8 mts)",50,"Mediano",-68.8532481869,-32.8712990623,6,"0",0.0420032310177706
10175,"Paraiso","Alto (> 8 mts)",160,"Grande",-68.8529374088,-32.8717407412,6,"0",0.0859023207481815
10176,"Prunas","Bajo (2 - 4 mts)",30,"Mediano",-68.8528584189,-32.8717578067,6,"0",0.0321782178217822
10178,"Morera","Bajo (2 - 4 mts)",35,"Mediano",-68.8526039383,-32.871322619,6,"0",0.185148665048544
10181,"Morera","Medio (4 - 8 mts)",40,"Mediano",-68.8524944453,-32.8705779608,6,"0",0.185148665048544
10183,"Morera","Bajo (2 - 4 mts)",12,"Chico",-68.8523715563,-32.8705078814,6,"0",0.185148665048544
10188,"Fresno americano","Alto (> 8 mts)",80,"Grande",-68.8524521848,-32.871051765,6,"0",0.0512455516014235
10189,"Paraiso","Alto (> 8 mts)",100,"Grande",-68.8524470575,-32.8710270029,6,"0",0.0859023207481815
10191,"Liquidambar","Medio (4 - 8 mts)",38,"Mediano",-68.8524943236,-32.8713464704,6,"0",0
10193,"Morera","Alto (> 8 mts)",70,"Grande",-68.8518628642,-32.8711202329,6,"0",0.185148665048544
10197,"Fresno europeo","Muy bajo (1 - 2 mts)",2,"Chico",-68.8516860192,-32.8706763952,6,"0",0.0420032310177706
10198,"Prunas","Muy bajo (1 - 2 mts)",5,"Chico",-68.8517111106,-32.8708702964,6,"0",0.0321782178217822
10203,"Morera","Medio (4 - 8 mts)",36,"Mediano",-68.8518162483,-32.8715501696,6,"0",0.185148665048544
10207,"Morera","Alto (> 8 mts)",220,"Grande",-68.8509926528,-32.8706551433,6,"1",0.185148665048544
10211,"Morera","Alto (> 8 mts)",170,"Grande",-68.8510126632,-32.8708387737,6,"0",0.185148665048544
10215,"Liquidambar","Muy bajo (1 - 2 mts)",15,"Chico",-68.8511119232,-32.871553666,6,"0",0
10217,"Fresno europeo","Bajo (2 - 4 mts)",40,"Mediano",-68.8510369562,-32.8720812085,6,"0",0.0420032310177706
10224,"Paraiso","Alto (> 8 mts)",75,"Grande",-68.8504112302,-32.8707927891,6,"0",0.0859023207481815
10225,"Morera","Medio (4 - 8 mts)",33,"Mediano",-68.8503858944,-32.8706099484,6,"0",0.185148665048544
10232,"Paraiso","Muy bajo (1 - 2 mts)",15,"Chico",-68.8503600256,-32.8712100988,6,"0",0.0859023207481815
10233,"Fresno europeo","Muy bajo (1 - 2 mts)",2,"Chico",-68.8495316614,-32.8713757509,6,"0",0.0420032310177706
10234,"Prunas","Muy bajo (1 - 2 mts)",5,"Chico",-68.8494011596,-32.8708839792,6,"0",0.0321782178217822
10235,"Morera","Medio (4 - 8 mts)",50,"Mediano",-68.8494006831,-32.870643733,6,"0",0.185148665048544
10237,"Liquidambar","Bajo (2 - 4 mts)",45,"Mediano",-68.8494996057,-32.8718137364,6,"0",0
10241,"Fresno europeo","Muy bajo (1 - 2 mts)",7,"Chico",-68.8494594915,-32.8723652185,6,"0",0.0420032310177706
10248,"Fresno europeo","Muy bajo (1 - 2 mts)",3,"Chico",-68.8493511468,-32.8717588249,6,"0",0.0420032310177706
10249,"Prunas","Muy bajo (1 - 2 mts)",40,"Mediano",-68.8492310814,-32.870796127,6,"0",0.0321782178217822
10254,"Paraiso","Bajo (2 - 4 mts)",40,"Mediano",-68.8493213407,-32.8716356194,6,"0",0.0859023207481815
10260,"Morera","Bajo (2 - 4 mts)",45,"Mediano",-68.8489799802,-32.8707248292,6,"0",0.185148665048544
10261,"Pltano","Alto (> 8 mts)",230,"Grande",-68.8490003801,-32.8707203282,6,"0",0.0903973509933775
10265,"Fresno europeo","Bajo (2 - 4 mts)",56,"Mediano",-68.8482752424,-32.8721338412,6,"0",0.0420032310177706
10267,"Olmo comun","Alto (> 8 mts)",90,"Grande",-68.8482333084,-32.872591136,6,"0",0.0227272727272727
10268,"Acacia SP","Muy bajo (1 - 2 mts)",40,"Mediano",-68.8471167137,-32.8722719688,6,"0",0.150492264416315
10269,"Perenne","Muy bajo (1 - 2 mts)",20,"Chico",-68.8471065784,-32.8722242622,6,"0",0.0364741641337386
10271,"Prunas","Muy bajo (1 - 2 mts)",5,"Chico",-68.8472301243,-32.8721451849,6,"0",0.0321782178217822
10272,"Morera","Muy bajo (1 - 2 mts)",4,"Chico",-68.8473199139,-32.8721288936,6,"0",0.185148665048544
10276,"Fresno europeo","Alto (> 8 mts)",120,"Grande",-68.8480040686,-32.8720122955,6,"0",0.0420032310177706
10281,"Fresno europeo","Muy bajo (1 - 2 mts)",10,"Chico",-68.8481673844,-32.8717363779,6,"0",0.0420032310177706
10286,"Paraiso","Alto (> 8 mts)",140,"Grande",-68.8469809698,-32.8717150346,6,"0",0.0859023207481815
10288,"Morera","Alto (> 8 mts)",80,"Grande",-68.8479009709,-32.8709315437,6,"0",0.185148665048544
10294,"Fresno europeo","Muy bajo (1 - 2 mts)",14,"Chico",-68.8460865121,-32.8723584259,6,"0",0.0420032310177706
10296,"Fresno europeo","Alto (> 8 mts)",60,"Mediano",-68.8468206833,-32.872118022,6,"0",0.0420032310177706
10299,"Fresno europeo","Medio (4 - 8 mts)",38,"Mediano",-68.8458908387,-32.8722850386,6,"1",0.0420032310177706
10301,"Fresno europeo","Alto (> 8 mts)",90,"Grande",-68.8460582895,-32.8722519939,6,"0",0.0420032310177706
10302,"Fresno europeo","Alto (> 8 mts)",80,"Grande",-68.8457172416,-32.8722212642,6,"0",0.0420032310177706
10309,"Morera","Alto (> 8 mts)",140,"Grande",-68.8462200677,-32.8712333398,6,"1",0.185148665048544
10310,"Perenne","Muy bajo (1 - 2 mts)",40,"Mediano",-68.8462044868,-32.8712370726,6,"0",0.0364741641337386
10311,"Tilo","Alto (> 8 mts)",55,"Mediano",-68.8574804752,-32.8721298095,6,"0",0
10314,"Paraiso","Muy bajo (1 - 2 mts)",10,"Chico",-68.8575193007,-32.8723877121,6,"0",0.0859023207481815
10316,"Caducifolio","Bajo (2 - 4 mts)",30,"Mediano",-68.857207431,-32.8718147924,6,"0",0.0512249443207127
10319,"Morera","Medio (4 - 8 mts)",65,"Grande",-68.8567881954,-32.8720807863,6,"0",0.185148665048544
10320,"Morera","Muy bajo (1 - 2 mts)",10,"Chico",-68.8568139037,-32.8722111295,6,"0",0.185148665048544
10325,"Paraiso","Medio (4 - 8 mts)",25,"Mediano",-68.8573293136,-32.8724914267,6,"0",0.0859023207481815
10326,"Paraiso","Medio (4 - 8 mts)",50,"Mediano",-68.8573520628,-32.8722402613,6,"0",0.0859023207481815
10330,"Paraiso","Bajo (2 - 4 mts)",10,"Chico",-68.856733993,-32.8725325299,6,"0",0.0859023207481815
10331,"Morera","Alto (> 8 mts)",70,"Grande",-68.8562837482,-32.8719813289,6,"0",0.185148665048544
10334,"Morera","Alto (> 8 mts)",90,"Grande",-68.8559900006,-32.8722044967,6,"0",0.185148665048544
10337,"Morera","Medio (4 - 8 mts)",60,"Mediano",-68.8560723103,-32.8725987752,6,"0",0.185148665048544
10343,"Morera","Medio (4 - 8 mts)",60,"Mediano",-68.8556040378,-32.8727959158,6,"0",0.185148665048544
10347,"Fresno europeo","Alto (> 8 mts)",80,"Grande",-68.8555312606,-32.8721160751,6,"0",0.0420032310177706
10348,"Acacia SP","Bajo (2 - 4 mts)",20,"Chico",-68.8556160356,-32.8720968677,6,"0",0.150492264416315
10366,"Paraiso","Medio (4 - 8 mts)",74,"Grande",-68.8486857122,-32.8737723667,6,"0",0.0859023207481815
10367,"Olmo comun","Medio (4 - 8 mts)",178,"Grande",-68.8486368381,-32.8735707916,6,"0",0.0227272727272727
10371,"Morera","Medio (4 - 8 mts)",221,"Grande",-68.8474040112,-32.8738810634,6,"0",0.185148665048544
10374,"Acer","Medio (4 - 8 mts)",123,"Grande",-68.8474498268,-32.8740532283,6,"0",0.0204081632653061
10378,"Olmo bola","Alto (> 8 mts)",75,"Grande",-68.8462745227,-32.8737981484,6,"0",0.0231481481481481
10379,"Fresno europeo","Alto (> 8 mts)",135,"Grande",-68.8463235467,-32.8737890249,6,"0",0.0420032310177706
10380,"Morera","Muy bajo (1 - 2 mts)",6,"Chico",-68.8463710777,-32.8737806921,6,"0",0.185148665048544
10381,"Fresno europeo","Alto (> 8 mts)",118,"Grande",-68.8464852735,-32.8737586624,6,"0",0.0420032310177706
10382,"Fresno europeo","Alto (> 8 mts)",122,"Grande",-68.8465398985,-32.8737497305,6,"0",0.0420032310177706
10383,"Fresno europeo","Alto (> 8 mts)",152,"Grande",-68.8466597966,-32.8737285263,6,"0",0.0420032310177706
10390,"Prunas","Bajo (2 - 4 mts)",25,"Mediano",-68.8585357284,-32.8734207529,6,"0",0.0321782178217822
10393,"Perenne","Bajo (2 - 4 mts)",35,"Mediano",-68.8583428392,-32.8734565934,6,"0",0.0364741641337386
10401,"Fresno europeo","Medio (4 - 8 mts)",50,"Mediano",-68.8582647954,-32.8729707425,6,"0",0.0420032310177706
10404,"Prunas","Medio (4 - 8 mts)",40,"Mediano",-68.8582177515,-32.8729022551,6,"0",0.0321782178217822
10405,"Pltano","Bajo (2 - 4 mts)",23,"Mediano",-68.8584691684,-32.8726064667,6,"0",0.0903973509933775
10407,"Jacarand","Medio (4 - 8 mts)",30,"Mediano",-68.8570206327,-32.8734040189,6,"0",0.103064066852368
10411,"Morera","Medio (4 - 8 mts)",50,"Mediano",-68.8575485837,-32.8733250296,6,"0",0.185148665048544
10412,"Morera","Alto (> 8 mts)",70,"Grande",-68.8574772866,-32.8729453965,6,"0",0.185148665048544
10415,"Perenne","Bajo (2 - 4 mts)",120,"Grande",-68.8523419649,-32.8820999109,1,"0",0.0364741641337386
10416,"Paraiso","Medio (4 - 8 mts)",70,"Grande",-68.8523372556,-32.8820881897,1,"0",0.0859023207481815
10417,"Pltano","Medio (4 - 8 mts)",30,"Mediano",-68.8523334304,-32.8820769672,1,"0",0.0903973509933775
10419,"Paraiso","Medio (4 - 8 mts)",70,"Grande",-68.8523102398,-32.882029362,1,"0",0.0859023207481815
10425,"Fresno europeo","Muy bajo (1 - 2 mts)",10,"Chico",-68.8568587726,-32.8732685743,6,"0",0.0420032310177706
10429,"Paraiso","Medio (4 - 8 mts)",55,"Mediano",-68.8569070925,-32.873485368,6,"0",0.0859023207481815
10445,"Paraiso","Alto (> 8 mts)",120,"Grande",-68.8560160127,-32.8738418554,6,"0",0.0859023207481815
10448,"Morera","Medio (4 - 8 mts)",65,"Grande",-68.8561378232,-32.8738202278,6,"0",0.185148665048544
10449,"Morera","Medio (4 - 8 mts)",60,"Mediano",-68.8561786801,-32.8738107132,6,"0",0.185148665048544
10450,"Caducifolio","Alto (> 8 mts)",83,"Grande",-68.8562493728,-32.8735944763,6,"0",0.0512249443207127
10452,"Morera","Alto (> 8 mts)",50,"Mediano",-68.856229328,-32.8735157957,6,"0",0.185148665048544
10453,"Morera","Alto (> 8 mts)",60,"Mediano",-68.8562116477,-32.8734359385,6,"0",0.185148665048544
10454,"Acacia SP","Alto (> 8 mts)",150,"Grande",-68.8561381592,-32.8730497783,6,"0",0.150492264416315
10459,"Morera","Medio (4 - 8 mts)",45,"Mediano",-68.8554586039,-32.8731294928,6,"0",0.185148665048544
10461,"Morera","Alto (> 8 mts)",160,"Grande",-68.8559342279,-32.8728708206,6,"0",0.185148665048544
10462,"Perenne","Bajo (2 - 4 mts)",26,"Mediano",-68.8558476913,-32.8728900109,6,"0",0.0364741641337386
10465,"Fresno europeo","Bajo (2 - 4 mts)",10,"Chico",-68.8544930149,-32.8734169524,6,"0",0.0420032310177706
10468,"Fresno europeo","Muy bajo (1 - 2 mts)",3,"Chico",-68.855475606,-32.8738014639,6,"0",0.0420032310177706
10469,"Morera","Alto (> 8 mts)",146,"Grande",-68.8553747435,-32.8734449383,6,"0",0.185148665048544
10470,"Acer","Medio (4 - 8 mts)",46,"Mediano",-68.8553269393,-32.873255649,6,"0",0.0204081632653061
10471,"Fresno europeo","Medio (4 - 8 mts)",44,"Mediano",-68.8553082482,-32.873176987,6,"1",0.0420032310177706
10472,"Olmo comun","Medio (4 - 8 mts)",83,"Grande",-68.85434956,-32.87333101,6,"0",0.0227272727272727
10475,"Paraiso sombrilla","Bajo (2 - 4 mts)",18,"Chico",-68.8535702967,-32.8738213982,6,"0",0.022887323943662
10476,"Morera","Medio (4 - 8 mts)",103,"Grande",-68.8535291646,-32.873673199,6,"0",0.185148665048544
10478,"Fresno americano","Alto (> 8 mts)",50,"Mediano",-68.8539531407,-32.8732199388,6,"0",0.0512455516014235
10481,"Fresno americano","Muy bajo (1 - 2 mts)",12,"Chico",-68.8521144405,-32.8743823533,6,"0",0.0512455516014235
10485,"Fresno europeo","Medio (4 - 8 mts)",90,"Grande",-68.8519073943,-32.8740656968,6,"0",0.0420032310177706
10486,"Morera","Alto (> 8 mts)",180,"Grande",-68.8519319911,-32.8741768452,6,"0",0.185148665048544
10490,"Fresno europeo","Bajo (2 - 4 mts)",30,"Mediano",-68.8502784844,-32.8742632457,6,"0",0.0420032310177706
10491,"Morera","Bajo (2 - 4 mts)",26,"Mediano",-68.8502866426,-32.874312864,6,"0",0.185148665048544
10492,"Morera","Bajo (2 - 4 mts)",40,"Mediano",-68.8503139831,-32.8744014304,6,"0",0.185148665048544
10494,"Morera","Medio (4 - 8 mts)",76,"Grande",-68.850381793,-32.8746506252,6,"0",0.185148665048544
10500,"Fresno europeo","Medio (4 - 8 mts)",94,"Grande",-68.8509701851,-32.8738961256,6,"0",0.0420032310177706
10501,"Morera","Muy bajo (1 - 2 mts)",16,"Chico",-68.8498983453,-32.8739707694,6,"0",0.185148665048544
10502,"Morera","Medio (4 - 8 mts)",150,"Grande",-68.8497392488,-32.8740068724,6,"0",0.185148665048544
10506,"Morera","Medio (4 - 8 mts)",122,"Grande",-68.8489632458,-32.8742543681,6,"1",0.185148665048544
10509,"Morera","Alto (> 8 mts)",114,"Grande",-68.8496405004,-32.8749903224,6,"0",0.185148665048544
10512,"Paraiso sombrilla","Medio (4 - 8 mts)",90,"Grande",-68.8502354141,-32.8746557457,6,"0",0.022887323943662
10515,"Morera","Bajo (2 - 4 mts)",34,"Mediano",-68.8500472067,-32.8740022313,6,"0",0.185148665048544
10520,"Ailanthus","Medio (4 - 8 mts)",50,"Mediano",-68.8589054451,-32.8754106934,7,"0",0.0380952380952381
10525,"Pltano","Alto (> 8 mts)",150,"Grande",-68.8585600447,-32.8755251665,7,"0",0.0903973509933775
10526,"Morera","Alto (> 8 mts)",50,"Mediano",-68.8575674108,-32.8754488885,6,"0",0.185148665048544
10527,"Prunas","Medio (4 - 8 mts)",39,"Mediano",-68.8575333024,-32.8752959954,6,"0",0.0321782178217822
10531,"Prunas","Muy bajo (1 - 2 mts)",5,"Chico",-68.8587434729,-32.8745366556,7,"0",0.0321782178217822
10533,"Morera","Alto (> 8 mts)",98,"Grande",-68.8572878614,-32.8749751562,6,"0",0.185148665048544
10536,"Morera","Bajo (2 - 4 mts)",10,"Chico",-68.8574714973,-32.8756880455,6,"0",0.185148665048544
10541,"Conifera","Medio (4 - 8 mts)",50,"Mediano",-68.8561479478,-32.8758149415,6,"1",0.021505376344086
10545,"Morera","Alto (> 8 mts)",70,"Grande",-68.8561158819,-32.8750221643,6,"0",0.185148665048544
10546,"Perenne","Muy bajo (1 - 2 mts)",6,"Chico",-68.8556583523,-32.8751075632,6,"0",0.0364741641337386
10553,"Fresno europeo","Bajo (2 - 4 mts)",20,"Chico",-68.8551728416,-32.8759751059,6,"0",0.0420032310177706
10557,"Acer","Alto (> 8 mts)",130,"Grande",-68.8551043859,-32.8757219013,6,"0",0.0204081632653061
10558,"Fresno europeo","Bajo (2 - 4 mts)",40,"Mediano",-68.8550722898,-32.8756160657,6,"0",0.0420032310177706
10561,"Morera","Alto (> 8 mts)",170,"Grande",-68.8548188269,-32.8754943614,6,"0",0.185148665048544
10562,"Paraiso","Alto (> 8 mts)",77,"Grande",-68.854899885,-32.8754860246,6,"1",0.0859023207481815
10569,"Acer","Alto (> 8 mts)",160,"Grande",-68.854975412,-32.8757652622,6,"0",0.0204081632653061
10572,"Fresno europeo","Muy bajo (1 - 2 mts)",3,"Chico",-68.854372982,-32.8763146946,6,"0",0.0420032310177706
10575,"Paraiso sombrilla","Medio (4 - 8 mts)",42,"Mediano",-68.8532511804,-32.8756365136,6,"0",0.022887323943662
10576,"Morera","Medio (4 - 8 mts)",55,"Mediano",-68.8532461334,-32.8756171745,6,"0",0.185148665048544
10580,"Ailanthus","Alto (> 8 mts)",44,"Mediano",-68.8527916595,-32.8766115783,6,"0",0.0380952380952381
10581,"Ailanthus","Alto (> 8 mts)",50,"Mediano",-68.8528121754,-32.8766074051,6,"0",0.0380952380952381
10582,"Fresno europeo","Medio (4 - 8 mts)",38,"Mediano",-68.8526774853,-32.8765035986,6,"0",0.0420032310177706
10586,"Paraiso sombrilla","Bajo (2 - 4 mts)",15,"Chico",-68.8525294755,-32.8764806384,6,"0",0.022887323943662
10587,"Fresno europeo","Muy bajo (1 - 2 mts)",5,"Chico",-68.8524110692,-32.8766803222,6,"0",0.0420032310177706
10590,"Ailanthus","Medio (4 - 8 mts)",30,"Mediano",-68.8525056022,-32.8766641743,6,"0",0.0380952380952381
10594,"Morera","Bajo (2 - 4 mts)",20,"Chico",-68.8507963578,-32.8760089306,6,"0",0.185148665048544
10596,"Paraiso sombrilla","Muy bajo (1 - 2 mts)",4,"Chico",-68.8510997062,-32.8759526774,6,"0",0.022887323943662
10600,"Morera","Alto (> 8 mts)",90,"Grande",-68.8495275213,-32.8765320124,6,"1",0.185148665048544
10603,"Morera","Medio (4 - 8 mts)",42,"Mediano",-68.8508224335,-32.8769106868,6,"0",0.185148665048544
10607,"Morera","Medio (4 - 8 mts)",66,"Grande",-68.8506383062,-32.876220337,6,"0",0.185148665048544
10615,"Paraiso","Alto (> 8 mts)",130,"Grande",-68.8583545268,-32.8736185265,6,"0",0.0859023207481815
10617,"Morera","Medio (4 - 8 mts)",110,"Grande",-68.855708385,-32.874109534,6,"1",0.185148665048544
10622,"Morera","Medio (4 - 8 mts)",88,"Grande",-68.8571578041,-32.8746919832,6,"1",0.185148665048544
10623,"Morera","Medio (4 - 8 mts)",104,"Grande",-68.8571164387,-32.8747012748,6,"1",0.185148665048544
10629,"Paraiso","Medio (4 - 8 mts)",130,"Grande",-68.8570040099,-32.8739030308,6,"0",0.0859023207481815
10631,"Paraiso","Alto (> 8 mts)",220,"Grande",-68.8568336635,-32.873834144,6,"0",0.0859023207481815
10633,"Paraiso","Medio (4 - 8 mts)",140,"Grande",-68.8567655601,-32.87384633,6,"0",0.0859023207481815
10637,"Fresno europeo","Bajo (2 - 4 mts)",36,"Mediano",-68.8566819435,-32.8741541961,6,"0",0.0420032310177706
10639,"Paraiso sombrilla","Medio (4 - 8 mts)",200,"Grande",-68.8564634363,-32.8744006328,6,"0",0.022887323943662
10648,"Morera","Medio (4 - 8 mts)",140,"Grande",-68.8556351917,-32.8744903459,6,"1",0.185148665048544
10649,"Morera","Bajo (2 - 4 mts)",50,"Mediano",-68.8556181658,-32.8743886548,6,"0",0.185148665048544
10658,"Ligustro","Bajo (2 - 4 mts)",20,"Chico",-68.8540880374,-32.8752730704,6,"0",0.0138888888888889
10661,"Morera","Medio (4 - 8 mts)",140,"Grande",-68.8526180868,-32.874574693,6,"0",0.185148665048544
10663,"Caducifolio","Bajo (2 - 4 mts)",60,"Mediano",-68.8528311934,-32.8745633427,6,"0",0.0512249443207127
10665,"Morera","Muy bajo (1 - 2 mts)",8,"Chico",-68.852914035,-32.8749175849,6,"0",0.185148665048544
10666,"Morera","Bajo (2 - 4 mts)",56,"Mediano",-68.8529383213,-32.8750254146,6,"0",0.185148665048544
10667,"Fresno europeo","Medio (4 - 8 mts)",100,"Grande",-68.852946985,-32.8750901898,6,"0",0.0420032310177706
10668,"Morera","Bajo (2 - 4 mts)",42,"Mediano",-68.853053078,-32.8754030977,6,"0",0.185148665048544
10671,"Fresno europeo","Medio (4 - 8 mts)",96,"Grande",-68.8521302493,-32.8749946249,6,"0",0.0420032310177706
10673,"Morera","Medio (4 - 8 mts)",74,"Grande",-68.8522296323,-32.8753620924,6,"0",0.185148665048544
10676,"Morera","Muy bajo (1 - 2 mts)",8,"Chico",-68.8506882481,-32.875848484,6,"0",0.185148665048544
10681,"Morera","Bajo (2 - 4 mts)",52,"Mediano",-68.8507996733,-32.874913786,6,"0",0.185148665048544
10683,"Paraiso","Medio (4 - 8 mts)",160,"Grande",-68.8510492185,-32.8748685596,6,"0",0.0859023207481815
10692,"Morera","Alto (> 8 mts)",80,"Grande",-68.8504611714,-32.8755038082,6,"1",0.185148665048544
10693,"Fresno europeo","Muy bajo (1 - 2 mts)",8,"Chico",-68.85046794,-32.8755303188,6,"0",0.0420032310177706
10697,"Morera","Medio (4 - 8 mts)",86,"Grande",-68.849477198,-32.8751606579,6,"0",0.185148665048544
10698,"Paraiso sombrilla","Medio (4 - 8 mts)",134,"Grande",-68.8494484263,-32.8751720126,6,"1",0.022887323943662
10712,"Morera","Medio (4 - 8 mts)",140,"Grande",-68.8478080145,-32.875478385,6,"0",0.185148665048544
10713,"Paraiso sombrilla","Medio (4 - 8 mts)",104,"Grande",-68.8479688916,-32.8754509131,6,"0",0.022887323943662
10714,"Morera","Muy bajo (1 - 2 mts)",7,"Chico",-68.8480503752,-32.8754377726,6,"0",0.185148665048544
10716,"Fresno europeo","Medio (4 - 8 mts)",46,"Mediano",-68.848614914,-32.8753355792,6,"0",0.0420032310177706
10718,"Olmo comun","Alto (> 8 mts)",115,"Grande",-68.8590061533,-32.8763805778,7,"0",0.0227272727272727
10719,"Pltano","Muy bajo (1 - 2 mts)",6,"Chico",-68.8589736219,-32.8761970275,7,"0",0.0903973509933775
10720,"Pltano","Bajo (2 - 4 mts)",20,"Chico",-68.8589729243,-32.8761827547,7,"0",0.0903973509933775
10721,"Pltano","Medio (4 - 8 mts)",36,"Mediano",-68.8589660421,-32.8760461908,7,"0",0.0903973509933775
10722,"Morera","Alto (> 8 mts)",124,"Grande",-68.8589497378,-32.8759396896,7,"0",0.185148665048544
10725,"Morera","Bajo (2 - 4 mts)",32,"Mediano",-68.858688499,-32.8756308261,7,"0",0.185148665048544
10728,"Fresno europeo","Bajo (2 - 4 mts)",16,"Chico",-68.8577245488,-32.8758130099,6,"0",0.0420032310177706
10729,"Paraiso sombrilla","Bajo (2 - 4 mts)",60,"Mediano",-68.8577091634,-32.8760179095,6,"0",0.022887323943662
10737,"Acacia SP","Alto (> 8 mts)",20,"Chico",-68.8587460485,-32.8766056203,7,"0",0.150492264416315
10738,"Paraiso","Alto (> 8 mts)",60,"Mediano",-68.8587114619,-32.8766091925,7,"0",0.0859023207481815
10740,"Paraiso","Medio (4 - 8 mts)",90,"Grande",-68.8569693733,-32.8759552033,6,"0",0.0859023207481815
10746,"Paraiso sombrilla","Medio (4 - 8 mts)",70,"Grande",-68.8571625993,-32.8768957716,6,"1",0.022887323943662
10754,"Fresno europeo","Bajo (2 - 4 mts)",25,"Mediano",-68.8560106952,-32.8761464392,6,"0",0.0420032310177706
10756,"Fresno europeo","Medio (4 - 8 mts)",46,"Mediano",-68.8562182576,-32.8765769851,6,"0",0.0420032310177706
10758,"Morera","Medio (4 - 8 mts)",38,"Mediano",-68.8563033431,-32.8768718736,6,"0",0.185148665048544
10759,"Olmo comun","Muy bajo (1 - 2 mts)",10,"Chico",-68.8563312084,-32.8769525693,6,"0",0.0227272727272727
10760,"Fresno europeo","Muy bajo (1 - 2 mts)",2,"Chico",-68.8543873083,-32.8769224718,6,"0",0.0420032310177706
10768,"Fresno europeo","Bajo (2 - 4 mts)",7,"Chico",-68.8526381678,-32.8768779463,6,"0",0.0420032310177706
10770,"Morera","Alto (> 8 mts)",160,"Grande",-68.852626545,-32.87775877,6,"1",0.185148665048544
10772,"Morera","Muy bajo (1 - 2 mts)",3,"Chico",-68.8512388763,-32.8779533385,6,"0",0.185148665048544
10773,"Fresno europeo","Muy bajo (1 - 2 mts)",3,"Chico",-68.8511329594,-32.8770550744,6,"0",0.0420032310177706
10775,"Fresno americano","Medio (4 - 8 mts)",42,"Mediano",-68.8524813585,-32.8767977749,6,"0",0.0512455516014235
10776,"Acer","Medio (4 - 8 mts)",108,"Grande",-68.8501355362,-32.8781467213,6,"0",0.0204081632653061
10777,"Olmo bola","Medio (4 - 8 mts)",150,"Grande",-68.8501043851,-32.8780684468,6,"0",0.0231481481481481
10778,"Olmo bola","Medio (4 - 8 mts)",170,"Grande",-68.8500848261,-32.8780326577,6,"0",0.0231481481481481
10779,"Caducifolio","Muy bajo (1 - 2 mts)",26,"Mediano",-68.8500526516,-32.8779713698,6,"0",0.0512249443207127
10780,"Caducifolio","Muy bajo (1 - 2 mts)",6,"Chico",-68.8500102333,-32.8778779864,6,"0",0.0512249443207127
10782,"Paraiso","Alto (> 8 mts)",170,"Grande",-68.8499526182,-32.8777265437,6,"0",0.0859023207481815
10784,"Olmo bola","Medio (4 - 8 mts)",100,"Grande",-68.8498970331,-32.8776020623,6,"0",0.0231481481481481
10793,"Morera","Alto (> 8 mts)",120,"Grande",-68.850010665,-32.8772669535,6,"1",0.185148665048544
10794,"Caducifolio","Bajo (2 - 4 mts)",9,"Chico",-68.8501803406,-32.8772340854,6,"0",0.0512249443207127
10796,"Morera","Medio (4 - 8 mts)",150,"Grande",-68.8510297364,-32.8777264742,6,"0",0.185148665048544
10800,"Morera","Bajo (2 - 4 mts)",22,"Mediano",-68.8581517044,-32.8776725665,7,"0",0.185148665048544
10802,"Fresno europeo","Muy bajo (1 - 2 mts)",15,"Chico",-68.8580668558,-32.8773380294,7,"0",0.0420032310177706
10803,"Morera","Medio (4 - 8 mts)",30,"Mediano",-68.858038473,-32.8772464374,7,"0",0.185148665048544
10804,"Morera","Bajo (2 - 4 mts)",22,"Mediano",-68.8580042667,-32.8771218431,7,"0",0.185148665048544
10808,"Morera","Bajo (2 - 4 mts)",26,"Mediano",-68.858002443,-32.8776651728,7,"0",0.185148665048544
10812,"Pltano","Medio (4 - 8 mts)",32,"Mediano",-68.8577070797,-32.8769261706,7,"0",0.0903973509933775
10814,"Morera","Alto (> 8 mts)",68,"Grande",-68.8565225722,-32.877210144,6,"0",0.185148665048544
10819,"Paraiso sombrilla","Medio (4 - 8 mts)",64,"Grande",-68.856594761,-32.8779778872,6,"0",0.022887323943662
10821,"Perenne","Medio (4 - 8 mts)",180,"Grande",-68.8565292509,-32.8781248711,6,"0",0.0364741641337386
10822,"Fresno europeo","Bajo (2 - 4 mts)",27,"Mediano",-68.8551156634,-32.8783895469,6,"0",0.0420032310177706
10826,"Ligustro","Medio (4 - 8 mts)",110,"Grande",-68.8547594565,-32.8782814942,6,"0",0.0138888888888889
10828,"Paraiso","Alto (> 8 mts)",120,"Grande",-68.8547826699,-32.8783631307,6,"0",0.0859023207481815
10830,"Morera","Medio (4 - 8 mts)",47,"Mediano",-68.8547648316,-32.8774813232,6,"0",0.185148665048544
10831,"Morera","Alto (> 8 mts)",100,"Grande",-68.8556333903,-32.8773210896,6,"0",0.185148665048544
10832,"Fresno europeo","Bajo (2 - 4 mts)",22,"Mediano",-68.855839585,-32.8772834491,6,"0",0.0420032310177706
10833,"Pltano","Alto (> 8 mts)",196,"Grande",-68.8559032111,-32.8772696463,6,"0",0.0903973509933775
10836,"Morera","Bajo (2 - 4 mts)",18,"Chico",-68.8544449302,-32.8776886835,6,"0",0.185148665048544
10839,"Perenne","Bajo (2 - 4 mts)",22,"Mediano",-68.8545448606,-32.8780721069,6,"1",0.0364741641337386
10840,"Morera","Medio (4 - 8 mts)",27,"Mediano",-68.8545856726,-32.8782255315,6,"0",0.185148665048544
10842,"Morera","Alto (> 8 mts)",178,"Grande",-68.8539174228,-32.8786192203,6,"0",0.185148665048544
10845,"Perenne","Medio (4 - 8 mts)",60,"Mediano",-68.8530517649,-32.8779230665,6,"0",0.0364741641337386
10846,"Morera","Medio (4 - 8 mts)",60,"Mediano",-68.853040272,-32.8778655772,6,"0",0.185148665048544
10851,"Morera","Muy bajo (1 - 2 mts)",8,"Chico",-68.8529781398,-32.8781960632,6,"0",0.185148665048544
10852,"Fresno europeo","Bajo (2 - 4 mts)",38,"Mediano",-68.8530350674,-32.8784138169,6,"0",0.0420032310177706
10856,"Morera","Alto (> 8 mts)",125,"Grande",-68.852877636,-32.8788163741,6,"0",0.185148665048544
10859,"Conifera","Muy bajo (1 - 2 mts)",20,"Chico",-68.8515225449,-32.878991566,6,"0",0.021505376344086
10860,"Pltano","Alto (> 8 mts)",75,"Grande",-68.8514682969,-32.8787638791,6,"0",0.0903973509933775
10861,"Fresno europeo","Bajo (2 - 4 mts)",50,"Mediano",-68.8514518524,-32.8787049249,6,"0",0.0420032310177706
10864,"Fresno europeo","Alto (> 8 mts)",72,"Grande",-68.8512555941,-32.8785670193,6,"0",0.0420032310177706
10865,"Paraiso","Alto (> 8 mts)",84,"Grande",-68.8513048174,-32.8787521386,6,"1",0.0859023207481815
10871,"Fresno europeo","Bajo (2 - 4 mts)",24,"Mediano",-68.8504570635,-32.8788369259,6,"0",0.0420032310177706
10873,"Fresno americano","Bajo (2 - 4 mts)",16,"Chico",-68.858321899,-32.8782962209,7,"1",0.0512455516014235
10874,"Jacarand","Alto (> 8 mts)",81,"Grande",-68.8583225807,-32.8783117164,7,"1",0.103064066852368
10876,"Morera","Alto (> 8 mts)",175,"Grande",-68.8595369848,-32.8785925218,7,"0",0.185148665048544
10883,"Paraiso","Alto (> 8 mts)",150,"Grande",-68.8581826221,-32.8783608029,7,"1",0.0859023207481815
10884,"Ligustro","Bajo (2 - 4 mts)",58,"Mediano",-68.8579792676,-32.8779855272,7,"0",0.0138888888888889
10885,"Fresno americano","Medio (4 - 8 mts)",22,"Mediano",-68.8570521173,-32.8781569325,7,"1",0.0512455516014235
10897,"Morera","Alto (> 8 mts)",72,"Grande",-68.853693261,-32.8787903097,6,"0",0.185148665048544
10901,"Morera","Alto (> 8 mts)",53,"Mediano",-68.8543242394,-32.8786783436,6,"0",0.185148665048544
10907,"Paraiso","Alto (> 8 mts)",100,"Grande",-68.8541661703,-32.8796765673,6,"0",0.0859023207481815
10908,"Morera","Medio (4 - 8 mts)",34,"Mediano",-68.854094778,-32.8796935108,6,"0",0.185148665048544
10911,"Ligustro","Muy bajo (1 - 2 mts)",12,"Chico",-68.8534945249,-32.8795627083,6,"0",0.0138888888888889
10912,"Acer","Medio (4 - 8 mts)",58,"Mediano",-68.8534663743,-32.8794733157,6,"0",0.0204081632653061
10918,"Prunas","Muy bajo (1 - 2 mts)",18,"Chico",-68.8516491618,-32.8794932191,6,"0",0.0321782178217822
10921,"Fresno americano","Muy bajo (1 - 2 mts)",8,"Chico",-68.8516175857,-32.8801525285,1,"0",0.0512455516014235
10924,"Morera","Alto (> 8 mts)",154,"Grande",-68.8512216522,-32.8802315424,1,"1",0.185148665048544
10929,"Morera","Alto (> 8 mts)",58,"Mediano",-68.8509178897,-32.8793073348,6,"0",0.185148665048544
10932,"Morera","Muy bajo (1 - 2 mts)",38,"Mediano",-68.8515551145,-32.8796731414,6,"1",0.185148665048544
10933,"Perenne","Medio (4 - 8 mts)",98,"Grande",-68.8515850827,-32.879789067,6,"0",0.0364741641337386
10934,"Morera","Muy bajo (1 - 2 mts)",8,"Chico",-68.8516177837,-32.8799003171,6,"0",0.185148665048544
10935,"Fresno europeo","Muy bajo (1 - 2 mts)",15,"Chico",-68.8592965002,-32.8788428898,7,"0",0.0420032310177706
10936,"Morera","Alto (> 8 mts)",76,"Grande",-68.8591293616,-32.8788791932,7,"0",0.185148665048544
10937,"Paraiso","Medio (4 - 8 mts)",90,"Grande",-68.858646745,-32.8789590347,7,"1",0.0859023207481815
10942,"Fresno europeo","Muy bajo (1 - 2 mts)",12,"Chico",-68.8588389673,-32.880112494,7,"0",0.0420032310177706
10944,"Paraiso","Alto (> 8 mts)",62,"Grande",-68.8574576324,-32.8805574847,7,"0",0.0859023207481815
10946,"Palo borracho","Muy bajo (1 - 2 mts)",8,"Chico",-68.8570871566,-32.8806312307,7,"0",0
10949,"Tipa","Medio (4 - 8 mts)",32,"Mediano",-68.8566372936,-32.8808842584,7,"0",0.101123595505618
10952,"Morera","Medio (4 - 8 mts)",92,"Grande",-68.8567879012,-32.8814380182,7,"1",0.185148665048544
10953,"Morera","Bajo (2 - 4 mts)",10,"Chico",-68.856796018,-32.8814801537,7,"0",0.185148665048544
10959,"Prunas","Bajo (2 - 4 mts)",32,"Mediano",-68.8579720723,-32.8813139502,7,"0",0.0321782178217822
10963,"Fresno europeo","Medio (4 - 8 mts)",38,"Mediano",-68.8577772798,-32.8808559348,7,"0",0.0420032310177706
10967,"Paraiso sombrilla","Alto (> 8 mts)",160,"Grande",-68.8561312104,-32.8818097025,7,"0",0.022887323943662
10969,"Morera","Alto (> 8 mts)",101,"Grande",-68.8564495198,-32.8817469173,7,"1",0.185148665048544
10970,"Fresno europeo","Medio (4 - 8 mts)",38,"Mediano",-68.8566455654,-32.8817122953,7,"0",0.0420032310177706
10975,"Fresno europeo","Medio (4 - 8 mts)",33,"Mediano",-68.8565816994,-32.8812474174,7,"0",0.0420032310177706
10976,"Morera","Alto (> 8 mts)",144,"Grande",-68.8565797259,-32.8812174257,7,"0",0.185148665048544
10980,"Fresno europeo","Bajo (2 - 4 mts)",40,"Mediano",-68.855608107,-32.8815713341,7,"0",0.0420032310177706
10983,"Morera","Alto (> 8 mts)",65,"Grande",-68.8553095423,-32.8819586205,6,"1",0.185148665048544
10986,"Paraiso","Medio (4 - 8 mts)",66,"Grande",-68.8541439929,-32.8820414361,6,"0",0.0859023207481815
10988,"Morera","Alto (> 8 mts)",93,"Grande",-68.8540919092,-32.8818442302,6,"0",0.185148665048544
10989,"Prunas","Bajo (2 - 4 mts)",10,"Chico",-68.8540150652,-32.8815501291,6,"0",0.0321782178217822
10990,"Morera","Alto (> 8 mts)",190,"Grande",-68.8551268143,-32.8810104006,6,"1",0.185148665048544
10991,"Olmo comun","Medio (4 - 8 mts)",42,"Mediano",-68.8538647915,-32.8815834524,6,"0",0.0227272727272727
10994,"Fresno europeo","Alto (> 8 mts)",100,"Grande",-68.8539228157,-32.8817646432,6,"1",0.0420032310177706
10995,"Caducifolio","Medio (4 - 8 mts)",60,"Mediano",-68.8531837034,-32.8823635,1,"0",0.0512249443207127
10998,"Morera","Alto (> 8 mts)",125,"Grande",-68.8523187339,-32.8815431675,1,"0",0.185148665048544
11000,"Fresno europeo","Muy bajo (1 - 2 mts)",10,"Chico",-68.8512701817,-32.8808562453,1,"0",0.0420032310177706
11003,"Ailanthus","Bajo (2 - 4 mts)",15,"Chico",-68.8519898473,-32.8813088652,1,"0",0.0380952380952381
11010,"Pltano","Alto (> 8 mts)",57,"Mediano",-68.8599663198,-32.8808477738,7,"0",0.0903973509933775
11011,"Pltano","Alto (> 8 mts)",66,"Grande",-68.8598615669,-32.8811020791,7,"0",0.0903973509933775
11013,"Pltano","Alto (> 8 mts)",74,"Grande",-68.8597593898,-32.8811222446,7,"1",0.0903973509933775
11014,"Pltano","Alto (> 8 mts)",185,"Grande",-68.8594091671,-32.8811879103,7,"0",0.0903973509933775
11017,"Morera","Alto (> 8 mts)",94,"Grande",-68.8588470044,-32.8812915543,7,"1",0.185148665048544
11019,"Morera","Alto (> 8 mts)",67,"Grande",-68.858013866,-32.8810795376,7,"0",0.185148665048544
11025,"Paraiso","Alto (> 8 mts)",66,"Grande",-68.8583205167,-32.8803943046,7,"1",0.0859023207481815
11026,"Prunas","Medio (4 - 8 mts)",80,"Grande",-68.8584754184,-32.8804374682,7,"0",0.0321782178217822
11028,"Morera","Alto (> 8 mts)",102,"Grande",-68.8586153651,-32.8799764041,7,"1",0.185148665048544
11031,"Morera","Bajo (2 - 4 mts)",28,"Mediano",-68.8583385827,-32.8801961392,7,"0",0.185148665048544
11036,"Fresno europeo","Bajo (2 - 4 mts)",18,"Chico",-68.8572894056,-32.879392564,7,"0",0.0420032310177706
11038,"Fresno europeo","Bajo (2 - 4 mts)",12,"Chico",-68.8574312407,-32.8791945372,7,"0",0.0420032310177706
11039,"Morera","Medio (4 - 8 mts)",26,"Mediano",-68.8576940016,-32.8791464416,7,"1",0.185148665048544
11041,"Prunas","Bajo (2 - 4 mts)",10,"Chico",-68.8581870161,-32.8790473527,7,"0",0.0321782178217822
11043,"Morera","Medio (4 - 8 mts)",45,"Mediano",-68.8575221005,-32.880243163,7,"0",0.185148665048544
11044,"Fresno europeo","Medio (4 - 8 mts)",35,"Mediano",-68.8575408077,-32.8802924907,7,"0",0.0420032310177706
11045,"Conifera","Muy bajo (1 - 2 mts)",32,"Mediano",-68.857461075,-32.8803514607,7,"0",0.021505376344086
11046,"Morera","Alto (> 8 mts)",100,"Grande",-68.8568918664,-32.8804573945,7,"1",0.185148665048544
11048,"Conifera","Muy bajo (1 - 2 mts)",22,"Mediano",-68.8567668413,-32.8804795611,7,"0",0.021505376344086
11051,"Jacarand","Muy bajo (1 - 2 mts)",8,"Chico",-68.8563509788,-32.8797644598,7,"1",0.103064066852368
11052,"Pltano","Alto (> 8 mts)",149,"Grande",-68.8562819901,-32.8794893813,6,"0",0.0903973509933775
11053,"Morera","Bajo (2 - 4 mts)",20,"Chico",-68.8561610695,-32.879617537,6,"0",0.185148665048544
11055,"Fresno europeo","Medio (4 - 8 mts)",15,"Chico",-68.8562454724,-32.879960942,6,"0",0.0420032310177706
11058,"Morera","Alto (> 8 mts)",81,"Grande",-68.856363619,-32.8803927318,7,"1",0.185148665048544
11062,"Perenne","Alto (> 8 mts)",96,"Grande",-68.8552233031,-32.8800488287,6,"0",0.0364741641337386
11064,"Paraiso","Muy bajo (1 - 2 mts)",15,"Chico",-68.8552070431,-32.8799772145,6,"0",0.0859023207481815
11068,"Fresno europeo","Muy bajo (1 - 2 mts)",2,"Chico",-68.8551775181,-32.879619384,6,"0",0.0420032310177706
11069,"Morera","Alto (> 8 mts)",65,"Grande",-68.8553016049,-32.8795973477,6,"1",0.185148665048544
11070,"Fresno europeo","Alto (> 8 mts)",98,"Grande",-68.8553235239,-32.879593503,6,"0",0.0420032310177706
11071,"Perenne","Medio (4 - 8 mts)",40,"Mediano",-68.8556444327,-32.8795311177,6,"0",0.0364741641337386
11073,"Fresno europeo","Medio (4 - 8 mts)",90,"Grande",-68.8551114682,-32.880226605,6,"0",0.0420032310177706
11074,"Fresno europeo","Medio (4 - 8 mts)",26,"Mediano",-68.8550754638,-32.8802927106,6,"0",0.0420032310177706
11076,"Prunas","Medio (4 - 8 mts)",42,"Mediano",-68.8546104234,-32.8803835025,6,"0",0.0321782178217822
11078,"Acer","Medio (4 - 8 mts)",58,"Mediano",-68.8544685928,-32.8804162331,6,"0",0.0204081632653061
11079,"Fresno europeo","Medio (4 - 8 mts)",36,"Mediano",-68.8544876941,-32.8804634383,6,"0",0.0420032310177706
11087,"Morera","Medio (4 - 8 mts)",63,"Grande",-68.8544576475,-32.8809200522,6,"0",0.185148665048544
11089,"Paraiso","Alto (> 8 mts)",108,"Grande",-68.8542809199,-32.8809515905,6,"0",0.0859023207481815
11096,"Fresno europeo","Medio (4 - 8 mts)",85,"Grande",-68.853494592,-32.8801572037,6,"0",0.0420032310177706
11097,"Morera","Medio (4 - 8 mts)",75,"Grande",-68.8535254935,-32.8810930783,6,"0",0.185148665048544
11099,"Morera","Medio (4 - 8 mts)",50,"Mediano",-68.8532170191,-32.8811557684,6,"0",0.185148665048544
11102,"Caducifolio","Muy bajo (1 - 2 mts)",8,"Chico",-68.8527210205,-32.8812511904,1,"0",0.0512249443207127
11104,"Paraiso","Medio (4 - 8 mts)",86,"Grande",-68.8519458035,-32.8806252297,1,"0",0.0859023207481815
11108,"Tipa","Medio (4 - 8 mts)",80,"Grande",-68.8532288493,-32.8799883756,6,"0",0.101123595505618
11109,"Morera","Medio (4 - 8 mts)",75,"Grande",-68.8532510942,-32.8799840186,6,"0",0.185148665048544
11110,"Ailanthus","Alto (> 8 mts)",66,"Grande",-68.8520636251,-32.8816588282,1,"0",0.0380952380952381
11112,"Olmo comun","Alto (> 8 mts)",70,"Grande",-68.8520856165,-32.8817269528,1,"1",0.0227272727272727
11116,"Paraiso","Alto (> 8 mts)",127,"Grande",-68.8519581978,-32.8816167937,1,"1",0.0859023207481815
11120,"Morera","Alto (> 8 mts)",99,"Grande",-68.8433250398,-32.9007549022,2,"1",0.185148665048544
11121,"Fresno europeo","Bajo (2 - 4 mts)",18,"Chico",-68.8432912701,-32.9009601441,2,"0",0.0420032310177706
11123,"Fresno europeo","Bajo (2 - 4 mts)",45,"Mediano",-68.8429749272,-32.901029767,2,"0",0.0420032310177706
11126,"Morera","Alto (> 8 mts)",130,"Grande",-68.8434059267,-32.9020199699,2,"0",0.185148665048544
11127,"Morera","Alto (> 8 mts)",80,"Grande",-68.8433636868,-32.9020285777,2,"0",0.185148665048544
11131,"Morera","Alto (> 8 mts)",65,"Grande",-68.8437024389,-32.9021614679,2,"0",0.185148665048544
11135,"Prunas","Bajo (2 - 4 mts)",18,"Chico",-68.8437845621,-32.9024826235,2,"0",0.0321782178217822
11136,"Prunas","Medio (4 - 8 mts)",50,"Mediano",-68.8438391741,-32.9028895846,2,"0",0.0321782178217822
11137,"Catalpa","Alto (> 8 mts)",140,"Grande",-68.84371076,-32.9029124569,2,"0",0.161290322580645
11142,"Morera","Alto (> 8 mts)",91,"Grande",-68.8435522748,-32.9020982782,2,"1",0.185148665048544
11143,"Ligustro","Muy bajo (1 - 2 mts)",15,"Chico",-68.8442324431,-32.9029407429,2,"0",0.0138888888888889
11153,"Ligustro","Bajo (2 - 4 mts)",110,"Grande",-68.8452922791,-32.900723725,2,"0",0.0138888888888889
11154,"Ligustro","Bajo (2 - 4 mts)",60,"Mediano",-68.8453420412,-32.9007148842,2,"0",0.0138888888888889
11161,"Paraiso","Alto (> 8 mts)",126,"Grande",-68.8433216421,-32.9001550234,2,"0",0.0859023207481815
11163,"Prunas","Muy bajo (1 - 2 mts)",2,"Chico",-68.8438713119,-32.900567034,2,"0",0.0321782178217822
11164,"Ailanthus","Bajo (2 - 4 mts)",10,"Chico",-68.8440005088,-32.9005437631,2,"0",0.0380952380952381
11176,"Acacia SP","Medio (4 - 8 mts)",28,"Mediano",-68.84394787,-32.9019302521,2,"0",0.150492264416315
11177,"Perenne","Medio (4 - 8 mts)",25,"Mediano",-68.8439720417,-32.9019282941,2,"0",0.0364741641337386
11178,"Perenne","Bajo (2 - 4 mts)",13,"Chico",-68.8440202877,-32.9019225997,2,"0",0.0364741641337386
11181,"Morera","Alto (> 8 mts)",60,"Mediano",-68.8445246119,-32.9008669486,2,"0",0.185148665048544
11185,"Prunas","Medio (4 - 8 mts)",76,"Grande",-68.844128137,-32.9011372189,2,"0",0.0321782178217822
11186,"Morera","Alto (> 8 mts)",138,"Grande",-68.8441884738,-32.90147317,2,"0",0.185148665048544
11188,"Paraiso sombrilla","Medio (4 - 8 mts)",90,"Grande",-68.8445789981,-32.9018653483,2,"0",0.022887323943662
11189,"Paraiso","Medio (4 - 8 mts)",83,"Grande",-68.8449280489,-32.9017657861,2,"0",0.0859023207481815
11195,"Tilo","Bajo (2 - 4 mts)",27,"Mediano",-68.8446105398,-32.9019997663,2,"0",0
11197,"Morera","Alto (> 8 mts)",180,"Grande",-68.8444709174,-32.9020119179,2,"0",0.185148665048544
11200,"Caducifolio","Bajo (2 - 4 mts)",38,"Mediano",-68.8441886229,-32.9028267779,2,"0",0.0512249443207127
11204,"Acer","Alto (> 8 mts)",90,"Grande",-68.8455955301,-32.9019167606,2,"0",0.0204081632653061
11208,"Acer","Muy bajo (1 - 2 mts)",10,"Chico",-68.8452046088,-32.9020443975,2,"0",0.0204081632653061
11213,"Fresno europeo","Medio (4 - 8 mts)",47,"Mediano",-68.8457950866,-32.9021990429,2,"0",0.0420032310177706
11214,"Morera","Alto (> 8 mts)",140,"Grande",-68.8463080053,-32.8998444277,2,"1",0.185148665048544
11220,"Prunas","Medio (4 - 8 mts)",85,"Grande",-68.8445815034,-32.899979374,2,"0",0.0321782178217822
11221,"Morera","Alto (> 8 mts)",70,"Grande",-68.8445821121,-32.8999594402,2,"0",0.185148665048544
11225,"Caducifolio","Bajo (2 - 4 mts)",9,"Chico",-68.8451634477,-32.8998065378,2,"0",0.0512249443207127
11227,"Fresno americano","Alto (> 8 mts)",80,"Grande",-68.8453740951,-32.8998027408,2,"0",0.0512455516014235
11231,"Paraiso","Alto (> 8 mts)",230,"Grande",-68.8458113258,-32.8998027415,2,"0",0.0859023207481815
11232,"Morera","Medio (4 - 8 mts)",65,"Grande",-68.8458392034,-32.8998027759,2,"0",0.185148665048544
11255,"Jacarand","Muy bajo (1 - 2 mts)",3,"Chico",-68.8464649494,-32.902618401,2,"0",0.103064066852368
11258,"Morera","Alto (> 8 mts)",210,"Grande",-68.8465544762,-32.8998157835,2,"0",0.185148665048544
11259,"Olmo comun","Bajo (2 - 4 mts)",15,"Chico",-68.8465867409,-32.8998155111,2,"0",0.0227272727272727
11264,"Olmo comun","Alto (> 8 mts)",116,"Grande",-68.8470287737,-32.8998747391,2,"0",0.0227272727272727
11266,"Morera","Alto (> 8 mts)",120,"Grande",-68.8470311735,-32.8999486284,2,"0",0.185148665048544
11267,"Perenne","Bajo (2 - 4 mts)",90,"Grande",-68.8470393667,-32.900046552,2,"0",0.0364741641337386
11268,"Paraiso","Alto (> 8 mts)",130,"Grande",-68.84704336,-32.9001559599,2,"0",0.0859023207481815
11271,"Morera","Alto (> 8 mts)",130,"Grande",-68.847054346,-32.9003522469,2,"1",0.185148665048544
11273,"Morera","Alto (> 8 mts)",125,"Grande",-68.8464738645,-32.9004349013,2,"0",0.185148665048544
11274,"Morera","Alto (> 8 mts)",105,"Grande",-68.8464664859,-32.9003626308,2,"0",0.185148665048544
11275,"Paraiso","Bajo (2 - 4 mts)",20,"Chico",-68.8464657257,-32.9003379551,2,"0",0.0859023207481815
11284,"Fresno americano","Medio (4 - 8 mts)",40,"Mediano",-68.8471531881,-32.9021811258,2,"0",0.0512455516014235
11288,"Jacarand","Medio (4 - 8 mts)",41,"Mediano",-68.8465406912,-32.9017805338,2,"1",0.103064066852368
11289,"Fresno americano","Alto (> 8 mts)",140,"Grande",-68.8465226193,-32.90142451,2,"0",0.0512455516014235
11290,"Fresno europeo","Medio (4 - 8 mts)",26,"Mediano",-68.8465142691,-32.9012945428,2,"0",0.0420032310177706
11294,"Fresno europeo","Alto (> 8 mts)",85,"Grande",-68.8472025248,-32.9031517279,2,"0",0.0420032310177706
11295,"Fresno americano","Medio (4 - 8 mts)",73,"Grande",-68.8472060264,-32.9031891262,2,"0",0.0512455516014235
11298,"Fresno americano","Bajo (2 - 4 mts)",18,"Chico",-68.8466133748,-32.9031834214,2,"0",0.0512455516014235
11304,"Prunas","Bajo (2 - 4 mts)",160,"Grande",-68.8472913471,-32.9025083636,2,"0",0.0321782178217822
11307,"Morera","Medio (4 - 8 mts)",71,"Grande",-68.8471943343,-32.900810014,2,"0",0.185148665048544
11309,"lamo criollo","Alto (> 8 mts)",88,"Grande",-68.8472139091,-32.9011761674,2,"0",0.0128205128205128
11312,"Tilo","Medio (4 - 8 mts)",68,"Grande",-68.8472349225,-32.9015356527,2,"0",0
11316,"Fresno americano","Medio (4 - 8 mts)",134,"Grande",-68.8475967797,-32.9022503201,2,"0",0.0512455516014235
11319,"Fresno europeo","Medio (4 - 8 mts)",86,"Grande",-68.8477338178,-32.8999493652,2,"0",0.0420032310177706
11320,"Ailanthus","Medio (4 - 8 mts)",110,"Grande",-68.8477375267,-32.9000005866,2,"0",0.0380952380952381
11322,"Prunas","Medio (4 - 8 mts)",43,"Mediano",-68.8471597811,-32.900050903,2,"0",0.0321782178217822
11324,"Fresno americano","Bajo (2 - 4 mts)",30,"Mediano",-68.8471528188,-32.899920162,2,"0",0.0512455516014235
11327,"Fresno americano","Medio (4 - 8 mts)",82,"Grande",-68.847888521,-32.900660785,2,"0",0.0512455516014235
11331,"Caducifolio","Medio (4 - 8 mts)",106,"Grande",-68.8478587341,-32.9000618453,2,"0",0.0512249443207127
11334,"Fresno europeo","Medio (4 - 8 mts)",58,"Mediano",-68.8484515675,-32.9001419103,2,"0",0.0420032310177706
11335,"Ailanthus","Muy bajo (1 - 2 mts)",5,"Chico",-68.8484586986,-32.9001923144,2,"0",0.0380952380952381
11336,"Tilo","Medio (4 - 8 mts)",58,"Mediano",-68.8484695562,-32.9003685323,2,"0",0
11338,"Fresno americano","Medio (4 - 8 mts)",48,"Mediano",-68.8484896273,-32.9007281515,2,"0",0.0512455516014235
11339,"Morera","Alto (> 8 mts)",116,"Grande",-68.8480091325,-32.9027497504,2,"0",0.185148665048544
11342,"Liquidambar","Medio (4 - 8 mts)",64,"Grande",-68.8485746561,-32.9023171566,2,"0",0
11344,"Morera","Alto (> 8 mts)",134,"Grande",-68.8485903749,-32.9026092808,2,"1",0.185148665048544
11345,"Acer","Alto (> 8 mts)",90,"Grande",-68.8485938164,-32.9026389821,2,"0",0.0204081632653061
11347,"Caducifolio","Medio (4 - 8 mts)",50,"Mediano",-68.8486000517,-32.9027128308,2,"0",0.0512249443207127
11348,"Fresno europeo","Medio (4 - 8 mts)",50,"Mediano",-68.8486022665,-32.9027636383,2,"0",0.0420032310177706
11351,"Morera","Medio (4 - 8 mts)",64,"Grande",-68.8486237467,-32.9032449358,2,"0",0.185148665048544
11356,"Caducifolio","Medio (4 - 8 mts)",40,"Mediano",-68.8485940034,-32.9005892905,2,"0",0.0512249443207127
11364,"Fresno europeo","Bajo (2 - 4 mts)",48,"Mediano",-68.8491491501,-32.8998874169,2,"0",0.0420032310177706
11366,"Fresno europeo","Bajo (2 - 4 mts)",34,"Mediano",-68.8491702473,-32.9003425253,2,"0",0.0420032310177706
11374,"Fresno europeo","Medio (4 - 8 mts)",38,"Mediano",-68.8500398195,-32.9016543247,2,"0",0.0420032310177706
11376,"Morera","Medio (4 - 8 mts)",98,"Grande",-68.850171776,-32.9028188801,2,"1",0.185148665048544
11377,"Morera","Alto (> 8 mts)",96,"Grande",-68.8496472042,-32.9032310927,2,"1",0.185148665048544
11378,"Fresno americano","Alto (> 8 mts)",52,"Mediano",-68.8493791405,-32.9020759705,2,"0",0.0512455516014235
11381,"Morera","Medio (4 - 8 mts)",92,"Grande",-68.8495682115,-32.9014771541,2,"0",0.185148665048544
11382,"Acer","Muy bajo (1 - 2 mts)",2,"Chico",-68.8500712828,-32.9000176173,2,"0",0.0204081632653061
11386,"Jacarand","Muy bajo (1 - 2 mts)",2,"Chico",-68.8492854837,-32.9003569299,2,"0",0.103064066852368
11387,"Morera","Alto (> 8 mts)",125,"Grande",-68.8493102285,-32.8997176425,2,"0",0.185148665048544
11388,"Morera","Alto (> 8 mts)",124,"Grande",-68.8498114166,-32.8997175187,2,"0",0.185148665048544
11390,"Caducifolio","Medio (4 - 8 mts)",76,"Grande",-68.8502247766,-32.8997682513,2,"1",0.0512249443207127
11399,"Morera","Alto (> 8 mts)",104,"Grande",-68.8508480308,-32.9005637145,2,"0",0.185148665048544
11401,"Morera","Bajo (2 - 4 mts)",18,"Chico",-68.8509085358,-32.901130002,2,"1",0.185148665048544
11402,"Paraiso","Medio (4 - 8 mts)",72,"Grande",-68.8509097484,-32.9011437137,2,"1",0.0859023207481815
11406,"Morera","Alto (> 8 mts)",96,"Grande",-68.8513379641,-32.9001715217,2,"0",0.185148665048544
11410,"Morera","Alto (> 8 mts)",88,"Grande",-68.8513676189,-32.9004745095,2,"0",0.185148665048544
11411,"Morera","Alto (> 8 mts)",100,"Grande",-68.8513703362,-32.9005197515,2,"0",0.185148665048544
11415,"Morera","Medio (4 - 8 mts)",48,"Mediano",-68.8514055383,-32.9008248053,2,"0",0.185148665048544
11421,"Fresno europeo","Medio (4 - 8 mts)",48,"Mediano",-68.8510676298,-32.8997478429,2,"0",0.0420032310177706
11422,"Morera","Alto (> 8 mts)",123,"Grande",-68.8511447144,-32.8997628577,2,"0",0.185148665048544
11424,"Morera","Bajo (2 - 4 mts)",52,"Mediano",-68.8509785709,-32.9017605201,2,"0",0.185148665048544
11427,"Morera","Alto (> 8 mts)",116,"Grande",-68.8510350309,-32.9022520382,2,"1",0.185148665048544
11428,"Morera","Medio (4 - 8 mts)",72,"Grande",-68.8504643348,-32.9014385123,2,"1",0.185148665048544
11429,"Acer","Medio (4 - 8 mts)",41,"Mediano",-68.8515507396,-32.9020362928,2,"0",0.0204081632653061
11431,"Morera","Alto (> 8 mts)",115,"Grande",-68.8511622628,-32.9020575103,2,"0",0.185148665048544
11435,"Acer","Muy bajo (1 - 2 mts)",2,"Chico",-68.851364827,-32.9013838066,2,"0",0.0204081632653061
11437,"Paraiso","Alto (> 8 mts)",58,"Mediano",-68.8512490259,-32.9024421356,2,"0",0.0859023207481815
11439,"Paraiso","Alto (> 8 mts)",144,"Grande",-68.8508624446,-32.9024709782,2,"0",0.0859023207481815
11440,"Paraiso","Alto (> 8 mts)",140,"Grande",-68.8507820212,-32.9024709472,2,"0",0.0859023207481815
11442,"Fresno europeo","Medio (4 - 8 mts)",68,"Grande",-68.8505297825,-32.9024839792,2,"0",0.0420032310177706
11446,"Paraiso","Alto (> 8 mts)",104,"Grande",-68.8517965484,-32.9028724374,2,"0",0.0859023207481815
11449,"Paraiso","Alto (> 8 mts)",108,"Grande",-68.8517509585,-32.9026529608,2,"1",0.0859023207481815
11450,"Paraiso","Alto (> 8 mts)",170,"Grande",-68.8433745932,-32.8636549764,4,"0",0.0859023207481815
11453,"Acer","Alto (> 8 mts)",270,"Grande",-68.8437536154,-32.8636721569,4,"0",0.0204081632653061
11454,"Acer","Medio (4 - 8 mts)",80,"Grande",-68.8438048349,-32.8635906129,4,"0",0.0204081632653061
11464,"Morera","Bajo (2 - 4 mts)",3,"Chico",-68.8434939458,-32.8628359779,4,"0",0.185148665048544
11465,"Paraiso","Alto (> 8 mts)",73,"Grande",-68.8434610151,-32.8628350052,4,"0",0.0859023207481815
11467,"Paraiso","Alto (> 8 mts)",214,"Grande",-68.8433640018,-32.8628363265,4,"0",0.0859023207481815
11470,"Fresno europeo","Alto (> 8 mts)",63,"Grande",-68.8431204602,-32.8627491493,4,"0",0.0420032310177706
11475,"Fresno americano","Medio (4 - 8 mts)",75,"Grande",-68.8437826165,-32.8627731523,4,"0",0.0512455516014235
11477,"Fresno europeo","Alto (> 8 mts)",110,"Grande",-68.8438167098,-32.8625899316,4,"1",0.0420032310177706
11479,"Acer","Alto (> 8 mts)",140,"Grande",-68.8436343065,-32.8625757762,4,"0",0.0204081632653061
11480,"Acer","Alto (> 8 mts)",156,"Grande",-68.8435884634,-32.8625722185,4,"0",0.0204081632653061
11482,"Morera","Alto (> 8 mts)",160,"Grande",-68.8435067858,-32.8625658802,4,"1",0.185148665048544
11488,"Fresno europeo","Muy bajo (1 - 2 mts)",8,"Chico",-68.8538982839,-32.8654063918,6,"0",0.0420032310177706
11493,"Morera","Alto (> 8 mts)",170,"Grande",-68.8537470131,-32.8651139982,6,"0",0.185148665048544
11496,"lamo criollo","Alto (> 8 mts)",250,"Grande",-68.8538087203,-32.8662764059,6,"0",0.0128205128205128
11503,"Paraiso","Alto (> 8 mts)",180,"Grande",-68.8533826392,-32.8665046998,6,"0",0.0859023207481815
11504,"Paraiso","Alto (> 8 mts)",195,"Grande",-68.853200712,-32.8664954118,6,"1",0.0859023207481815
11505,"Morera","Alto (> 8 mts)",220,"Grande",-68.8531469137,-32.8664907635,6,"1",0.185148665048544
11512,"Paraiso","Alto (> 8 mts)",185,"Grande",-68.8527638137,-32.8663859988,6,"0",0.0859023207481815
11513,"Olmo comun","Alto (> 8 mts)",99,"Grande",-68.8527651798,-32.8663675202,6,"0",0.0227272727272727
11515,"Paraiso","Alto (> 8 mts)",180,"Grande",-68.8527748464,-32.8662276399,6,"0",0.0859023207481815
11518,"Paraiso","Alto (> 8 mts)",245,"Grande",-68.8531514356,-32.8662170332,6,"0",0.0859023207481815
11520,"Fresno europeo","Medio (4 - 8 mts)",180,"Grande",-68.8533035968,-32.8662287723,6,"0",0.0420032310177706
11523,"Fresno europeo","Alto (> 8 mts)",60,"Mediano",-68.8536997011,-32.8661882045,6,"0",0.0420032310177706
11524,"Fresno europeo","Alto (> 8 mts)",70,"Grande",-68.8536071379,-32.8661802894,6,"0",0.0420032310177706
11528,"Fresno europeo","Medio (4 - 8 mts)",43,"Mediano",-68.8532368748,-32.8661541004,6,"0",0.0420032310177706
11531,"Fresno europeo","Muy bajo (1 - 2 mts)",5,"Chico",-68.852932226,-32.866133111,6,"0",0.0420032310177706
11532,"Morera","Alto (> 8 mts)",150,"Grande",-68.8527854391,-32.8660380836,6,"0",0.185148665048544
11535,"Morera","Medio (4 - 8 mts)",100,"Grande",-68.8528157329,-32.8658309097,6,"0",0.185148665048544
11536,"Morera","Alto (> 8 mts)",170,"Grande",-68.8528259364,-32.8657255216,6,"0",0.185148665048544
11539,"Morera","Alto (> 8 mts)",150,"Grande",-68.8530276417,-32.8656203777,6,"0",0.185148665048544
11543,"Morera","Alto (> 8 mts)",150,"Grande",-68.853470115,-32.8656477672,6,"0",0.185148665048544
11544,"Morera","Alto (> 8 mts)",170,"Grande",-68.8535957199,-32.865655255,6,"0",0.185148665048544
11546,"Fresno europeo","Alto (> 8 mts)",85,"Grande",-68.8537669618,-32.8656641025,6,"0",0.0420032310177706
11550,"Morera","Medio (4 - 8 mts)",45,"Mediano",-68.8538419763,-32.8660421862,6,"0",0.185148665048544
11557,"Paraiso","Alto (> 8 mts)",160,"Grande",-68.8523749649,-32.8677975995,6,"0",0.0859023207481815
11559,"Paraiso","Medio (4 - 8 mts)",165,"Grande",-68.8522477279,-32.8677874404,6,"0",0.0859023207481815
11562,"Paraiso","Bajo (2 - 4 mts)",90,"Grande",-68.8520123622,-32.8677775141,6,"0",0.0859023207481815
11563,"Paraiso","Medio (4 - 8 mts)",94,"Grande",-68.8519029783,-32.8677615148,6,"0",0.0859023207481815
11567,"Paraiso","Bajo (2 - 4 mts)",80,"Grande",-68.8518067425,-32.867549232,6,"0",0.0859023207481815
11569,"Paraiso","Medio (4 - 8 mts)",144,"Grande",-68.8518145155,-32.8674367999,6,"0",0.0859023207481815
11574,"Paraiso","Medio (4 - 8 mts)",146,"Grande",-68.8518335174,-32.8671255573,6,"0",0.0859023207481815
11578,"Paraiso","Medio (4 - 8 mts)",137,"Grande",-68.8518599306,-32.8668550801,6,"0",0.0859023207481815
11579,"Paraiso","Medio (4 - 8 mts)",172,"Grande",-68.8518676166,-32.8667949461,6,"0",0.0859023207481815
11581,"Acer","Medio (4 - 8 mts)",157,"Grande",-68.8518752552,-32.8666990148,6,"0",0.0204081632653061
11584,"Paraiso","Medio (4 - 8 mts)",170,"Grande",-68.8520847947,-32.8665602214,6,"0",0.0859023207481815
11587,"Paraiso","Medio (4 - 8 mts)",154,"Grande",-68.8522815769,-32.8665757827,6,"0",0.0859023207481815
11588,"Fresno europeo","Muy bajo (1 - 2 mts)",0.1,"Chico",-68.8523557211,-32.866579477,6,"0",0.0420032310177706
11589,"Fresno europeo","Medio (4 - 8 mts)",110,"Grande",-68.8524008006,-32.8665848502,6,"0",0.0420032310177706
11590,"Paraiso","Medio (4 - 8 mts)",148,"Grande",-68.8524395794,-32.8665884126,6,"0",0.0859023207481815
11591,"Paraiso","Medio (4 - 8 mts)",134,"Grande",-68.8525377574,-32.8665958321,6,"0",0.0859023207481815
11596,"Paraiso","Medio (4 - 8 mts)",6,"Chico",-68.8525565554,-32.8669227187,6,"0",0.0859023207481815
11597,"Paraiso","Medio (4 - 8 mts)",119,"Grande",-68.8525476967,-32.8669815889,6,"0",0.0859023207481815
11602,"Paraiso","Medio (4 - 8 mts)",144,"Grande",-68.8525321182,-32.8672271923,6,"0",0.0859023207481815
11603,"Paraiso","Medio (4 - 8 mts)",134,"Grande",-68.852532446,-32.8672873357,6,"0",0.0859023207481815
11604,"Paraiso","Bajo (2 - 4 mts)",150,"Grande",-68.8525262674,-32.8673407088,6,"0",0.0859023207481815
11605,"Paraiso","Medio (4 - 8 mts)",140,"Grande",-68.8525212685,-32.8673914683,6,"0",0.0859023207481815
11608,"Ligustro","Medio (4 - 8 mts)",37,"Mediano",-68.8494580992,-32.867500115,6,"0",0.0138888888888889
11612,"Morera","Alto (> 8 mts)",200,"Grande",-68.8495102528,-32.8668719588,6,"0",0.185148665048544
11614,"Morera","Alto (> 8 mts)",110,"Grande",-68.849517981,-32.8667706915,6,"1",0.185148665048544
11625,"Morera","Alto (> 8 mts)",115,"Grande",-68.8500935107,-32.8664445081,6,"0",0.185148665048544
11629,"Morera","Alto (> 8 mts)",70,"Grande",-68.8502211016,-32.8666241884,6,"0",0.185148665048544
11640,"Morera","Alto (> 8 mts)",193,"Grande",-68.8501379754,-32.8675890214,6,"1",0.185148665048544
11645,"Paraiso","Alto (> 8 mts)",183,"Grande",-68.8501099917,-32.8678892234,6,"1",0.0859023207481815
11649,"Morera","Alto (> 8 mts)",142,"Grande",-68.8500911103,-32.8680731303,6,"1",0.185148665048544
11650,"Morera","Alto (> 8 mts)",170,"Grande",-68.8500879091,-32.868102409,6,"1",0.185148665048544
11655,"Paraiso","Alto (> 8 mts)",136,"Grande",-68.8500620723,-32.8683704456,6,"0",0.0859023207481815
11660,"Morera","Alto (> 8 mts)",98,"Grande",-68.8498745043,-32.8687162568,6,"0",0.185148665048544
11665,"Morera","Alto (> 8 mts)",92,"Grande",-68.8495233201,-32.868693252,6,"0",0.185148665048544
11666,"Paraiso","Alto (> 8 mts)",180,"Grande",-68.8493595316,-32.8686307775,6,"0",0.0859023207481815
11667,"Paraiso","Alto (> 8 mts)",148,"Grande",-68.8493651968,-32.868566223,6,"0",0.0859023207481815
11669,"Paraiso sombrilla","Medio (4 - 8 mts)",60,"Mediano",-68.849382435,-32.8683655662,6,"0",0.022887323943662
11670,"Fresno americano","Bajo (2 - 4 mts)",25,"Mediano",-68.8493884981,-32.8683082762,6,"0",0.0512455516014235
11671,"Morera","Alto (> 8 mts)",145,"Grande",-68.8493938781,-32.8682702176,6,"0",0.185148665048544
11683,"Paraiso","Alto (> 8 mts)",145,"Grande",-68.8499457876,-32.8678052014,6,"0",0.0859023207481815
11684,"Paraiso","Alto (> 8 mts)",190,"Grande",-68.850050831,-32.8678117565,6,"0",0.0859023207481815
11686,"Morera","Medio (4 - 8 mts)",90,"Grande",-68.8503393407,-32.8678287409,6,"0",0.185148665048544
11687,"Fresno europeo","Alto (> 8 mts)",150,"Grande",-68.8503878506,-32.8678315347,6,"0",0.0420032310177706
11688,"Morera","Medio (4 - 8 mts)",140,"Grande",-68.8504347384,-32.8678350596,6,"0",0.185148665048544
11692,"Morera","Medio (4 - 8 mts)",50,"Mediano",-68.8507269785,-32.8678512262,6,"0",0.185148665048544
11695,"Morera","Alto (> 8 mts)",180,"Grande",-68.8509106131,-32.8679431358,6,"0",0.185148665048544
11696,"Morera","Alto (> 8 mts)",163,"Grande",-68.8508985054,-32.8680842105,6,"0",0.185148665048544
11702,"Morera","Alto (> 8 mts)",160,"Grande",-68.8508646208,-32.8685120459,6,"0",0.185148665048544
11703,"Acer","Medio (4 - 8 mts)",62,"Grande",-68.8508511336,-32.868626279,6,"0",0.0204081632653061
11704,"Morera","Alto (> 8 mts)",130,"Grande",-68.8508459378,-32.8686918738,6,"0",0.185148665048544
11707,"Morera","Alto (> 8 mts)",157,"Grande",-68.8505290028,-32.8687589721,6,"1",0.185148665048544
11711,"Morera","Medio (4 - 8 mts)",65,"Grande",-68.850298223,-32.8687437965,6,"0",0.185148665048544
11713,"Morera","Alto (> 8 mts)",130,"Grande",-68.8501593291,-32.8685213282,6,"0",0.185148665048544
11717,"Morera","Alto (> 8 mts)",145,"Grande",-68.8501884041,-32.8681961515,6,"1",0.185148665048544
11718,"Morera","Alto (> 8 mts)",126,"Grande",-68.8502004239,-32.8681004654,6,"0",0.185148665048544
11719,"Morera","Medio (4 - 8 mts)",116,"Grande",-68.8502109049,-32.8679928291,6,"0",0.185148665048544
11722,"Morera","Medio (4 - 8 mts)",132,"Grande",-68.8505036321,-32.8664715159,6,"0",0.185148665048544
11723,"Morera","Medio (4 - 8 mts)",165,"Grande",-68.850755175,-32.8664895237,6,"0",0.185148665048544
11726,"Morera","Medio (4 - 8 mts)",135,"Grande",-68.851012612,-32.8665693096,6,"0",0.185148665048544
11734,"Fresno europeo","Medio (4 - 8 mts)",102,"Grande",-68.8509628501,-32.8672157277,6,"0",0.0420032310177706
11736,"Acer","Medio (4 - 8 mts)",198,"Grande",-68.8509454318,-32.8674356538,6,"0",0.0204081632653061
11739,"Fresno europeo","Medio (4 - 8 mts)",50,"Mediano",-68.8508139662,-32.867678374,6,"0",0.0420032310177706
11741,"Morera","Medio (4 - 8 mts)",100,"Grande",-68.8504883961,-32.8676589848,6,"0",0.185148665048544
11744,"Morera","Medio (4 - 8 mts)",132,"Grande",-68.8503115869,-32.867648394,6,"0",0.185148665048544
11750,"Morera","Alto (> 8 mts)",175,"Grande",-68.8502766576,-32.8671265594,6,"0",0.185148665048544
11754,"Morera","Medio (4 - 8 mts)",105,"Grande",-68.8503149942,-32.8667064839,6,"0",0.185148665048544
11761,"Morera","Alto (> 8 mts)",120,"Grande",-68.8517064836,-32.8665407189,6,"0",0.185148665048544
11767,"Morera","Medio (4 - 8 mts)",120,"Grande",-68.8491007933,-32.86412205,6,"0",0.185148665048544
11771,"Morera","Alto (> 8 mts)",124,"Grande",-68.8490760064,-32.864439718,6,"0",0.185148665048544
11772,"Morera","Alto (> 8 mts)",190,"Grande",-68.8490134671,-32.8645244019,6,"1",0.185148665048544
11773,"Fresno europeo","Alto (> 8 mts)",50,"Mediano",-68.8488892428,-32.864511098,6,"0",0.0420032310177706
11774,"Morera","Alto (> 8 mts)",130,"Grande",-68.8487877498,-32.8645005951,6,"1",0.185148665048544
11777,"Morera","Alto (> 8 mts)",170,"Grande",-68.8486727617,-32.8643415521,6,"0",0.185148665048544
11779,"Morera","Alto (> 8 mts)",120,"Grande",-68.8486905496,-32.8641705472,6,"0",0.185148665048544
11784,"Morera","Alto (> 8 mts)",180,"Grande",-68.8487097941,-32.8639665665,6,"0",0.185148665048544
11788,"Paraiso","Alto (> 8 mts)",220,"Grande",-68.8487325134,-32.8636817889,6,"0",0.0859023207481815
11793,"Paraiso","Alto (> 8 mts)",127,"Grande",-68.8511133614,-32.865049286,6,"0",0.0859023207481815
11794,"Paraiso","Alto (> 8 mts)",146,"Grande",-68.8511253014,-32.864994112,6,"0",0.0859023207481815
11795,"Paraiso","Alto (> 8 mts)",188,"Grande",-68.8511238547,-32.8649570578,6,"0",0.0859023207481815
11796,"Paraiso","Alto (> 8 mts)",125,"Grande",-68.8511274483,-32.8649120197,6,"0",0.0859023207481815
11800,"Morera","Bajo (2 - 4 mts)",34,"Mediano",-68.850857567,-32.8648071575,6,"0",0.185148665048544
11801,"Olmo bola","Medio (4 - 8 mts)",50,"Mediano",-68.8508083501,-32.8648026066,6,"0",0.0231481481481481
11807,"Morera","Alto (> 8 mts)",180,"Grande",-68.8505028705,-32.8649092596,6,"0",0.185148665048544
11809,"Paraiso","Alto (> 8 mts)",140,"Grande",-68.8504888677,-32.8650213245,6,"0",0.0859023207481815
11810,"Paraiso","Alto (> 8 mts)",145,"Grande",-68.8504900565,-32.8650585019,6,"0",0.0859023207481815
11812,"Morera","Alto (> 8 mts)",250,"Grande",-68.8504775349,-32.8652021865,6,"0",0.185148665048544
11816,"Olmo comun","Alto (> 8 mts)",160,"Grande",-68.8496069523,-32.8661526468,6,"0",0.0227272727272727
11826,"Morera","Alto (> 8 mts)",140,"Grande",-68.8496642633,-32.8654777437,6,"0",0.185148665048544
11827,"Morera","Medio (4 - 8 mts)",144,"Grande",-68.849667248,-32.8654425965,6,"0",0.185148665048544
11828,"Palo borracho","Medio (4 - 8 mts)",160,"Grande",-68.8496716563,-32.865390693,6,"0",0
11830,"Fresno europeo","Bajo (2 - 4 mts)",36,"Mediano",-68.8496817472,-32.8652718554,6,"0",0.0420032310177706
11834,"Morera","Alto (> 8 mts)",140,"Grande",-68.8496986514,-32.8650644417,6,"1",0.185148665048544
11835,"Morera","Alto (> 8 mts)",144,"Grande",-68.8497029229,-32.8650176001,6,"0",0.185148665048544
11841,"Paraiso","Alto (> 8 mts)",170,"Grande",-68.8497243607,-32.8647700294,6,"0",0.0859023207481815
11845,"Paraiso","Medio (4 - 8 mts)",166,"Grande",-68.8500152886,-32.864737757,6,"0",0.0859023207481815
11846,"Paraiso","Medio (4 - 8 mts)",180,"Grande",-68.8501174133,-32.8647445113,6,"0",0.0859023207481815
11848,"Paraiso","Alto (> 8 mts)",120,"Grande",-68.8502476564,-32.8647560404,6,"0",0.0859023207481815
11849,"Paraiso","Alto (> 8 mts)",160,"Grande",-68.8502817992,-32.8647590622,6,"0",0.0859023207481815
11850,"Paraiso","Medio (4 - 8 mts)",120,"Grande",-68.8503251268,-32.8647624431,6,"0",0.0859023207481815
11856,"Morera","Alto (> 8 mts)",240,"Grande",-68.8503289897,-32.865026099,6,"0",0.185148665048544
11859,"Paraiso","Alto (> 8 mts)",142,"Grande",-68.8503051689,-32.8652424439,6,"0",0.0859023207481815
11866,"Paraiso","Alto (> 8 mts)",154,"Grande",-68.8502812824,-32.8655226108,6,"0",0.0859023207481815
11870,"Morera","Alto (> 8 mts)",220,"Grande",-68.8502500615,-32.8659079264,6,"0",0.185148665048544
11873,"Paraiso","Medio (4 - 8 mts)",136,"Grande",-68.8502276691,-32.8661514267,6,"0",0.0859023207481815
11874,"Paraiso","Medio (4 - 8 mts)",150,"Grande",-68.8502229889,-32.866206319,6,"0",0.0859023207481815
11878,"Morera","Medio (4 - 8 mts)",106,"Grande",-68.8499779589,-32.8663013247,6,"0",0.185148665048544
11884,"Paraiso","Medio (4 - 8 mts)",127,"Grande",-68.8510803408,-32.8653764692,6,"0",0.0859023207481815
11885,"Paraiso","Alto (> 8 mts)",170,"Grande",-68.8510784789,-32.8654286292,6,"0",0.0859023207481815
11886,"Paraiso","Alto (> 8 mts)",80,"Grande",-68.8510718771,-32.8655091995,6,"0",0.0859023207481815
11890,"Paraiso","Alto (> 8 mts)",176,"Grande",-68.8510480602,-32.8658181271,6,"0",0.0859023207481815
11891,"Morera","Alto (> 8 mts)",230,"Grande",-68.8510425843,-32.8658853049,6,"0",0.185148665048544
11892,"Morera","Alto (> 8 mts)",120,"Grande",-68.8510393763,-32.865928486,6,"0",0.185148665048544
11894,"Paraiso","Alto (> 8 mts)",128,"Grande",-68.8510274555,-32.8660512881,6,"0",0.0859023207481815
11898,"Paraiso","Alto (> 8 mts)",146,"Grande",-68.850899145,-32.8663535349,6,"1",0.0859023207481815
11899,"Paraiso","Alto (> 8 mts)",140,"Grande",-68.8508578911,-32.8663510899,6,"0",0.0859023207481815
11902,"Paraiso","Alto (> 8 mts)",190,"Grande",-68.8506739344,-32.8663373081,6,"0",0.0859023207481815
11905,"Paraiso","Medio (4 - 8 mts)",150,"Grande",-68.8505050692,-32.8663301084,6,"0",0.0859023207481815
11906,"Paraiso","Medio (4 - 8 mts)",160,"Grande",-68.8504457339,-32.8663271286,6,"0",0.0859023207481815
11907,"Paraiso","Medio (4 - 8 mts)",170,"Grande",-68.8503886814,-32.8662391244,6,"0",0.0859023207481815
11908,"Paraiso","Alto (> 8 mts)",180,"Grande",-68.8503930328,-32.8661884516,6,"0",0.0859023207481815
11914,"Morera","Alto (> 8 mts)",142,"Grande",-68.8513037499,-32.8665162233,6,"0",0.185148665048544
11916,"Morera","Alto (> 8 mts)",142,"Grande",-68.8511097047,-32.8665918611,6,"0",0.185148665048544
11918,"Morera","Medio (4 - 8 mts)",120,"Grande",-68.8510865947,-32.8668856555,6,"0",0.185148665048544
11920,"Morera","Bajo (2 - 4 mts)",150,"Grande",-68.8510779549,-32.8669932003,6,"0",0.185148665048544
11922,"Morera","Bajo (2 - 4 mts)",90,"Grande",-68.8510638986,-32.8671586283,6,"0",0.185148665048544
11928,"Morera","Medio (4 - 8 mts)",200,"Grande",-68.8510337363,-32.8675215093,6,"0",0.185148665048544
11932,"Conifera","Alto (> 8 mts)",66,"Grande",-68.8511472399,-32.8676921495,6,"0",0.021505376344086
11934,"Conifera","Medio (4 - 8 mts)",86,"Grande",-68.8512690353,-32.8676995259,6,"0",0.021505376344086
11938,"Fresno americano","Bajo (2 - 4 mts)",88,"Grande",-68.8515822711,-32.8677172168,6,"0",0.0512455516014235
11939,"Fresno europeo","Medio (4 - 8 mts)",86,"Grande",-68.8516207534,-32.8677193904,6,"0",0.0420032310177706
11941,"Morera","Medio (4 - 8 mts)",111,"Grande",-68.851686583,-32.8676195283,6,"0",0.185148665048544
11943,"Morera","Medio (4 - 8 mts)",62,"Grande",-68.8516953239,-32.8675169203,6,"0",0.185148665048544
11944,"Morera","Medio (4 - 8 mts)",87,"Grande",-68.8516982859,-32.86748215,6,"0",0.185148665048544
11948,"Fresno europeo","Muy bajo (1 - 2 mts)",33,"Mediano",-68.8517180311,-32.8672503296,6,"0",0.0420032310177706
11949,"Morera","Medio (4 - 8 mts)",190,"Grande",-68.8517228107,-32.8671942047,6,"0",0.185148665048544
11951,"Morera","Medio (4 - 8 mts)",95,"Grande",-68.8517321466,-32.8670845895,6,"0",0.185148665048544
11955,"Morera","Medio (4 - 8 mts)",88,"Grande",-68.8516471556,-32.868038032,6,"0",0.185148665048544
11956,"Acer","Bajo (2 - 4 mts)",70,"Grande",-68.8516422685,-32.8680854554,6,"0",0.0204081632653061
11958,"Morera","Medio (4 - 8 mts)",65,"Grande",-68.8516347593,-32.8681675909,6,"0",0.185148665048544
11959,"Morera","Medio (4 - 8 mts)",205,"Grande",-68.8516259657,-32.8682510774,6,"0",0.185148665048544
11960,"Fresno americano","Bajo (2 - 4 mts)",52,"Mediano",-68.8516202426,-32.8682872286,6,"0",0.0512455516014235
11963,"Fresno europeo","Medio (4 - 8 mts)",100,"Grande",-68.851607192,-32.8684247215,6,"0",0.0420032310177706
11964,"Fresno europeo","Alto (> 8 mts)",12,"Chico",-68.8516026255,-32.8684721453,6,"0",0.0420032310177706
11966,"Morera","Medio (4 - 8 mts)",148,"Grande",-68.8515960534,-32.86863309,6,"0",0.185148665048544
11969,"Morera","Medio (4 - 8 mts)",134,"Grande",-68.8515308628,-32.8688119224,6,"0",0.185148665048544
11973,"Morera","Medio (4 - 8 mts)",126,"Grande",-68.8511994843,-32.8687925705,6,"0",0.185148665048544
11976,"Morera","Medio (4 - 8 mts)",107,"Grande",-68.8509415204,-32.8686157711,6,"0",0.185148665048544
11979,"Acer","Bajo (2 - 4 mts)",18,"Chico",-68.8509739722,-32.8682598207,6,"0",0.0204081632653061
11980,"Morera","Bajo (2 - 4 mts)",12,"Chico",-68.8509842263,-32.868147406,6,"0",0.185148665048544
11982,"Morera","Medio (4 - 8 mts)",170,"Grande",-68.8509974583,-32.8680023327,6,"0",0.185148665048544
11984,"Olmo bola","Medio (4 - 8 mts)",92,"Grande",-68.8510072616,-32.8678917164,6,"0",0.0231481481481481
11988,"Paraiso","Alto (> 8 mts)",213,"Grande",-68.8513638586,-32.8678893651,6,"0",0.0859023207481815
11991,"Paraiso","Alto (> 8 mts)",134,"Grande",-68.8523674859,-32.8679264428,6,"0",0.0859023207481815
11995,"Paraiso","Medio (4 - 8 mts)",162,"Grande",-68.8524465552,-32.8681181463,6,"0",0.0859023207481815
11998,"Paraiso","Alto (> 8 mts)",151,"Grande",-68.8524316431,-32.8682836798,6,"0",0.0859023207481815
12009,"Morera","Bajo (2 - 4 mts)",80,"Grande",-68.8530757787,-32.8671659306,6,"0",0.185148665048544
12012,"Morera","Medio (4 - 8 mts)",90,"Grande",-68.8527204646,-32.8671423915,6,"0",0.185148665048544
12017,"Paraiso","Medio (4 - 8 mts)",134,"Grande",-68.8527134737,-32.8668301858,6,"0",0.0859023207481815
12020,"Paraiso","Medio (4 - 8 mts)",153,"Grande",-68.8527316507,-32.8666585858,6,"0",0.0859023207481815
12023,"Morera","Medio (4 - 8 mts)",135,"Grande",-68.8532872232,-32.8671792019,6,"0",0.185148665048544
12024,"Morera","Medio (4 - 8 mts)",135,"Grande",-68.8530237572,-32.8666183152,6,"0",0.185148665048544
12028,"Morera","Alto (> 8 mts)",144,"Grande",-68.8532234802,-32.866629874,6,"1",0.185148665048544
12029,"Paraiso","Alto (> 8 mts)",134,"Grande",-68.8532638609,-32.8666338934,6,"0",0.0859023207481815
12031,"Morera","Alto (> 8 mts)",190,"Grande",-68.8533958548,-32.8666430146,6,"0",0.185148665048544
12032,"Morera","Medio (4 - 8 mts)",107,"Grande",-68.853457784,-32.8666470816,6,"0",0.185148665048544
12036,"Fresno europeo","Medio (4 - 8 mts)",113,"Grande",-68.8536402639,-32.8666589722,6,"0",0.0420032310177706
12037,"Fresno europeo","Medio (4 - 8 mts)",92,"Grande",-68.8536842022,-32.8666619514,6,"0",0.0420032310177706
12038,"Fresno europeo","Medio (4 - 8 mts)",93,"Grande",-68.8537196741,-32.8666642814,6,"0",0.0420032310177706
12039,"Fresno europeo","Bajo (2 - 4 mts)",82,"Grande",-68.8537673822,-32.8666930769,6,"0",0.0420032310177706
12041,"Morera","Medio (4 - 8 mts)",140,"Grande",-68.8537589184,-32.8667904627,6,"0",0.185148665048544
12042,"Morera","Medio (4 - 8 mts)",147,"Grande",-68.85375102,-32.8668980636,6,"0",0.185148665048544
12043,"Morera","Bajo (2 - 4 mts)",66,"Grande",-68.8537410959,-32.8669568398,6,"0",0.185148665048544
12044,"Morera","Bajo (2 - 4 mts)",64,"Grande",-68.8537238581,-32.8671172275,6,"0",0.185148665048544
12045,"Morera","Bajo (2 - 4 mts)",56,"Mediano",-68.8537209058,-32.8671531693,6,"0",0.185148665048544
12048,"Morera","Medio (4 - 8 mts)",81,"Grande",-68.8534469172,-32.8671905169,6,"0",0.185148665048544
12052,"Fresno europeo","Bajo (2 - 4 mts)",81,"Grande",-68.8528749329,-32.8677242134,6,"0",0.0420032310177706
12053,"Morera","Bajo (2 - 4 mts)",48,"Mediano",-68.8526482717,-32.867648005,6,"0",0.185148665048544
12057,"Morera","Bajo (2 - 4 mts)",53,"Mediano",-68.852677766,-32.867331038,6,"0",0.185148665048544
12058,"Morera","Bajo (2 - 4 mts)",76,"Grande",-68.8527732626,-32.8672236639,6,"0",0.185148665048544
12060,"Morera","Medio (4 - 8 mts)",136,"Grande",-68.8529801467,-32.8672384173,6,"0",0.185148665048544
12064,"Morera","Medio (4 - 8 mts)",161,"Grande",-68.8535298342,-32.8672733346,6,"0",0.185148665048544
12066,"Paraiso sombrilla","Bajo (2 - 4 mts)",102,"Grande",-68.8536721947,-32.867584613,6,"0",0.022887323943662
12069,"Paraiso sombrilla","Medio (4 - 8 mts)",108,"Grande",-68.853012204,-32.8683015974,6,"0",0.022887323943662
12073,"Morera","Bajo (2 - 4 mts)",73,"Grande",-68.8528474397,-32.8677996529,6,"0",0.185148665048544
12075,"Paraiso","Medio (4 - 8 mts)",111,"Grande",-68.8531902327,-32.8678233564,6,"0",0.0859023207481815
12077,"Paraiso","Bajo (2 - 4 mts)",0.36,"Chico",-68.8534115493,-32.8678359655,6,"0",0.0859023207481815
12078,"Fresno europeo","Muy bajo (1 - 2 mts)",2,"Chico",-68.8535222993,-32.8678421131,6,"0",0.0420032310177706
12088,"Morera","Medio (4 - 8 mts)",134,"Grande",-68.8525460365,-32.868706513,6,"1",0.185148665048544
12089,"Morera","Medio (4 - 8 mts)",126,"Grande",-68.8525579945,-32.868606017,6,"1",0.185148665048544
12090,"Morera","Bajo (2 - 4 mts)",10,"Chico",-68.8525626091,-32.8685117998,6,"0",0.185148665048544
12091,"Morera","Medio (4 - 8 mts)",108,"Grande",-68.8525714031,-32.8684243765,6,"1",0.185148665048544
12093,"Fresno europeo","Bajo (2 - 4 mts)",14,"Chico",-68.8527033179,-32.8683723526,6,"0",0.0420032310177706
12097,"Morera","Alto (> 8 mts)",140,"Grande",-68.8534544935,-32.8684098995,6,"0",0.185148665048544
12099,"Prunas","Muy bajo (1 - 2 mts)",68,"Grande",-68.8535828685,-32.8684433702,6,"0",0.0321782178217822
12102,"Morera","Medio (4 - 8 mts)",104,"Grande",-68.8535761277,-32.8685798085,6,"0",0.185148665048544
12107,"Morera","Bajo (2 - 4 mts)",30,"Mediano",-68.848121497,-32.8686115956,6,"0",0.185148665048544
12109,"Morera","Medio (4 - 8 mts)",90,"Grande",-68.8479353968,-32.8685998053,6,"0",0.185148665048544
12112,"Morera","Medio (4 - 8 mts)",92,"Grande",-68.8476151781,-32.8685765983,6,"1",0.185148665048544
12114,"Paraiso","Alto (> 8 mts)",120,"Grande",-68.8475213291,-32.8684778638,6,"0",0.0859023207481815
12115,"Morera","Medio (4 - 8 mts)",25,"Mediano",-68.8475272158,-32.8684064143,6,"0",0.185148665048544
12116,"Paraiso","Alto (> 8 mts)",110,"Grande",-68.847526321,-32.8683673699,6,"0",0.0859023207481815
12117,"Paraiso","Alto (> 8 mts)",220,"Grande",-68.8475328939,-32.8683394713,6,"0",0.0859023207481815
12121,"Paraiso","Alto (> 8 mts)",148,"Grande",-68.8475590741,-32.8679919098,6,"0",0.0859023207481815
12123,"Paraiso","Alto (> 8 mts)",130,"Grande",-68.8475734451,-32.8678912423,6,"0",0.0859023207481815
12124,"Paraiso","Alto (> 8 mts)",135,"Grande",-68.8475809846,-32.8677954825,6,"0",0.0859023207481815
12125,"Fresno europeo","Alto (> 8 mts)",55,"Mediano",-68.8475856639,-32.8677433017,6,"0",0.0420032310177706
12129,"Paraiso","Alto (> 8 mts)",130,"Grande",-68.8477950617,-32.8676865885,6,"0",0.0859023207481815
12130,"Paraiso","Alto (> 8 mts)",150,"Grande",-68.847935579,-32.8676929874,6,"0",0.0859023207481815
12131,"Paraiso","Alto (> 8 mts)",160,"Grande",-68.8480504347,-32.8677040329,6,"0",0.0859023207481815
12132,"Paraiso sombrilla","Medio (4 - 8 mts)",40,"Mediano",-68.8480974868,-32.8677044769,6,"0",0.022887323943662
12139,"Morera","Alto (> 8 mts)",175,"Grande",-68.8482187086,-32.868200823,6,"0",0.185148665048544
12141,"Morera","Alto (> 8 mts)",85,"Grande",-68.8482073656,-32.8682629757,6,"0",0.185148665048544
12145,"Morera","Alto (> 8 mts)",95,"Grande",-68.847339582,-32.8685659947,6,"1",0.185148665048544
12146,"Morera","Alto (> 8 mts)",92,"Grande",-68.8472814674,-32.8685624982,6,"1",0.185148665048544
12157,"Paraiso","Alto (> 8 mts)",175,"Grande",-68.8467500712,-32.8680901773,6,"0",0.0859023207481815
12159,"Paraiso","Alto (> 8 mts)",196,"Grande",-68.8467678679,-32.8679178996,6,"1",0.0859023207481815
12161,"Morera","Alto (> 8 mts)",220,"Grande",-68.8467800185,-32.8677184118,6,"0",0.185148665048544
12164,"Tilo","Medio (4 - 8 mts)",48,"Mediano",-68.8470667023,-32.8676321007,6,"0",0
12167,"Morera","Medio (4 - 8 mts)",90,"Grande",-68.8473350685,-32.8676482776,6,"0",0.185148665048544
12168,"Morera","Medio (4 - 8 mts)",120,"Grande",-68.8474148813,-32.8676508249,6,"1",0.185148665048544
12169,"Morera","Alto (> 8 mts)",195,"Grande",-68.8474741247,-32.8677086029,6,"0",0.185148665048544
12173,"Morera","Alto (> 8 mts)",180,"Grande",-68.8474439819,-32.8679834307,6,"1",0.185148665048544
12176,"Morera","Alto (> 8 mts)",183,"Grande",-68.8474300016,-32.8681428531,6,"0",0.185148665048544
12178,"Morera","Medio (4 - 8 mts)",165,"Grande",-68.8474080533,-32.8683679606,6,"0",0.185148665048544
12185,"Paraiso","Alto (> 8 mts)",190,"Grande",-68.8461171235,-32.8683063543,6,"0",0.0859023207481815
12192,"Paraiso","Alto (> 8 mts)",180,"Grande",-68.8461075389,-32.8677721858,6,"0",0.0859023207481815
12194,"Paraiso","Alto (> 8 mts)",165,"Grande",-68.8461572191,-32.867582836,4,"0",0.0859023207481815
12199,"Ligustro","Alto (> 8 mts)",87,"Grande",-68.8465591013,-32.8676043219,6,"0",0.0138888888888889
12201,"Paraiso","Alto (> 8 mts)",195,"Grande",-68.8466446124,-32.8676085998,6,"0",0.0859023207481815
12203,"Paraiso","Alto (> 8 mts)",150,"Grande",-68.8466646138,-32.8677285092,6,"0",0.0859023207481815
12204,"Paraiso","Medio (4 - 8 mts)",130,"Grande",-68.8466633084,-32.8677935522,6,"0",0.0859023207481815
12205,"Paraiso","Alto (> 8 mts)",140,"Grande",-68.8466575844,-32.867829072,6,"0",0.0859023207481815
12208,"Paraiso","Alto (> 8 mts)",130,"Grande",-68.8466434256,-32.8679790245,6,"0",0.0859023207481815
12210,"Paraiso","Alto (> 8 mts)",180,"Grande",-68.8466328973,-32.8681041993,6,"0",0.0859023207481815
12213,"Paraiso","Alto (> 8 mts)",83,"Grande",-68.8466149783,-32.868280299,6,"0",0.0859023207481815
12217,"Pltano","Alto (> 8 mts)",260,"Grande",-68.84570637,-32.8684687549,4,"0",0.0903973509933775
12223,"Morera","Alto (> 8 mts)",96,"Grande",-68.8451968527,-32.8682112768,4,"0",0.185148665048544
12224,"Morera","Alto (> 8 mts)",115,"Grande",-68.8452010979,-32.8681767237,4,"0",0.185148665048544
12225,"Morera","Alto (> 8 mts)",95,"Grande",-68.8452075238,-32.8680960534,4,"0",0.185148665048544
12227,"Fresno europeo","Bajo (2 - 4 mts)",18,"Chico",-68.8452356331,-32.8678523971,4,"0",0.0420032310177706
12236,"Morera","Medio (4 - 8 mts)",70,"Grande",-68.8456338963,-32.8672158896,4,"0",0.185148665048544
12240,"Morera","Bajo (2 - 4 mts)",25,"Mediano",-68.8459418353,-32.8672383598,4,"0",0.185148665048544
12244,"Fresno europeo","Bajo (2 - 4 mts)",12,"Chico",-68.8459860891,-32.8674581005,4,"0",0.0420032310177706
12245,"Paraiso","Alto (> 8 mts)",190,"Grande",-68.8459824316,-32.8675521527,4,"0",0.0859023207481815
12249,"Prunas","Bajo (2 - 4 mts)",55,"Mediano",-68.8459825753,-32.8677582758,4,"0",0.0321782178217822
12250,"Paraiso","Alto (> 8 mts)",180,"Grande",-68.8459819455,-32.86782594,4,"0",0.0859023207481815
12252,"Paraiso","Alto (> 8 mts)",145,"Grande",-68.8459811288,-32.8679565846,4,"0",0.0859023207481815
12258,"Morera","Alto (> 8 mts)",5,"Chico",-68.8459968314,-32.8683056013,6,"0",0.185148665048544
12261,"Morera","Alto (> 8 mts)",64,"Grande",-68.8450683367,-32.8682092584,4,"0",0.185148665048544
12263,"Morera","Alto (> 8 mts)",150,"Grande",-68.8449079186,-32.868409693,4,"0",0.185148665048544
12265,"Morera","Alto (> 8 mts)",110,"Grande",-68.8447556875,-32.8683985928,4,"1",0.185148665048544
12266,"Morera","Alto (> 8 mts)",190,"Grande",-68.8446364357,-32.8671480051,4,"0",0.185148665048544
12270,"Morera","Alto (> 8 mts)",120,"Grande",-68.845137739,-32.8671771365,4,"1",0.185148665048544
12271,"Morera","Alto (> 8 mts)",180,"Grande",-68.8451789903,-32.8672561967,4,"0",0.185148665048544
12272,"Morera","Alto (> 8 mts)",185,"Grande",-68.8451680907,-32.8673553634,4,"0",0.185148665048544
12273,"Morera","Alto (> 8 mts)",110,"Grande",-68.8451594202,-32.8674426736,4,"1",0.185148665048544
12274,"Morera","Alto (> 8 mts)",180,"Grande",-68.8451546897,-32.8674711785,4,"0",0.185148665048544
12275,"Morera","Alto (> 8 mts)",195,"Grande",-68.8451499955,-32.8675323445,4,"1",0.185148665048544
12277,"Morera","Alto (> 8 mts)",190,"Grande",-68.8451264071,-32.8677179752,4,"1",0.185148665048544
12280,"Paraiso","Alto (> 8 mts)",150,"Grande",-68.8466189103,-32.8674306324,6,"0",0.0859023207481815
12283,"Paraiso","Alto (> 8 mts)",198,"Grande",-68.8463930509,-32.8674116009,6,"0",0.0859023207481815
12286,"Morera","Alto (> 8 mts)",165,"Grande",-68.8461414909,-32.8673480108,4,"1",0.185148665048544
12287,"Morera","Alto (> 8 mts)",150,"Grande",-68.8461469881,-32.8673016037,4,"1",0.185148665048544
12289,"Paraiso","Alto (> 8 mts)",140,"Grande",-68.8461668617,-32.8672240464,4,"0",0.0859023207481815
12295,"Paraiso","Alto (> 8 mts)",220,"Grande",-68.8462743563,-32.8667722896,4,"0",0.0859023207481815
12303,"Paraiso","Alto (> 8 mts)",140,"Grande",-68.8463759775,-32.8663106952,4,"0",0.0859023207481815
12312,"Paraiso","Alto (> 8 mts)",190,"Grande",-68.8467766113,-32.8664757359,6,"0",0.0859023207481815
12316,"Morera","Alto (> 8 mts)",250,"Grande",-68.8467592861,-32.8666418069,6,"0",0.185148665048544
12318,"Paraiso","Alto (> 8 mts)",180,"Grande",-68.8467454405,-32.8667900295,6,"0",0.0859023207481815
12320,"Paraiso","Alto (> 8 mts)",200,"Grande",-68.8467247744,-32.8669963183,6,"0",0.0859023207481815
12322,"Paraiso","Alto (> 8 mts)",195,"Grande",-68.846714387,-32.8671390971,6,"0",0.0859023207481815
12325,"Paraiso","Alto (> 8 mts)",160,"Grande",-68.8467013472,-32.8672920825,6,"0",0.0859023207481815
12328,"Morera","Alto (> 8 mts)",150,"Grande",-68.847237101,-32.8674678091,6,"0",0.185148665048544
12334,"Morera","Alto (> 8 mts)",195,"Grande",-68.8468318026,-32.8671372545,6,"0",0.185148665048544
12335,"Morera","Alto (> 8 mts)",189,"Grande",-68.846840042,-32.8670430762,6,"0",0.185148665048544
12342,"Acer","Bajo (2 - 4 mts)",45,"Mediano",-68.8468885983,-32.8664645901,6,"0",0.0204081632653061
12347,"Morera","Medio (4 - 8 mts)",110,"Grande",-68.847317318,-32.8662723155,6,"1",0.185148665048544
12350,"Olmo bola","Muy bajo (1 - 2 mts)",2,"Chico",-68.8475063246,-32.8662872905,6,"0",0.0231481481481481
12351,"Morera","Alto (> 8 mts)",130,"Grande",-68.8475776411,-32.8663822267,6,"0",0.185148665048544
12353,"Morera","Alto (> 8 mts)",125,"Grande",-68.8475617392,-32.8665591199,6,"0",0.185148665048544
12355,"Morera","Alto (> 8 mts)",95,"Grande",-68.8475537712,-32.8666574842,6,"0",0.185148665048544
12357,"Morera","Alto (> 8 mts)",115,"Grande",-68.8475444151,-32.8667590957,6,"0",0.185148665048544
12361,"Morera","Medio (4 - 8 mts)",65,"Grande",-68.8475260331,-32.8670702473,6,"0",0.185148665048544
12362,"Morera","Medio (4 - 8 mts)",70,"Grande",-68.847519324,-32.8671197421,6,"1",0.185148665048544
12367,"Morera","Alto (> 8 mts)",190,"Grande",-68.8474964331,-32.8673846322,6,"0",0.185148665048544
12370,"Morera","Alto (> 8 mts)",160,"Grande",-68.8479991504,-32.8675150637,6,"0",0.185148665048544
12372,"Paraiso sombrilla","Medio (4 - 8 mts)",55,"Mediano",-68.8477888145,-32.8674976505,6,"0",0.022887323943662
12374,"Morera","Medio (4 - 8 mts)",85,"Grande",-68.8476007602,-32.867432853,6,"0",0.185148665048544
12375,"Morera","Alto (> 8 mts)",87,"Grande",-68.8476046307,-32.8673900615,6,"0",0.185148665048544
12376,"Morera","Alto (> 8 mts)",135,"Grande",-68.8476160061,-32.867284165,6,"1",0.185148665048544
12377,"Morera","Alto (> 8 mts)",130,"Grande",-68.8476177992,-32.8672415486,6,"0",0.185148665048544
12379,"Morera","Alto (> 8 mts)",85,"Grande",-68.8476345109,-32.8670697347,6,"0",0.185148665048544
12380,"Morera","Alto (> 8 mts)",180,"Grande",-68.8476351864,-32.8670358345,6,"0",0.185148665048544
12383,"Morera","Alto (> 8 mts)",90,"Grande",-68.8476568184,-32.8667726615,6,"0",0.185148665048544
12385,"Morera","Alto (> 8 mts)",180,"Grande",-68.847666821,-32.8666809704,6,"0",0.185148665048544
12387,"Morera","Alto (> 8 mts)",146,"Grande",-68.8476823208,-32.8664610722,6,"1",0.185148665048544
12390,"Morera","Alto (> 8 mts)",180,"Grande",-68.8479865421,-32.8663217129,6,"0",0.185148665048544
12391,"Morera","Alto (> 8 mts)",125,"Grande",-68.84803328,-32.8663249256,6,"0",0.185148665048544
12397,"Morera","Alto (> 8 mts)",140,"Grande",-68.8483588831,-32.8666362819,6,"0",0.185148665048544
12398,"Morera","Alto (> 8 mts)",105,"Grande",-68.848351933,-32.8667020972,6,"0",0.185148665048544
12400,"Morera","Alto (> 8 mts)",195,"Grande",-68.8483440312,-32.8668248985,6,"0",0.185148665048544
12402,"Morera","Alto (> 8 mts)",95,"Grande",-68.8483304334,-32.8669671695,6,"0",0.185148665048544
12406,"Morera","Alto (> 8 mts)",90,"Grande",-68.8483088719,-32.8673312478,6,"0",0.185148665048544
12407,"Morera","Alto (> 8 mts)",150,"Grande",-68.8483016787,-32.8674142851,6,"0",0.185148665048544
12408,"Olmo bola","Alto (> 8 mts)",60,"Mediano",-68.8482965381,-32.8674840701,6,"0",0.0231481481481481
12414,"Morera","Alto (> 8 mts)",210,"Grande",-68.8484294287,-32.8671003057,6,"0",0.185148665048544
12418,"Morera","Alto (> 8 mts)",160,"Grande",-68.8484514597,-32.8668681451,6,"0",0.185148665048544
12420,"Morera","Alto (> 8 mts)",197,"Grande",-68.8484717184,-32.8666716398,6,"0",0.185148665048544
12427,"Morera","Alto (> 8 mts)",160,"Grande",-68.8487483517,-32.8663586716,6,"0",0.185148665048544
12431,"Morera","Alto (> 8 mts)",170,"Grande",-68.8489048091,-32.8664867562,6,"0",0.185148665048544
12434,"Morera","Alto (> 8 mts)",210,"Grande",-68.8488956452,-32.8666025759,6,"0",0.185148665048544
12439,"Morera","Alto (> 8 mts)",160,"Grande",-68.8488613456,-32.8669857621,6,"0",0.185148665048544
12442,"Caducifolio","Muy bajo (1 - 2 mts)",15,"Chico",-68.8488411722,-32.8672521029,6,"0",0.0512249443207127
12445,"Morera","Medio (4 - 8 mts)",55,"Mediano",-68.8487266747,-32.8675571503,6,"0",0.185148665048544
12446,"Morera","Medio (4 - 8 mts)",65,"Grande",-68.8486371546,-32.8675510088,6,"0",0.185148665048544
12448,"Morera","Medio (4 - 8 mts)",47,"Mediano",-68.8485413543,-32.8675441662,6,"0",0.185148665048544
12449,"Morera","Alto (> 8 mts)",120,"Grande",-68.8492374392,-32.8675840243,6,"0",0.185148665048544
12451,"Morera","Alto (> 8 mts)",110,"Grande",-68.8491452873,-32.8675805444,6,"0",0.185148665048544
12456,"Morera","Medio (4 - 8 mts)",89,"Grande",-68.8489267189,-32.8673650678,6,"0",0.185148665048544
12459,"Morera","Alto (> 8 mts)",180,"Grande",-68.8489478906,-32.8670787854,6,"0",0.185148665048544
12464,"Morera","Alto (> 8 mts)",190,"Grande",-68.848994949,-32.866558364,6,"1",0.185148665048544
12466,"Fresno europeo","Muy bajo (1 - 2 mts)",2,"Chico",-68.8490000534,-32.8664749327,6,"0",0.0420032310177706
12467,"Fresno europeo","Muy bajo (1 - 2 mts)",2,"Chico",-68.8490031641,-32.8664298517,6,"0",0.0420032310177706
12470,"Morera","Alto (> 8 mts)",105,"Grande",-68.8492024222,-32.8663841714,6,"0",0.185148665048544
12472,"Morera","Alto (> 8 mts)",120,"Grande",-68.8493586083,-32.8663962863,6,"0",0.185148665048544
12476,"Morera","Bajo (2 - 4 mts)",43,"Mediano",-68.8494185248,-32.8665902824,6,"0",0.185148665048544
12479,"Fresno europeo","Bajo (2 - 4 mts)",25,"Mediano",-68.8493910421,-32.8668336988,6,"0",0.0420032310177706
12481,"Prunas","Bajo (2 - 4 mts)",35,"Mediano",-68.849384808,-32.8669535789,6,"0",0.0321782178217822
12484,"Morera","Alto (> 8 mts)",120,"Grande",-68.8493709967,-32.8671820139,6,"1",0.185148665048544
12486,"Paraiso","Alto (> 8 mts)",195,"Grande",-68.8493656991,-32.8672548185,6,"0",0.0859023207481815
12488,"Morera","Medio (4 - 8 mts)",48,"Mediano",-68.8493511178,-32.8674236135,6,"0",0.185148665048544
12490,"Morera","Alto (> 8 mts)",145,"Grande",-68.8493450457,-32.8674880918,6,"0",0.185148665048544
12492,"Fresno americano","Muy bajo (1 - 2 mts)",8,"Chico",-68.8493173154,-32.8678435174,6,"0",0.0512455516014235
12495,"Morera","Medio (4 - 8 mts)",45,"Mediano",-68.8490305383,-32.8677512114,6,"0",0.185148665048544
12496,"Morera","Alto (> 8 mts)",150,"Grande",-68.8489144112,-32.8677444482,6,"0",0.185148665048544
12501,"Fresno europeo","Bajo (2 - 4 mts)",35,"Mediano",-68.8483695601,-32.86776827,6,"0",0.0420032310177706
12502,"Paraiso","Alto (> 8 mts)",115,"Grande",-68.848365634,-32.8678194617,6,"0",0.0859023207481815
12504,"Prunas","Muy bajo (1 - 2 mts)",33,"Mediano",-68.8483560675,-32.8679434485,6,"0",0.0321782178217822
12517,"Prunas","Bajo (2 - 4 mts)",29,"Mediano",-68.8442021249,-32.8632941368,4,"0",0.0321782178217822
12523,"Acer","Medio (4 - 8 mts)",100,"Grande",-68.8439613178,-32.8631707137,4,"0",0.0204081632653061
12524,"Paraiso sombrilla","Bajo (2 - 4 mts)",44,"Mediano",-68.8439685252,-32.8631109484,4,"0",0.022887323943662
12525,"Morera","Alto (> 8 mts)",180,"Grande",-68.8439756243,-32.8629934664,4,"0",0.185148665048544
12526,"Paraiso","Medio (4 - 8 mts)",130,"Grande",-68.8439784542,-32.862963714,4,"0",0.0859023207481815
12528,"Perenne","Muy bajo (1 - 2 mts)",8,"Chico",-68.8439883953,-32.8628773151,4,"0",0.0364741641337386
12535,"Morera","Alto (> 8 mts)",120,"Grande",-68.844124881,-32.8626229438,4,"0",0.185148665048544
12536,"Morera","Bajo (2 - 4 mts)",24,"Mediano",-68.8441996999,-32.862623587,4,"0",0.185148665048544
12538,"Catalpa","Medio (4 - 8 mts)",110,"Grande",-68.8443163774,-32.8626188631,4,"0",0.161290322580645
12539,"Fresno europeo","Medio (4 - 8 mts)",45,"Mediano",-68.8443865689,-32.8626202128,4,"0",0.0420032310177706
12540,"Fresno europeo","Alto (> 8 mts)",190,"Grande",-68.8444399871,-32.8626212711,4,"0",0.0420032310177706
12547,"Fresno europeo","Alto (> 8 mts)",120,"Grande",-68.8446504898,-32.8627468241,4,"0",0.0420032310177706
12548,"Paraiso","Alto (> 8 mts)",90,"Grande",-68.8446475316,-32.862899913,4,"0",0.0859023207481815
12553,"Morera","Alto (> 8 mts)",170,"Grande",-68.8451576265,-32.8633237255,4,"0",0.185148665048544
12554,"Morera","Alto (> 8 mts)",160,"Grande",-68.8450470956,-32.8633217889,4,"0",0.185148665048544
12557,"Paraiso","Alto (> 8 mts)",150,"Grande",-68.8448841416,-32.8633164662,4,"0",0.0859023207481815
12565,"Morera","Alto (> 8 mts)",110,"Grande",-68.8447254845,-32.8628851733,4,"0",0.185148665048544
12567,"Morera","Alto (> 8 mts)",124,"Grande",-68.8447357364,-32.8627346209,4,"0",0.185148665048544
12570,"Morera","Medio (4 - 8 mts)",150,"Grande",-68.8447925682,-32.8626160283,4,"0",0.185148665048544
12575,"Paraiso","Alto (> 8 mts)",130,"Grande",-68.8450466101,-32.8626191168,4,"0",0.0859023207481815
12577,"Morera","Medio (4 - 8 mts)",110,"Grande",-68.8451850478,-32.8626210709,4,"0",0.185148665048544
12581,"Morera","Alto (> 8 mts)",120,"Grande",-68.8452299314,-32.8627508236,4,"0",0.185148665048544
12582,"Morera","Alto (> 8 mts)",150,"Grande",-68.8452243501,-32.862837548,4,"0",0.185148665048544
12587,"Caducifolio","Bajo (2 - 4 mts)",12,"Chico",-68.8452106924,-32.863063441,4,"0",0.0512249443207127
12592,"Fresno europeo","Medio (4 - 8 mts)",34,"Mediano",-68.8456581513,-32.8633495977,4,"0",0.0420032310177706
12593,"Fresno americano","Medio (4 - 8 mts)",56,"Mediano",-68.8456009934,-32.8633484452,4,"0",0.0512455516014235
12596,"Tilo","Bajo (2 - 4 mts)",38,"Mediano",-68.8453689453,-32.8633413589,4,"0",0
12599,"Morera","Alto (> 8 mts)",130,"Grande",-68.8452827301,-32.8632127337,4,"0",0.185148665048544
12602,"Morera","Alto (> 8 mts)",130,"Grande",-68.8453009307,-32.8629251117,4,"0",0.185148665048544
12604,"Morera","Alto (> 8 mts)",100,"Grande",-68.8453089281,-32.8627987012,4,"0",0.185148665048544
12607,"Morera","Alto (> 8 mts)",110,"Grande",-68.845446762,-32.8626198552,4,"0",0.185148665048544
12609,"Morera","Alto (> 8 mts)",190,"Grande",-68.8456451711,-32.8626236808,4,"0",0.185148665048544
12617,"Fresno europeo","Alto (> 8 mts)",90,"Grande",-68.8457850768,-32.8631485716,4,"0",0.0420032310177706
12620,"Morera","Medio (4 - 8 mts)",90,"Grande",-68.8462861604,-32.8633770999,4,"0",0.185148665048544
12621,"Morera","Medio (4 - 8 mts)",160,"Grande",-68.8462266525,-32.8633756742,4,"0",0.185148665048544
12625,"Morera","Alto (> 8 mts)",130,"Grande",-68.845961497,-32.8633620029,4,"0",0.185148665048544
12633,"Morera","Alto (> 8 mts)",140,"Grande",-68.8462039595,-32.862657536,4,"0",0.185148665048544
12635,"Fresno europeo","Bajo (2 - 4 mts)",16,"Chico",-68.8463679358,-32.8626709924,4,"0",0.0420032310177706
12636,"Paraiso","Alto (> 8 mts)",170,"Grande",-68.8463889129,-32.8627738115,4,"0",0.0859023207481815
12637,"Paraiso","Alto (> 8 mts)",180,"Grande",-68.846382003,-32.8628156417,4,"0",0.0859023207481815
12639,"Paraiso","Muy bajo (1 - 2 mts)",7,"Chico",-68.8463747187,-32.8629507067,4,"0",0.0859023207481815
12645,"Morera","Alto (> 8 mts)",130,"Grande",-68.8470586828,-32.8628425297,4,"0",0.185148665048544
12647,"Morera","Bajo (2 - 4 mts)",43,"Mediano",-68.84705046,-32.8629024824,4,"0",0.185148665048544
12648,"Morera","Alto (> 8 mts)",150,"Grande",-68.8470372189,-32.8629699374,4,"0",0.185148665048544
12651,"Ailanthus","Alto (> 8 mts)",90,"Grande",-68.8469782654,-32.863258654,4,"0",0.0380952380952381
12655,"Ailanthus","Alto (> 8 mts)",170,"Grande",-68.8469529668,-32.8633667526,4,"0",0.0380952380952381
12656,"Fresno americano","Muy bajo (1 - 2 mts)",6,"Chico",-68.8468321886,-32.8633977872,4,"0",0.0512455516014235
12657,"Catalpa","Medio (4 - 8 mts)",90,"Grande",-68.8467592209,-32.8633950829,4,"0",0.161290322580645
12663,"Fresno americano","Bajo (2 - 4 mts)",40,"Mediano",-68.8464491907,-32.863081535,4,"0",0.0512455516014235
12664,"Paraiso sombrilla","Bajo (2 - 4 mts)",62,"Grande",-68.8464526858,-32.86298213,4,"0",0.022887323943662
12665,"Morera","Medio (4 - 8 mts)",150,"Grande",-68.8464587513,-32.8629181414,4,"0",0.185148665048544
12666,"Paraiso","Medio (4 - 8 mts)",90,"Grande",-68.8464608015,-32.8628444123,4,"0",0.0859023207481815
12669,"Paraiso","Alto (> 8 mts)",280,"Grande",-68.8467858938,-32.8627332711,4,"0",0.0859023207481815
12676,"Fresno americano","Medio (4 - 8 mts)",90,"Grande",-68.8481386053,-32.8629162513,4,"0",0.0512455516014235
12679,"Morera","Alto (> 8 mts)",200,"Grande",-68.8483021464,-32.8629347542,4,"0",0.185148665048544
12680,"Morera","Alto (> 8 mts)",160,"Grande",-68.8483846041,-32.8629482894,6,"0",0.185148665048544
12681,"Morera","Alto (> 8 mts)",130,"Grande",-68.8484395293,-32.8629572962,6,"0",0.185148665048544
12688,"Perenne","Bajo (2 - 4 mts)",10,"Chico",-68.848646564,-32.8631388237,6,"0",0.0364741641337386
12689,"Catalpa","Medio (4 - 8 mts)",60,"Mediano",-68.8486348863,-32.8632268953,6,"0",0.161290322580645
12690,"Caducifolio","Bajo (2 - 4 mts)",24,"Mediano",-68.8486288651,-32.8632801927,6,"0",0.0512249443207127
12692,"Paraiso","Bajo (2 - 4 mts)",50,"Mediano",-68.8485091629,-32.8634611443,6,"0",0.0859023207481815
12695,"Acacia visco","Medio (4 - 8 mts)",110,"Grande",-68.8482309664,-32.8634508885,6,"0",0.0625
12696,"Morera","Medio (4 - 8 mts)",110,"Grande",-68.8480489183,-32.863445618,4,"0",0.185148665048544
12698,"Morera","Alto (> 8 mts)",140,"Grande",-68.8478514273,-32.8634367037,4,"0",0.185148665048544
12701,"Morera","Medio (4 - 8 mts)",140,"Grande",-68.8476385709,-32.8634287983,4,"0",0.185148665048544
12706,"Ligustro","Medio (4 - 8 mts)",76,"Grande",-68.8472859089,-32.8634170971,4,"0",0.0138888888888889
12707,"Fresno europeo","Medio (4 - 8 mts)",110,"Grande",-68.847239969,-32.8634161393,4,"0",0.0420032310177706
12708,"Jacarand","Medio (4 - 8 mts)",60,"Mediano",-68.8471039654,-32.8634132681,4,"0",0.103064066852368
12709,"Ligustro","Bajo (2 - 4 mts)",70,"Grande",-68.8470791506,-32.8633559323,4,"0",0.0138888888888889
12711,"Fresno europeo","Alto (> 8 mts)",130,"Grande",-68.8471112532,-32.8632113712,4,"0",0.0420032310177706
12713,"Paraiso","Alto (> 8 mts)",200,"Grande",-68.8471409797,-32.8630586846,4,"0",0.0859023207481815
12716,"Fresno americano","Medio (4 - 8 mts)",100,"Grande",-68.8471706146,-32.8629262537,4,"0",0.0512455516014235
12717,"Fresno americano","Bajo (2 - 4 mts)",60,"Mediano",-68.8471841829,-32.8628748258,4,"0",0.0512455516014235
12725,"Paraiso","Alto (> 8 mts)",120,"Grande",-68.8481537027,-32.8636493481,6,"0",0.0859023207481815
12726,"Paraiso","Alto (> 8 mts)",140,"Grande",-68.8481553897,-32.863599847,6,"0",0.0859023207481815
12734,"Olmo bola","Alto (> 8 mts)",140,"Grande",-68.8486093203,-32.863686656,6,"0",0.0231481481481481
12736,"Paraiso","Alto (> 8 mts)",120,"Grande",-68.8485895239,-32.8638877661,6,"0",0.0859023207481815
12742,"Morera","Alto (> 8 mts)",80,"Grande",-68.8485384134,-32.8644274906,6,"0",0.185148665048544
12747,"Morera","Alto (> 8 mts)",150,"Grande",-68.8482584199,-32.8644574843,6,"0",0.185148665048544
12749,"Morera","Medio (4 - 8 mts)",120,"Grande",-68.8481352791,-32.8644417302,6,"0",0.185148665048544
12753,"Paraiso","Bajo (2 - 4 mts)",36,"Mediano",-68.8481026499,-32.8642521632,6,"0",0.0859023207481815
12754,"Morera","Alto (> 8 mts)",140,"Grande",-68.8481100199,-32.8641468767,6,"0",0.185148665048544
12755,"Morera","Alto (> 8 mts)",110,"Grande",-68.8481122082,-32.8640853351,6,"0",0.185148665048544
12757,"Paraiso sombrilla","Medio (4 - 8 mts)",100,"Grande",-68.8481224529,-32.8639933971,6,"0",0.022887323943662
12760,"Caducifolio","Medio (4 - 8 mts)",50,"Mediano",-68.8481315665,-32.8638015274,6,"0",0.0512249443207127
12767,"Paraiso sombrilla","Medio (4 - 8 mts)",70,"Grande",-68.8479317311,-32.8644246889,6,"0",0.022887323943662
12771,"Morera","Alto (> 8 mts)",140,"Grande",-68.8476150076,-32.8642663174,4,"0",0.185148665048544
12778,"Fresno europeo","Bajo (2 - 4 mts)",50,"Mediano",-68.8476133539,-32.8638676227,4,"0",0.0420032310177706
12783,"Paraiso sombrilla","Bajo (2 - 4 mts)",40,"Mediano",-68.8476039152,-32.8635766513,4,"0",0.022887323943662
12784,"Paraiso sombrilla","Bajo (2 - 4 mts)",34,"Mediano",-68.847603036,-32.8635360018,4,"0",0.022887323943662
12786,"Fresno europeo","Bajo (2 - 4 mts)",50,"Mediano",-68.8477471845,-32.8635324803,4,"0",0.0420032310177706
12788,"Fresno americano","Alto (> 8 mts)",110,"Grande",-68.8479956203,-32.8635473376,4,"0",0.0512455516014235
12791,"Fresno americano","Bajo (2 - 4 mts)",40,"Mediano",-68.8480573674,-32.8636579893,6,"0",0.0512455516014235
12794,"Morera","Alto (> 8 mts)",150,"Grande",-68.8480509169,-32.8637879536,6,"0",0.185148665048544
12798,"Morera","Medio (4 - 8 mts)",70,"Grande",-68.8475429396,-32.8642406513,4,"0",0.185148665048544
12802,"Acer","Alto (> 8 mts)",120,"Grande",-68.8473159841,-32.8643839316,4,"0",0.0204081632653061
12803,"Ailanthus","Alto (> 8 mts)",140,"Grande",-68.847262362,-32.8643765624,4,"0",0.0380952380952381
12805,"Morera","Alto (> 8 mts)",220,"Grande",-68.8471401521,-32.8643664043,4,"0",0.185148665048544
12809,"Paraiso","Alto (> 8 mts)",170,"Grande",-68.8470737776,-32.8640861719,4,"0",0.0859023207481815
12813,"Paraiso","Medio (4 - 8 mts)",70,"Grande",-68.8470744454,-32.8639299035,4,"0",0.0859023207481815
12815,"Fresno europeo","Medio (4 - 8 mts)",100,"Grande",-68.8470749144,-32.8638452547,4,"0",0.0420032310177706
12818,"Paraiso","Alto (> 8 mts)",180,"Grande",-68.8470693543,-32.8637463274,4,"0",0.0859023207481815
12821,"Morera","Alto (> 8 mts)",100,"Grande",-68.8470674901,-32.8635893003,4,"0",0.185148665048544
12827,"Fresno europeo","Medio (4 - 8 mts)",100,"Grande",-68.8474427737,-32.8635289184,4,"0",0.0420032310177706
12828,"Fresno europeo","Medio (4 - 8 mts)",80,"Grande",-68.8474965208,-32.863533514,4,"0",0.0420032310177706
12832,"Morera","Alto (> 8 mts)",160,"Grande",-68.847521971,-32.8637335312,4,"0",0.185148665048544
12838,"Perenne","Medio (4 - 8 mts)",80,"Grande",-68.846549873,-32.8634841843,4,"0",0.0364741641337386
12841,"Paraiso","Medio (4 - 8 mts)",80,"Grande",-68.8469436925,-32.863544359,4,"0",0.0859023207481815
12842,"Prunas","Muy bajo (1 - 2 mts)",6,"Chico",-68.8469475641,-32.8635917929,4,"0",0.0321782178217822
12844,"Acacia SP","Bajo (2 - 4 mts)",38,"Mediano",-68.8469453831,-32.8637419225,4,"0",0.150492264416315
12845,"Ligustro","Bajo (2 - 4 mts)",60,"Mediano",-68.8469449705,-32.8637955729,4,"0",0.0138888888888889
12847,"Paraiso sombrilla","Alto (> 8 mts)",200,"Grande",-68.8466277288,-32.8638748041,4,"0",0.022887323943662
12850,"Acer","Alto (> 8 mts)",180,"Grande",-68.8466151442,-32.8639522623,4,"0",0.0204081632653061
12852,"Fresno europeo","Muy bajo (1 - 2 mts)",8,"Chico",-68.8469013337,-32.8639644269,4,"0",0.0420032310177706
12855,"Fresno europeo","Muy bajo (1 - 2 mts)",10,"Chico",-68.8469581321,-32.8640948617,4,"0",0.0420032310177706
12860,"Jacarand","Medio (4 - 8 mts)",64,"Grande",-68.8469062573,-32.8643466913,4,"0",0.103064066852368
12862,"Paraiso sombrilla","Alto (> 8 mts)",200,"Grande",-68.8463946617,-32.8643352844,4,"0",0.022887323943662
12864,"Caducifolio","Bajo (2 - 4 mts)",60,"Mediano",-68.8462878295,-32.8643295627,4,"0",0.0512249443207127
12867,"Caducifolio","Medio (4 - 8 mts)",80,"Grande",-68.8460350675,-32.8643143739,4,"0",0.0512249443207127
12870,"Perenne","Bajo (2 - 4 mts)",60,"Mediano",-68.8457673176,-32.8643029506,4,"0",0.0364741641337386
12871,"Olmo bola","Medio (4 - 8 mts)",110,"Grande",-68.8456792857,-32.8642970892,4,"0",0.0231481481481481
12872,"Jacarand","Bajo (2 - 4 mts)",72,"Grande",-68.845631397,-32.8642033287,4,"0",0.103064066852368
12874,"Jacarand","Medio (4 - 8 mts)",110,"Grande",-68.8456253014,-32.8640591572,4,"0",0.103064066852368
12878,"Fresno americano","Bajo (2 - 4 mts)",26,"Mediano",-68.8459195565,-32.8639188005,4,"0",0.0512455516014235
12879,"Fresno europeo","Bajo (2 - 4 mts)",36,"Mediano",-68.846069084,-32.8639271214,4,"0",0.0420032310177706
12880,"Paraiso sombrilla","Medio (4 - 8 mts)",200,"Grande",-68.8461520795,-32.8639314777,4,"0",0.022887323943662
12882,"Paraiso sombrilla","Medio (4 - 8 mts)",140,"Grande",-68.8463908568,-32.8639393454,4,"0",0.022887323943662
12884,"Braquiquito","Bajo (2 - 4 mts)",36,"Mediano",-68.8464023151,-32.8638621743,4,"0",0
12885,"Paraiso sombrilla","Alto (> 8 mts)",220,"Grande",-68.8462789182,-32.8638592275,4,"0",0.022887323943662
12888,"Morera","Alto (> 8 mts)",190,"Grande",-68.8459426015,-32.8638475426,4,"0",0.185148665048544
12890,"Paraiso","Muy bajo (1 - 2 mts)",18,"Chico",-68.8456065287,-32.8635982604,4,"0",0.0859023207481815
12899,"Morera","Medio (4 - 8 mts)",104,"Grande",-68.8448660302,-32.8634292188,4,"0",0.185148665048544
12902,"Paraiso","Alto (> 8 mts)",160,"Grande",-68.8450687041,-32.8634379765,4,"0",0.0859023207481815
12904,"Acer","Muy bajo (1 - 2 mts)",8,"Chico",-68.8452270743,-32.8634442247,4,"0",0.0204081632653061
12906,"Prunas","Muy bajo (1 - 2 mts)",6,"Chico",-68.8453088735,-32.8638216845,4,"0",0.0321782178217822
12907,"Fresno europeo","Muy bajo (1 - 2 mts)",16,"Chico",-68.8450191204,-32.8638089348,4,"0",0.0420032310177706
12909,"Morera","Alto (> 8 mts)",130,"Grande",-68.8448595416,-32.863874843,4,"0",0.185148665048544
12912,"Fresno europeo","Bajo (2 - 4 mts)",32,"Mediano",-68.8450597489,-32.8638851901,4,"0",0.0420032310177706
12916,"Caducifolio","Bajo (2 - 4 mts)",90,"Grande",-68.8454697503,-32.8639422533,4,"0",0.0512249443207127
12923,"Fresno europeo","Medio (4 - 8 mts)",84,"Grande",-68.8449220932,-32.8642572547,4,"0",0.0420032310177706
12926,"Olmo bola","Medio (4 - 8 mts)",130,"Grande",-68.8448076688,-32.864253469,4,"0",0.0231481481481481
12927,"Olmo bola","Medio (4 - 8 mts)",120,"Grande",-68.8444708645,-32.8642351666,4,"0",0.0231481481481481
12930,"Paraiso sombrilla","Alto (> 8 mts)",150,"Grande",-68.8440602564,-32.8642209082,4,"0",0.022887323943662
12931,"Paraiso sombrilla","Bajo (2 - 4 mts)",36,"Mediano",-68.8440000418,-32.8642163878,4,"0",0.022887323943662
12933,"Olmo bola","Medio (4 - 8 mts)",130,"Grande",-68.8439407887,-32.8641490961,4,"0",0.0231481481481481
12936,"Paraiso sombrilla","Alto (> 8 mts)",120,"Grande",-68.8439435529,-32.8639616587,4,"0",0.022887323943662
12939,"Caducifolio","Bajo (2 - 4 mts)",70,"Grande",-68.844078057,-32.8638449803,4,"0",0.0512249443207127
12948,"Prunas","Medio (4 - 8 mts)",80,"Grande",-68.8447240998,-32.8637957099,4,"0",0.0321782178217822
12949,"Fresno europeo","Medio (4 - 8 mts)",80,"Grande",-68.8445065897,-32.8637879232,4,"0",0.0420032310177706
12957,"Prunas","Bajo (2 - 4 mts)",75,"Grande",-68.8439470186,-32.8636024763,4,"0",0.0321782178217822
12958,"Prunas","Bajo (2 - 4 mts)",20,"Chico",-68.8439539166,-32.8635016294,4,"0",0.0321782178217822
12960,"Prunas","Bajo (2 - 4 mts)",50,"Mediano",-68.8439576132,-32.8634272261,4,"0",0.0321782178217822
12962,"Prunas","Bajo (2 - 4 mts)",33,"Mediano",-68.8441651527,-32.8634010065,4,"0",0.0321782178217822
12971,"Morera","Alto (> 8 mts)",200,"Grande",-68.8439227509,-32.8647607431,4,"0",0.185148665048544
12973,"Paraiso","Alto (> 8 mts)",180,"Grande",-68.8439319652,-32.8646330989,4,"0",0.0859023207481815
12975,"Morera","Alto (> 8 mts)",184,"Grande",-68.843931642,-32.8644516206,4,"0",0.185148665048544
12976,"Paraiso","Alto (> 8 mts)",128,"Grande",-68.8439314947,-32.8644137492,4,"0",0.0859023207481815
12977,"Morera","Alto (> 8 mts)",210,"Grande",-68.84393313,-32.8643840819,4,"0",0.185148665048544
12984,"Paraiso","Alto (> 8 mts)",114,"Grande",-68.844302543,-32.8643620485,4,"1",0.0859023207481815
12985,"Morera","Alto (> 8 mts)",190,"Grande",-68.8443603636,-32.8643646163,4,"0",0.185148665048544
12989,"Morera","Alto (> 8 mts)",140,"Grande",-68.8446060083,-32.8645711727,4,"0",0.185148665048544
12990,"Morera","Medio (4 - 8 mts)",110,"Grande",-68.8446028499,-32.8646031429,4,"1",0.185148665048544
12991,"Morera","Muy bajo (1 - 2 mts)",6,"Chico",-68.8445923698,-32.8646667977,4,"0",0.185148665048544
12995,"Morera","Alto (> 8 mts)",216,"Grande",-68.8445429935,-32.8650943598,4,"0",0.185148665048544
12997,"Morera","Muy bajo (1 - 2 mts)",6,"Chico",-68.8445328946,-32.8652107643,4,"0",0.185148665048544
13007,"Morera","Medio (4 - 8 mts)",108,"Grande",-68.8439923984,-32.8659372391,4,"0",0.185148665048544
13015,"Morera","Muy bajo (1 - 2 mts)",20,"Chico",-68.8439042847,-32.8652209326,4,"0",0.185148665048544
13016,"Acer","Bajo (2 - 4 mts)",38,"Mediano",-68.8439078456,-32.8651850577,4,"0",0.0204081632653061
13018,"Olmo bola","Alto (> 8 mts)",180,"Grande",-68.8439101717,-32.8650495674,4,"0",0.0231481481481481
13020,"Paraiso","Alto (> 8 mts)",184,"Grande",-68.8439145428,-32.8649665159,4,"0",0.0859023207481815
13027,"Paraiso sombrilla","Alto (> 8 mts)",150,"Grande",-68.8453659298,-32.86553769,4,"0",0.022887323943662
13029,"Morera","Alto (> 8 mts)",166,"Grande",-68.8452350861,-32.8660137828,4,"0",0.185148665048544
13032,"Fresno europeo","Bajo (2 - 4 mts)",38,"Mediano",-68.8447431626,-32.8659688361,4,"0",0.0420032310177706
13036,"Morera","Alto (> 8 mts)",200,"Grande",-68.8445961881,-32.8658401251,4,"1",0.185148665048544
13040,"Morera","Alto (> 8 mts)",200,"Grande",-68.8446873357,-32.8649903987,4,"0",0.185148665048544
13044,"Morera","Alto (> 8 mts)",200,"Grande",-68.8447141381,-32.8647673761,4,"0",0.185148665048544
13045,"Morera","Alto (> 8 mts)",200,"Grande",-68.8447203425,-32.8647017404,4,"1",0.185148665048544
13046,"Morera","Alto (> 8 mts)",144,"Grande",-68.8447419813,-32.8645465855,4,"0",0.185148665048544
13051,"Olmo comun","Medio (4 - 8 mts)",126,"Grande",-68.8449649092,-32.8643922212,4,"0",0.0227272727272727
13054,"Jacarand","Alto (> 8 mts)",110,"Grande",-68.8451782598,-32.8643997891,4,"0",0.103064066852368
13055,"Paraiso","Alto (> 8 mts)",138,"Grande",-68.8452483454,-32.8644014087,4,"0",0.0859023207481815
13063,"Fresno europeo","Medio (4 - 8 mts)",68,"Grande",-68.8458117884,-32.864888376,4,"0",0.0420032310177706
13069,"Morera","Alto (> 8 mts)",190,"Grande",-68.8455932239,-32.8646100092,4,"0",0.185148665048544
13070,"Morera","Alto (> 8 mts)",160,"Grande",-68.8456013381,-32.8645381857,4,"1",0.185148665048544
13071,"Morera","Medio (4 - 8 mts)",160,"Grande",-68.8456076488,-32.8644823181,4,"0",0.185148665048544
13074,"Morera","Alto (> 8 mts)",162,"Grande",-68.846036439,-32.8644542917,4,"0",0.185148665048544
13075,"Morera","Alto (> 8 mts)",150,"Grande",-68.8461214073,-32.8644586991,4,"0",0.185148665048544
13076,"Morera","Alto (> 8 mts)",164,"Grande",-68.8461489455,-32.8644601279,4,"1",0.185148665048544
13078,"Fresno europeo","Alto (> 8 mts)",164,"Grande",-68.8462820729,-32.8644670326,4,"0",0.0420032310177706
13080,"Morera","Alto (> 8 mts)",170,"Grande",-68.8463808632,-32.8644721575,4,"0",0.185148665048544
13081,"Morera","Bajo (2 - 4 mts)",38,"Mediano",-68.8464368445,-32.8644744804,4,"0",0.185148665048544
13083,"Morera","Medio (4 - 8 mts)",70,"Grande",-68.8465084583,-32.8645162438,4,"0",0.185148665048544
13084,"Paraiso sombrilla","Medio (4 - 8 mts)",82,"Grande",-68.8464989826,-32.864594328,4,"0",0.022887323943662
13089,"Morera","Alto (> 8 mts)",190,"Grande",-68.8464629531,-32.8648920461,4,"0",0.185148665048544
13092,"Fresno europeo","Muy bajo (1 - 2 mts)",4,"Chico",-68.8464293094,-32.8651685051,4,"0",0.0420032310177706
13093,"Morera","Alto (> 8 mts)",162,"Grande",-68.846420149,-32.8652142098,4,"0",0.185148665048544
13099,"Morera","Alto (> 8 mts)",140,"Grande",-68.8463804222,-32.8655713847,4,"0",0.185148665048544
13101,"Paraiso","Bajo (2 - 4 mts)",70,"Grande",-68.8463592246,-32.865746072,4,"0",0.0859023207481815
13102,"Morera","Alto (> 8 mts)",190,"Grande",-68.8463448022,-32.8658554704,4,"0",0.185148665048544
13103,"Morera","Alto (> 8 mts)",130,"Grande",-68.8463412957,-32.8658938206,4,"0",0.185148665048544
13104,"Morera","Alto (> 8 mts)",134,"Grande",-68.8463362764,-32.865935186,4,"0",0.185148665048544
13107,"Olmo bola","Bajo (2 - 4 mts)",80,"Grande",-68.8456641194,-32.8660650431,4,"0",0.0231481481481481
13108,"Olmo bola","Bajo (2 - 4 mts)",50,"Mediano",-68.8456096388,-32.8660611707,4,"0",0.0231481481481481
13109,"Morera","Alto (> 8 mts)",132,"Grande",-68.8455533966,-32.8660571735,4,"0",0.185148665048544
13113,"Paraiso","Medio (4 - 8 mts)",130,"Grande",-68.8454612246,-32.86581862,4,"1",0.0859023207481815
13115,"Morera","Alto (> 8 mts)",200,"Grande",-68.8454745148,-32.8657009724,4,"0",0.185148665048544
13119,"Morera","Medio (4 - 8 mts)",88,"Grande",-68.8456753687,-32.8654865772,4,"0",0.185148665048544
13121,"Caducifolio","Muy bajo (1 - 2 mts)",30,"Mediano",-68.8460180281,-32.8655120999,4,"0",0.0512249443207127
13127,"Morera","Alto (> 8 mts)",150,"Grande",-68.8455429101,-32.8650554179,4,"0",0.185148665048544
13132,"Fresno europeo","Muy bajo (1 - 2 mts)",30,"Mediano",-68.8457471301,-32.8649502193,4,"0",0.0420032310177706
13140,"Morera","Medio (4 - 8 mts)",86,"Grande",-68.8470310303,-32.8649375643,4,"0",0.185148665048544
13142,"Morera","Alto (> 8 mts)",170,"Grande",-68.8470365983,-32.8647872793,4,"1",0.185148665048544
13146,"Morera","Alto (> 8 mts)",200,"Grande",-68.847008241,-32.8645179786,4,"0",0.185148665048544
13148,"Jacarand","Bajo (2 - 4 mts)",40,"Mediano",-68.8468165873,-32.8645049796,4,"0",0.103064066852368
13150,"Morera","Medio (4 - 8 mts)",150,"Grande",-68.8466679818,-32.8645432982,4,"0",0.185148665048544
13151,"Fresno europeo","Alto (> 8 mts)",180,"Grande",-68.8466606799,-32.8645850332,4,"0",0.0420032310177706
13155,"Morera","Alto (> 8 mts)",160,"Grande",-68.8466278589,-32.8648557342,4,"0",0.185148665048544
13156,"Fresno europeo","Medio (4 - 8 mts)",90,"Grande",-68.8466214926,-32.864908242,4,"0",0.0420032310177706
13159,"Fresno europeo","Medio (4 - 8 mts)",120,"Grande",-68.8465902394,-32.8651667945,4,"0",0.0420032310177706
13160,"Morera","Alto (> 8 mts)",160,"Grande",-68.8465818801,-32.865234947,4,"0",0.185148665048544
13162,"Fresno europeo","Alto (> 8 mts)",80,"Grande",-68.8465702713,-32.8653306874,4,"0",0.0420032310177706
13166,"Fresno europeo","Alto (> 8 mts)",140,"Grande",-68.8465257737,-32.8656833949,4,"0",0.0420032310177706
13170,"Morera","Medio (4 - 8 mts)",130,"Grande",-68.8464919099,-32.8659777613,4,"0",0.185148665048544
13171,"Fresno europeo","Bajo (2 - 4 mts)",24,"Mediano",-68.8464862894,-32.8660233306,4,"0",0.0420032310177706
13173,"Fresno europeo","Medio (4 - 8 mts)",112,"Grande",-68.8465715502,-32.8660969963,4,"0",0.0420032310177706
13176,"Fresno europeo","Bajo (2 - 4 mts)",100,"Grande",-68.8467409519,-32.8661080243,4,"0",0.0420032310177706
13179,"Fresno europeo","Bajo (2 - 4 mts)",54,"Mediano",-68.8469929013,-32.8659666791,6,"0",0.0420032310177706
13182,"Acer","Muy bajo (1 - 2 mts)",12,"Chico",-68.8469982106,-32.8658321509,4,"0",0.0204081632653061
13185,"Morera","Medio (4 - 8 mts)",90,"Grande",-68.8470038719,-32.8656730655,4,"0",0.185148665048544
13186,"Paraiso sombrilla","Bajo (2 - 4 mts)",64,"Grande",-68.8470051088,-32.8656371795,4,"0",0.022887323943662
13187,"Morera","Bajo (2 - 4 mts)",14,"Chico",-68.8470061851,-32.8656046008,4,"0",0.185148665048544
13191,"Acer","Medio (4 - 8 mts)",84,"Grande",-68.8471603511,-32.864710561,4,"0",0.0204081632653061
13192,"Paraiso","Alto (> 8 mts)",110,"Grande",-68.8471638244,-32.8646489758,4,"0",0.0859023207481815
13196,"Morera","Alto (> 8 mts)",110,"Grande",-68.8473401106,-32.8645513797,4,"1",0.185148665048544
13197,"Acer","Bajo (2 - 4 mts)",32,"Mediano",-68.8474119376,-32.8645588405,4,"0",0.0204081632653061
13198,"Morera","Alto (> 8 mts)",150,"Grande",-68.8474642642,-32.8645609574,4,"1",0.185148665048544
13199,"Morera","Medio (4 - 8 mts)",104,"Grande",-68.8475012321,-32.8645638149,4,"0",0.185148665048544
13202,"Fresno europeo","Alto (> 8 mts)",110,"Grande",-68.8475359194,-32.8646306998,4,"0",0.0420032310177706
13206,"Fresno europeo","Muy bajo (1 - 2 mts)",5,"Chico",-68.847141794,-32.8650286113,4,"0",0.0420032310177706
13208,"Fresno europeo","Medio (4 - 8 mts)",60,"Mediano",-68.8471500848,-32.8649290743,4,"0",0.0420032310177706
13223,"Morera","Alto (> 8 mts)",160,"Grande",-68.8475467089,-32.8652230212,6,"0",0.185148665048544
13227,"Paraiso","Alto (> 8 mts)",140,"Grande",-68.8475498526,-32.8653789192,6,"0",0.0859023207481815
13228,"Fresno europeo","Medio (4 - 8 mts)",86,"Grande",-68.8475510736,-32.8654339998,6,"0",0.0420032310177706
13231,"Paraiso","Alto (> 8 mts)",110,"Grande",-68.8475553042,-32.8655516338,6,"0",0.0859023207481815
13237,"Fresno europeo","Medio (4 - 8 mts)",64,"Grande",-68.8475510347,-32.865809572,6,"0",0.0420032310177706
13238,"Liquidambar","Muy bajo (1 - 2 mts)",5,"Chico",-68.8475576567,-32.865862781,6,"0",0
13239,"Morera","Medio (4 - 8 mts)",128,"Grande",-68.8475548949,-32.8659282767,6,"0",0.185148665048544
13241,"Morera","Medio (4 - 8 mts)",100,"Grande",-68.8475568092,-32.8660121755,6,"0",0.185148665048544
13246,"Morera","Medio (4 - 8 mts)",116,"Grande",-68.8473901218,-32.8661487864,6,"0",0.185148665048544
13253,"Paraiso","Alto (> 8 mts)",140,"Grande",-68.8470947393,-32.8659258306,6,"0",0.0859023207481815
13254,"Morera","Medio (4 - 8 mts)",62,"Grande",-68.8471015238,-32.8658723341,6,"0",0.185148665048544
13256,"Morera","Alto (> 8 mts)",136,"Grande",-68.8471028537,-32.8657809517,6,"0",0.185148665048544
13257,"Morera","Alto (> 8 mts)",130,"Grande",-68.8471058517,-32.8657442735,6,"0",0.185148665048544
13258,"Morera","Medio (4 - 8 mts)",120,"Grande",-68.8471060837,-32.8657018075,6,"0",0.185148665048544
13259,"Morera","Bajo (2 - 4 mts)",42,"Mediano",-68.8471100158,-32.8656693188,6,"0",0.185148665048544
13261,"Morera","Medio (4 - 8 mts)",50,"Mediano",-68.8471175966,-32.8655290676,4,"0",0.185148665048544
13276,"Morera","Alto (> 8 mts)",160,"Grande",-68.8479797936,-32.8645833645,6,"1",0.185148665048544
13279,"Morera","Medio (4 - 8 mts)",74,"Grande",-68.8483256816,-32.864742269,6,"0",0.185148665048544
13284,"Morera","Alto (> 8 mts)",140,"Grande",-68.8476780597,-32.865258644,6,"0",0.185148665048544
13287,"Caducifolio","Muy bajo (1 - 2 mts)",12,"Chico",-68.8476822928,-32.8650848808,6,"0",0.0512249443207127
13290,"Paraiso","Alto (> 8 mts)",140,"Grande",-68.8476818882,-32.8649590695,6,"0",0.0859023207481815
13291,"Acer","Medio (4 - 8 mts)",72,"Grande",-68.8483252041,-32.8648225634,6,"0",0.0204081632653061
13293,"Acer","Alto (> 8 mts)",114,"Grande",-68.8483365436,-32.8650421328,6,"0",0.0204081632653061
13294,"Fresno americano","Bajo (2 - 4 mts)",32,"Mediano",-68.8483335877,-32.8649872331,6,"0",0.0512455516014235
13298,"Fresno europeo","Muy bajo (1 - 2 mts)",14,"Chico",-68.848337137,-32.8652408581,6,"0",0.0420032310177706
13300,"Acer","Medio (4 - 8 mts)",188,"Grande",-68.8483246353,-32.865965786,6,"0",0.0204081632653061
13301,"Paraiso sombrilla","Alto (> 8 mts)",160,"Grande",-68.8483214967,-32.8657220116,6,"0",0.022887323943662
13302,"Caducifolio","Muy bajo (1 - 2 mts)",5,"Chico",-68.8483200128,-32.8657607926,6,"0",0.0512249443207127
13304,"Fresno europeo","Bajo (2 - 4 mts)",40,"Mediano",-68.8476882197,-32.8657485347,6,"0",0.0420032310177706
13307,"Paraiso","Alto (> 8 mts)",130,"Grande",-68.8476863708,-32.8655681862,6,"0",0.0859023207481815
13308,"Paraiso","Alto (> 8 mts)",140,"Grande",-68.8476837756,-32.8655275311,6,"0",0.0859023207481815
13316,"Fresno europeo","Bajo (2 - 4 mts)",28,"Mediano",-68.8483453539,-32.8656924388,6,"0",0.0420032310177706
13320,"Acer","Medio (4 - 8 mts)",106,"Grande",-68.8482950738,-32.8662104945,6,"0",0.0204081632653061
13321,"Morera","Alto (> 8 mts)",166,"Grande",-68.8483460163,-32.866049656,6,"0",0.185148665048544
13325,"Acer","Medio (4 - 8 mts)",120,"Grande",-68.8480323975,-32.8661876865,6,"0",0.0204081632653061
13328,"Paraiso","Medio (4 - 8 mts)",100,"Grande",-68.8477941178,-32.8661725992,6,"0",0.0859023207481815
13333,"Fresno europeo","Medio (4 - 8 mts)",46,"Mediano",-68.8476882453,-32.8658866609,6,"0",0.0420032310177706
13334,"Morera","Alto (> 8 mts)",120,"Grande",-68.8457395031,-32.8671167576,4,"0",0.185148665048544
13341,"Fresno europeo","Medio (4 - 8 mts)",58,"Mediano",-68.8461160814,-32.866904765,4,"0",0.0420032310177706
13342,"Fresno europeo","Bajo (2 - 4 mts)",40,"Mediano",-68.846138289,-32.8668095607,4,"0",0.0420032310177706
13343,"Fresno europeo","Alto (> 8 mts)",200,"Grande",-68.8461725399,-32.8666959234,4,"0",0.0420032310177706
13350,"Morera","Alto (> 8 mts)",90,"Grande",-68.8461638441,-32.8662081057,4,"0",0.185148665048544
13351,"Morera","Alto (> 8 mts)",120,"Grande",-68.8461131016,-32.8662056466,4,"1",0.185148665048544
13352,"Pltano","Alto (> 8 mts)",250,"Grande",-68.8460413587,-32.8662008154,4,"0",0.0903973509933775
13357,"Acacia SP","Alto (> 8 mts)",270,"Grande",-68.8454869765,-32.8661584898,4,"0",0.150492264416315
13366,"Fresno europeo","Alto (> 8 mts)",185,"Grande",-68.8447414921,-32.866098514,4,"0",0.0420032310177706
13369,"Morera","Alto (> 8 mts)",165,"Grande",-68.844945569,-32.8661124512,4,"0",0.185148665048544
13372,"Morera","Alto (> 8 mts)",120,"Grande",-68.8452270668,-32.8661335387,4,"0",0.185148665048544
13373,"Fresno europeo","Bajo (2 - 4 mts)",39,"Mediano",-68.8452920697,-32.8661790916,4,"0",0.0420032310177706
13378,"Fresno europeo","Alto (> 8 mts)",55,"Mediano",-68.8452364259,-32.8666892541,4,"0",0.0420032310177706
13382,"Pltano","Alto (> 8 mts)",230,"Grande",-68.8452039092,-32.8669423422,4,"0",0.0903973509933775
13394,"Olmo comun","Alto (> 8 mts)",50,"Mediano",-68.8441114262,-32.8660511732,4,"0",0.0227272727272727
13395,"Caducifolio","Alto (> 8 mts)",270,"Grande",-68.8443020229,-32.8660648539,4,"0",0.0512249443207127
13396,"Fresno europeo","Bajo (2 - 4 mts)",35,"Mediano",-68.8443675095,-32.8660698975,4,"0",0.0420032310177706
13399,"Morera","Muy bajo (1 - 2 mts)",8,"Chico",-68.8437693022,-32.864911434,4,"0",0.185148665048544
13402,"lamo blanco","Medio (4 - 8 mts)",190,"Grande",-68.8437534243,-32.8651435835,4,"0",0.046875
13407,"Fresno europeo","Medio (4 - 8 mts)",70,"Grande",-68.8437466085,-32.865721337,4,"0",0.0420032310177706
13408,"Morera","Medio (4 - 8 mts)",160,"Grande",-68.8437579723,-32.8658213492,4,"0",0.185148665048544
13410,"Morera","Medio (4 - 8 mts)",71,"Grande",-68.8437886687,-32.8643792533,4,"0",0.185148665048544
13414,"Fresno europeo","Medio (4 - 8 mts)",27,"Mediano",-68.8437959216,-32.8640492609,4,"0",0.0420032310177706
13415,"Morera","Alto (> 8 mts)",190,"Grande",-68.8437306253,-32.8637927714,4,"0",0.185148665048544
13418,"Paraiso","Alto (> 8 mts)",130,"Grande",-68.8435302599,-32.8637893452,4,"1",0.0859023207481815
13422,"Morera","Medio (4 - 8 mts)",120,"Grande",-68.8494515412,-32.8653809993,6,"0",0.185148665048544
13426,"Morera","Alto (> 8 mts)",180,"Grande",-68.8492239468,-32.8653595372,6,"0",0.185148665048544
13429,"Morera","Alto (> 8 mts)",220,"Grande",-68.848929772,-32.865331796,6,"0",0.185148665048544
13434,"Morera","Medio (4 - 8 mts)",184,"Grande",-68.8527702109,-32.8644956934,6,"0",0.185148665048544
13435,"Morera","Alto (> 8 mts)",130,"Grande",-68.8527575531,-32.8646296822,6,"0",0.185148665048544
13436,"Morera","Alto (> 8 mts)",130,"Grande",-68.8527491129,-32.864707704,6,"0",0.185148665048544
13438,"Morera","Medio (4 - 8 mts)",100,"Grande",-68.8527378817,-32.8648103939,6,"0",0.185148665048544
13440,"Morera","Alto (> 8 mts)",160,"Grande",-68.8525414501,-32.8648377499,6,"0",0.185148665048544
13442,"Morera","Medio (4 - 8 mts)",100,"Grande",-68.8524323485,-32.8648256801,6,"0",0.185148665048544
13443,"Morera","Alto (> 8 mts)",160,"Grande",-68.8523634429,-32.86482091,6,"0",0.185148665048544
13444,"Morera","Alto (> 8 mts)",100,"Grande",-68.8523214611,-32.8648164836,6,"0",0.185148665048544
13445,"Morera","Alto (> 8 mts)",140,"Grande",-68.8522760657,-32.8648088143,6,"0",0.185148665048544
13448,"Fresno europeo","Medio (4 - 8 mts)",66,"Grande",-68.8520651974,-32.8647852951,6,"0",0.0420032310177706
13449,"Morera","Alto (> 8 mts)",130,"Grande",-68.8520464475,-32.8647081122,6,"0",0.185148665048544
13457,"Morera","Alto (> 8 mts)",190,"Grande",-68.8528188862,-32.8638726737,6,"0",0.185148665048544
13459,"Morera","Alto (> 8 mts)",170,"Grande",-68.8528301769,-32.8637144196,6,"0",0.185148665048544
13462,"Morera","Bajo (2 - 4 mts)",36,"Mediano",-68.8528430379,-32.8635756106,6,"0",0.185148665048544
13465,"Morera","Medio (4 - 8 mts)",84,"Grande",-68.8526726577,-32.8633918132,6,"0",0.185148665048544
13467,"Fresno europeo","Bajo (2 - 4 mts)",70,"Grande",-68.8524628755,-32.8633796284,6,"0",0.0420032310177706
13469,"Morera","Medio (4 - 8 mts)",104,"Grande",-68.8523564574,-32.8633739782,6,"0",0.185148665048544
13470,"Morera","Medio (4 - 8 mts)",80,"Grande",-68.8523096919,-32.863371501,6,"1",0.185148665048544
13474,"Acer","Medio (4 - 8 mts)",70,"Grande",-68.8521459383,-32.8634710505,6,"0",0.0204081632653061
13480,"Fresno europeo","Medio (4 - 8 mts)",80,"Grande",-68.8521148031,-32.8639291886,6,"0",0.0420032310177706
13483,"Fresno europeo","Medio (4 - 8 mts)",110,"Grande",-68.8520931792,-32.8640915349,6,"0",0.0420032310177706
13484,"Acer","Medio (4 - 8 mts)",140,"Grande",-68.8519920021,-32.8638600231,6,"0",0.0204081632653061
13485,"Morera","Alto (> 8 mts)",160,"Grande",-68.8519959131,-32.8638352194,6,"0",0.185148665048544
13487,"Morera","Alto (> 8 mts)",140,"Grande",-68.8520064717,-32.8636882293,6,"0",0.185148665048544
13488,"Morera","Alto (> 8 mts)",160,"Grande",-68.8520152344,-32.8635919756,6,"0",0.185148665048544
13489,"Morera","Medio (4 - 8 mts)",100,"Grande",-68.8520189033,-32.8635572602,6,"0",0.185148665048544
13490,"Morera","Alto (> 8 mts)",140,"Grande",-68.85202584,-32.8634822644,6,"0",0.185148665048544
13491,"Morera","Alto (> 8 mts)",140,"Grande",-68.8520296361,-32.8634410614,6,"0",0.185148665048544
13495,"Fresno europeo","Alto (> 8 mts)",160,"Grande",-68.8519098814,-32.8633509711,6,"0",0.0420032310177706
13498,"Fresno europeo","Alto (> 8 mts)",150,"Grande",-68.8517020871,-32.8633442328,6,"0",0.0420032310177706
13499,"Fresno europeo","Muy bajo (1 - 2 mts)",6,"Chico",-68.8515927933,-32.8633415784,6,"0",0.0420032310177706
13502,"Fresno europeo","Medio (4 - 8 mts)",60,"Mediano",-68.8514425005,-32.8633363289,6,"0",0.0420032310177706
13505,"Fresno europeo","Medio (4 - 8 mts)",104,"Grande",-68.8513799626,-32.8635360018,6,"0",0.0420032310177706
13506,"Morera","Alto (> 8 mts)",150,"Grande",-68.8513764548,-32.8635892879,6,"1",0.185148665048544
13508,"Morera","Medio (4 - 8 mts)",70,"Grande",-68.8513684807,-32.8637580758,6,"1",0.185148665048544
13511,"Acer","Alto (> 8 mts)",160,"Grande",-68.8519834878,-32.8639417797,6,"0",0.0204081632653061
13515,"Morera","Alto (> 8 mts)",180,"Grande",-68.8519657019,-32.8641719957,6,"1",0.185148665048544
13517,"Morera","Bajo (2 - 4 mts)",28,"Mediano",-68.8519602953,-32.8642764138,6,"0",0.185148665048544
13522,"Morera","Alto (> 8 mts)",100,"Grande",-68.8519286414,-32.8645991201,6,"1",0.185148665048544
13526,"Fresno europeo","Alto (> 8 mts)",130,"Grande",-68.8518618174,-32.8647716453,6,"0",0.0420032310177706
13527,"Morera","Alto (> 8 mts)",140,"Grande",-68.8515283182,-32.8647451558,6,"0",0.185148665048544
13528,"Morera","Medio (4 - 8 mts)",110,"Grande",-68.8513195365,-32.8647250859,6,"1",0.185148665048544
13529,"Morera","Alto (> 8 mts)",140,"Grande",-68.8512884738,-32.8646638473,6,"0",0.185148665048544
13530,"Morera","Alto (> 8 mts)",160,"Grande",-68.8513006954,-32.8645416136,6,"0",0.185148665048544
13534,"Morera","Medio (4 - 8 mts)",90,"Grande",-68.8513235421,-32.8642665912,6,"0",0.185148665048544
13537,"Morera","Alto (> 8 mts)",220,"Grande",-68.8513416803,-32.8640682272,6,"0",0.185148665048544
13538,"Fresno europeo","Muy bajo (1 - 2 mts)",6,"Chico",-68.851358064,-32.8639129016,6,"0",0.0420032310177706
13540,"Morera","Alto (> 8 mts)",160,"Grande",-68.8511938807,-32.8643133469,6,"0",0.185148665048544
13542,"Fresno europeo","Muy bajo (1 - 2 mts)",5,"Chico",-68.8511820317,-32.8644682999,6,"0",0.0420032310177706
13545,"Fresno europeo","Muy bajo (1 - 2 mts)",5,"Chico",-68.8511607497,-32.8646724184,6,"0",0.0420032310177706
13549,"Morera","Medio (4 - 8 mts)",130,"Grande",-68.8508327732,-32.8646852115,6,"0",0.185148665048544
13556,"Paraiso sombrilla","Bajo (2 - 4 mts)",40,"Mediano",-68.8505210786,-32.8643864144,6,"0",0.022887323943662
13561,"Morera","Alto (> 8 mts)",200,"Grande",-68.8505678314,-32.8638316246,6,"0",0.185148665048544
13562,"Morera","Alto (> 8 mts)",180,"Grande",-68.8505718874,-32.8637779533,6,"0",0.185148665048544
13563,"Morera","Bajo (2 - 4 mts)",24,"Mediano",-68.8505853328,-32.8636291617,6,"0",0.185148665048544
13564,"Morera","Bajo (2 - 4 mts)",30,"Mediano",-68.8505901967,-32.8635524332,6,"0",0.185148665048544
13571,"Morera","Alto (> 8 mts)",180,"Grande",-68.8507801104,-32.8632867219,6,"0",0.185148665048544
13572,"Paraiso","Medio (4 - 8 mts)",38,"Mediano",-68.8504010948,-32.8660945533,6,"0",0.0859023207481815
13574,"Paraiso","Alto (> 8 mts)",160,"Grande",-68.8512607443,-32.8652524879,6,"0",0.0859023207481815
13582,"Morera","Alto (> 8 mts)",190,"Grande",-68.8517721392,-32.8648897631,6,"0",0.185148665048544
13585,"Liquidambar","Bajo (2 - 4 mts)",25,"Mediano",-68.8518847144,-32.8650180706,6,"0",0
13591,"Paraiso","Alto (> 8 mts)",190,"Grande",-68.8512464723,-32.8654207291,6,"0",0.0859023207481815
13592,"Paraiso","Alto (> 8 mts)",110,"Grande",-68.8512433062,-32.8654580519,6,"0",0.0859023207481815
13595,"Paraiso","Alto (> 8 mts)",150,"Grande",-68.8512315453,-32.8655966943,6,"0",0.0859023207481815
13597,"Paraiso","Alto (> 8 mts)",115,"Grande",-68.8512218155,-32.8657448655,6,"0",0.0859023207481815
13599,"Paraiso","Alto (> 8 mts)",100,"Grande",-68.8512083633,-32.8658699624,6,"0",0.0859023207481815
13601,"Paraiso","Alto (> 8 mts)",140,"Grande",-68.8511961914,-32.8660134527,6,"1",0.0859023207481815
13604,"Paraiso","Medio (4 - 8 mts)",140,"Grande",-68.8511804782,-32.8662364737,6,"0",0.0859023207481815
13615,"Morera","Alto (> 8 mts)",128,"Grande",-68.8517856584,-32.8660861591,6,"0",0.185148665048544
13617,"Morera","Alto (> 8 mts)",170,"Grande",-68.8517953053,-32.8659821348,6,"0",0.185148665048544
13621,"Tilo","Medio (4 - 8 mts)",50,"Mediano",-68.8518146295,-32.8657737723,6,"0",0
13622,"Fresno europeo","Alto (> 8 mts)",130,"Grande",-68.8518230252,-32.8656832457,6,"0",0.0420032310177706
13624,"Morera","Medio (4 - 8 mts)",115,"Grande",-68.8518314165,-32.8655927688,6,"0",0.185148665048544
13631,"Morera","Alto (> 8 mts)",110,"Grande",-68.8519482814,-32.8660175145,6,"0",0.185148665048544
13633,"Paraiso","Medio (4 - 8 mts)",55,"Mediano",-68.8519427315,-32.8661335209,6,"0",0.0859023207481815
13636,"Jacarand","Alto (> 8 mts)",94,"Grande",-68.8519175339,-32.8663530069,6,"1",0.103064066852368
13638,"Morera","Alto (> 8 mts)",170,"Grande",-68.8520198547,-32.8664069772,6,"0",0.185148665048544
13639,"Morera","Alto (> 8 mts)",210,"Grande",-68.8520598818,-32.8664089704,6,"0",0.185148665048544
13640,"Morera","Alto (> 8 mts)",200,"Grande",-68.8521960255,-32.866417179,6,"1",0.185148665048544
13644,"Fresno europeo","Alto (> 8 mts)",80,"Grande",-68.8526030701,-32.8663422947,6,"0",0.0420032310177706
13645,"Fresno europeo","Alto (> 8 mts)",180,"Grande",-68.8526102385,-32.8662691648,6,"0",0.0420032310177706
13646,"Acacia SP","Alto (> 8 mts)",190,"Grande",-68.8526153171,-32.8662315142,6,"0",0.150492264416315
13650,"Paraiso","Alto (> 8 mts)",150,"Grande",-68.8526353919,-32.8659926455,6,"0",0.0859023207481815
13653,"Morera","Alto (> 8 mts)",160,"Grande",-68.851993316,-32.8655782781,6,"0",0.185148665048544
13659,"Olmo comun","Medio (4 - 8 mts)",40,"Mediano",-68.8520216831,-32.8652906501,6,"0",0.0227272727272727
13669,"Morera","Alto (> 8 mts)",160,"Grande",-68.8524130153,-32.8649579396,6,"0",0.185148665048544
13675,"Morera","Alto (> 8 mts)",97,"Grande",-68.8527246445,-32.8650330962,6,"0",0.185148665048544
13676,"Paraiso","Alto (> 8 mts)",240,"Grande",-68.8527178198,-32.8651084221,6,"0",0.0859023207481815
13677,"Fresno europeo","Bajo (2 - 4 mts)",43,"Mediano",-68.8527126058,-32.8651524214,6,"0",0.0420032310177706
13679,"Morera","Alto (> 8 mts)",190,"Grande",-68.8527085751,-32.8652238877,6,"0",0.185148665048544
13683,"Morera","Alto (> 8 mts)",150,"Grande",-68.8526927089,-32.8653815845,6,"0",0.185148665048544
13684,"Morera","Alto (> 8 mts)",185,"Grande",-68.8526892022,-32.8654262296,6,"0",0.185148665048544
13688,"Paraiso","Alto (> 8 mts)",190,"Grande",-68.8526629243,-32.8657033032,6,"0",0.0859023207481815
13689,"Morera","Alto (> 8 mts)",110,"Grande",-68.8526570049,-32.8657383685,6,"0",0.185148665048544
13690,"Fresno americano","Alto (> 8 mts)",180,"Grande",-68.8532469386,-32.8650557365,6,"0",0.0512455516014235
13691,"Acacia SP","Alto (> 8 mts)",155,"Grande",-68.8531277448,-32.8650419865,6,"0",0.150492264416315
13692,"Olmo bola","Alto (> 8 mts)",140,"Grande",-68.8530656527,-32.8650338091,6,"0",0.0231481481481481
13694,"Fresno europeo","Bajo (2 - 4 mts)",15,"Chico",-68.8528733471,-32.8650604347,6,"0",0.0420032310177706
13696,"Morera","Alto (> 8 mts)",56,"Mediano",-68.8528673712,-32.8651265328,6,"0",0.185148665048544
13705,"Paraiso sombrilla","Medio (4 - 8 mts)",57,"Mediano",-68.8533180113,-32.8655842205,6,"0",0.022887323943662
13707,"Tilo","Bajo (2 - 4 mts)",15,"Chico",-68.8535133267,-32.8655965519,6,"0",0
13712,"Fresno europeo","Alto (> 8 mts)",160,"Grande",-68.851250704,-32.8633325159,6,"0",0.0420032310177706
13714,"Morera","Medio (4 - 8 mts)",110,"Grande",-68.8512704501,-32.8634472585,6,"0",0.185148665048544
13723,"Morera","Muy bajo (1 - 2 mts)",20,"Chico",-68.8512060768,-32.8641347499,6,"0",0.185148665048544
13724,"Morera","Bajo (2 - 4 mts)",36,"Mediano",-68.8512064614,-32.8641853707,6,"0",0.185148665048544
13726,"Fresno americano","Bajo (2 - 4 mts)",90,"Grande",-68.8498000247,-32.8635522679,6,"0",0.0512455516014235
13731,"Fresno europeo","Bajo (2 - 4 mts)",140,"Grande",-68.8498244192,-32.8633084499,6,"0",0.0420032310177706
13735,"Morera","Alto (> 8 mts)",200,"Grande",-68.849832368,-32.8631481497,6,"1",0.185148665048544
13736,"Acer","Alto (> 8 mts)",100,"Grande",-68.8499046921,-32.8631561155,6,"0",0.0204081632653061
13737,"Olmo bola","Medio (4 - 8 mts)",120,"Grande",-68.8499547971,-32.8631625317,6,"0",0.0231481481481481
13740,"Morera","Alto (> 8 mts)",180,"Grande",-68.8500954518,-32.863184689,6,"0",0.185148665048544
13744,"Conifera","Medio (4 - 8 mts)",100,"Grande",-68.8502885896,-32.8632185094,6,"0",0.021505376344086
13747,"Morera","Alto (> 8 mts)",144,"Grande",-68.8504822284,-32.8634225097,6,"0",0.185148665048544
13749,"Fresno europeo","Medio (4 - 8 mts)",90,"Grande",-68.8504663114,-32.8635446812,6,"0",0.0420032310177706
13752,"Fresno europeo","Muy bajo (1 - 2 mts)",6,"Chico",-68.8497728834,-32.8638960058,6,"0",0.0420032310177706
13753,"Paraiso","Medio (4 - 8 mts)",90,"Grande",-68.8497668365,-32.863967411,6,"0",0.0859023207481815
13754,"Fresno europeo","Medio (4 - 8 mts)",100,"Grande",-68.8497535697,-32.8640904919,6,"0",0.0420032310177706
13757,"Fresno europeo","Alto (> 8 mts)",160,"Grande",-68.849736547,-32.8643139368,6,"0",0.0420032310177706
13762,"Morera","Alto (> 8 mts)",120,"Grande",-68.8499316306,-32.8646110171,6,"0",0.185148665048544
13765,"Paraiso","Alto (> 8 mts)",60,"Mediano",-68.8501043691,-32.8646262861,6,"0",0.0859023207481815
13772,"Fresno europeo","Medio (4 - 8 mts)",90,"Grande",-68.8504190899,-32.8641829782,6,"0",0.0420032310177706
13776,"Fresno europeo","Alto (> 8 mts)",120,"Grande",-68.850434792,-32.8639859531,6,"0",0.0420032310177706
13778,"Fresno europeo","Muy bajo (1 - 2 mts)",6,"Chico",-68.8504398988,-32.8638835663,6,"0",0.0420032310177706
13779,"Fresno europeo","Muy bajo (1 - 2 mts)",6,"Chico",-68.8504406971,-32.8638535408,6,"0",0.0420032310177706
13782,"Morera","Alto (> 8 mts)",130,"Grande",-68.849637474,-32.8641147856,6,"0",0.185148665048544
13784,"Morera","Alto (> 8 mts)",160,"Grande",-68.849626173,-32.8642410175,6,"0",0.185148665048544
13785,"Fresno europeo","Muy bajo (1 - 2 mts)",6,"Chico",-68.8496173289,-32.8643092291,6,"0",0.0420032310177706
13786,"Paraiso","Alto (> 8 mts)",130,"Grande",-68.8496090334,-32.8643701602,6,"1",0.0859023207481815
13800,"Morera","Alto (> 8 mts)",140,"Grande",-68.8492178464,-32.8641325237,6,"0",0.185148665048544
13802,"Morera","Alto (> 8 mts)",124,"Grande",-68.8492252777,-32.8640533412,6,"0",0.185148665048544
13803,"Paraiso","Alto (> 8 mts)",120,"Grande",-68.8492295463,-32.8639932033,6,"0",0.0859023207481815
13809,"Morera","Alto (> 8 mts)",150,"Grande",-68.8492682707,-32.8635758759,6,"0",0.185148665048544
13816,"Fresno europeo","Bajo (2 - 4 mts)",56,"Mediano",-68.8497328149,-32.8630006021,6,"0",0.0420032310177706
13819,"Fresno europeo","Bajo (2 - 4 mts)",44,"Mediano",-68.8497137105,-32.8631977781,6,"0",0.0420032310177706
13820,"Morera","Alto (> 8 mts)",170,"Grande",-68.8496889265,-32.8634695906,6,"0",0.185148665048544
13827,"Olmo bola","Bajo (2 - 4 mts)",60,"Mediano",-68.8491552616,-32.8634427189,6,"0",0.0231481481481481
13829,"Paraiso sombrilla","Muy bajo (1 - 2 mts)",6,"Chico",-68.8491620237,-32.8633643517,6,"0",0.022887323943662
13830,"Morera","Alto (> 8 mts)",130,"Grande",-68.849168959,-32.8632853327,6,"0",0.185148665048544
13842,"Morera","Medio (4 - 8 mts)",130,"Grande",-68.848757542,-32.8632342401,6,"0",0.185148665048544
13846,"Morera","Medio (4 - 8 mts)",110,"Grande",-68.8487397984,-32.8635114963,6,"1",0.185148665048544
13851,"Aguaribay","Bajo (2 - 4 mts)",90,"Grande",-68.8760293937,-32.8689558994,8,"0",0.106529209621993
13852,"Aguaribay","Medio (4 - 8 mts)",100,"Grande",-68.8759433026,-32.8689779246,8,"0",0.106529209621993
13854,"Aguaribay","Bajo (2 - 4 mts)",55,"Mediano",-68.8752584027,-32.8685497498,8,"0",0.106529209621993
13859,"Aguaribay","Bajo (2 - 4 mts)",40,"Mediano",-68.875114108,-32.8680449929,8,"0",0.106529209621993
13861,"Aguaribay","Bajo (2 - 4 mts)",70,"Grande",-68.8750779348,-32.8679103121,8,"0",0.106529209621993
13865,"Morera","Bajo (2 - 4 mts)",45,"Mediano",-68.8759273561,-32.8677268906,8,"0",0.185148665048544
13875,"Paraiso","Bajo (2 - 4 mts)",76,"Grande",-68.8760540238,-32.8681789521,8,"0",0.0859023207481815
13876,"Paraiso","Bajo (2 - 4 mts)",36,"Mediano",-68.8760641378,-32.8682182066,8,"0",0.0859023207481815
13877,"Paraiso","Bajo (2 - 4 mts)",90,"Grande",-68.8760697154,-32.8682472242,8,"0",0.0859023207481815
13878,"Aguaribay","Medio (4 - 8 mts)",100,"Grande",-68.8760841275,-32.8683059189,8,"0",0.106529209621993
13880,"Aguaribay","Bajo (2 - 4 mts)",100,"Grande",-68.8761007633,-32.868367569,8,"0",0.106529209621993
13881,"Aguaribay","Bajo (2 - 4 mts)",100,"Grande",-68.8761120301,-32.8684138326,8,"0",0.106529209621993
13882,"Aguaribay","Muy bajo (1 - 2 mts)",20,"Chico",-68.8761273964,-32.8684641272,8,"0",0.106529209621993
13887,"Aguaribay","Bajo (2 - 4 mts)",90,"Grande",-68.8762287898,-32.8688603035,8,"0",0.106529209621993
13888,"Fresno europeo","Muy bajo (1 - 2 mts)",15,"Chico",-68.8755500595,-32.8664236932,8,"0",0.0420032310177706
13889,"Fresno europeo","Bajo (2 - 4 mts)",20,"Chico",-68.8755587063,-32.8664559139,8,"0",0.0420032310177706
13895,"Morera","Bajo (2 - 4 mts)",60,"Mediano",-68.8756272074,-32.866678782,8,"0",0.185148665048544
13902,"Morera","Bajo (2 - 4 mts)",33,"Mediano",-68.8757249045,-32.8670754041,8,"0",0.185148665048544
13908,"Morera","Muy bajo (1 - 2 mts)",12,"Chico",-68.8758189996,-32.8674160985,8,"0",0.185148665048544
13909,"Morera","Muy bajo (1 - 2 mts)",15,"Chico",-68.8758317752,-32.867457472,8,"0",0.185148665048544
13912,"Morera","Alto (> 8 mts)",63,"Grande",-68.8761046161,-32.8660072365,8,"1",0.185148665048544
13913,"Paraiso","Alto (> 8 mts)",110,"Grande",-68.8760505521,-32.8660147382,8,"0",0.0859023207481815
13915,"Paraiso","Medio (4 - 8 mts)",100,"Grande",-68.8758728802,-32.8660467995,8,"0",0.0859023207481815
13918,"Jacarand","Bajo (2 - 4 mts)",66,"Grande",-68.8757359767,-32.8660742825,8,"0",0.103064066852368
13921,"Fresno europeo","Medio (4 - 8 mts)",40,"Mediano",-68.8756270603,-32.866027911,8,"0",0.0420032310177706
13922,"Caducifolio","Medio (4 - 8 mts)",30,"Mediano",-68.8756147709,-32.8659683364,8,"0",0.0512249443207127
13924,"Fresno europeo","Bajo (2 - 4 mts)",12,"Chico",-68.8755692322,-32.8658227106,8,"0",0.0420032310177706
13927,"Fresno europeo","Bajo (2 - 4 mts)",28,"Mediano",-68.8755260823,-32.865658257,8,"0",0.0420032310177706
13928,"Jacarand","Alto (> 8 mts)",100,"Grande",-68.8755121474,-32.8655835304,8,"0",0.103064066852368
13930,"Jacarand","Alto (> 8 mts)",78,"Grande",-68.8754973051,-32.8655358205,8,"0",0.103064066852368
13933,"Morera","Alto (> 8 mts)",145,"Grande",-68.8754554273,-32.8653794879,8,"0",0.185148665048544
13944,"Jacarand","Medio (4 - 8 mts)",85,"Grande",-68.8764471337,-32.8656720471,8,"0",0.103064066852368
13947,"Paraiso sombrilla","Medio (4 - 8 mts)",130,"Grande",-68.8763300531,-32.8652165021,8,"0",0.022887323943662
13955,"Paraiso sombrilla","Medio (4 - 8 mts)",90,"Grande",-68.8769003675,-32.8646700175,8,"0",0.022887323943662
13956,"Caducifolio","Muy bajo (1 - 2 mts)",8,"Chico",-68.8770252567,-32.864732031,8,"0",0.0512249443207127
13961,"Conifera","Medio (4 - 8 mts)",130,"Grande",-68.8771497296,-32.8652084812,8,"0",0.021505376344086
13964,"Paraiso sombrilla","Muy bajo (1 - 2 mts)",15,"Chico",-68.8779663584,-32.8647380606,8,"0",0.022887323943662
13969,"Acer","Bajo (2 - 4 mts)",40,"Mediano",-68.8780126577,-32.8649362651,8,"0",0.0204081632653061
13970,"lamo criollo","Alto (> 8 mts)",40,"Mediano",-68.8780174028,-32.8649532387,8,"0",0.0128205128205128
13976,"Paraiso sombrilla","Medio (4 - 8 mts)",58,"Mediano",-68.8780975976,-32.8652089206,8,"0",0.022887323943662
13979,"Morera","Bajo (2 - 4 mts)",26,"Mediano",-68.8781870524,-32.8655423655,8,"0",0.185148665048544
13980,"Morera","Bajo (2 - 4 mts)",66,"Grande",-68.8781364676,-32.8656171037,8,"0",0.185148665048544
13981,"Morera","Bajo (2 - 4 mts)",65,"Grande",-68.8780898615,-32.8656287687,8,"0",0.185148665048544
13985,"Morera","Medio (4 - 8 mts)",55,"Mediano",-68.8776114419,-32.8657154135,8,"0",0.185148665048544
13989,"Paraiso","Bajo (2 - 4 mts)",100,"Grande",-68.8781281854,-32.8644271477,8,"0",0.0859023207481815
13993,"Paraiso","Medio (4 - 8 mts)",60,"Mediano",-68.8780368509,-32.8645406778,8,"0",0.0859023207481815
13994,"Fresno americano","Bajo (2 - 4 mts)",12,"Chico",-68.8780936209,-32.8647676494,8,"0",0.0512455516014235
13995,"Fresno americano","Bajo (2 - 4 mts)",12,"Chico",-68.8781017882,-32.8648049848,8,"0",0.0512455516014235
13998,"Aguaribay","Medio (4 - 8 mts)",120,"Grande",-68.8781423054,-32.8649422371,8,"0",0.106529209621993
14000,"Morera","Bajo (2 - 4 mts)",28,"Mediano",-68.8781692343,-32.8650506887,8,"0",0.185148665048544
14007,"Paraiso sombrilla","Bajo (2 - 4 mts)",120,"Grande",-68.8782658019,-32.8654184148,8,"0",0.022887323943662
14015,"Paraiso sombrilla","Bajo (2 - 4 mts)",90,"Grande",-68.878643733,-32.8655193824,8,"0",0.022887323943662
14016,"Paraiso","Bajo (2 - 4 mts)",80,"Grande",-68.8786907973,-32.8655117266,8,"0",0.0859023207481815
14017,"Morera","Bajo (2 - 4 mts)",60,"Mediano",-68.8787389228,-32.8655031449,8,"0",0.185148665048544
14022,"Morera","Bajo (2 - 4 mts)",36,"Mediano",-68.878869795,-32.8653304825,8,"0",0.185148665048544
14025,"Paraiso sombrilla","Bajo (2 - 4 mts)",100,"Grande",-68.8788369589,-32.865219672,8,"0",0.022887323943662
14028,"Morera","Bajo (2 - 4 mts)",38,"Mediano",-68.8787981535,-32.865082977,8,"0",0.185148665048544
14032,"Morera","Muy bajo (1 - 2 mts)",7,"Chico",-68.8787582531,-32.8649117262,8,"0",0.185148665048544
14033,"Morera","Bajo (2 - 4 mts)",56,"Mediano",-68.8787485378,-32.8648654453,8,"0",0.185148665048544
14037,"Paraiso sombrilla","Bajo (2 - 4 mts)",50,"Mediano",-68.8786992895,-32.8646952629,8,"0",0.022887323943662
14039,"Morera","Medio (4 - 8 mts)",120,"Grande",-68.8786755968,-32.8646171125,8,"0",0.185148665048544
14049,"Acer","Medio (4 - 8 mts)",35,"Mediano",-68.8763403882,-32.867558247,8,"0",0.0204081632653061
14052,"Jacarand","Medio (4 - 8 mts)",75,"Grande",-68.8762268944,-32.8675804742,8,"0",0.103064066852368
14056,"Jacarand","Medio (4 - 8 mts)",50,"Mediano",-68.8760657544,-32.867660498,8,"1",0.103064066852368
14058,"Morera","Medio (4 - 8 mts)",78,"Grande",-68.8760825034,-32.8677183087,8,"0",0.185148665048544
14066,"Paraiso","Bajo (2 - 4 mts)",25,"Mediano",-68.8761600989,-32.8680045548,8,"0",0.0859023207481815
14068,"Morera","Medio (4 - 8 mts)",45,"Mediano",-68.8761979242,-32.8681371991,8,"1",0.185148665048544
14069,"Morera","Alto (> 8 mts)",140,"Grande",-68.8762018436,-32.8681562261,8,"0",0.185148665048544
14072,"Acacia SP","Medio (4 - 8 mts)",50,"Mediano",-68.8762335164,-32.8682829546,8,"0",0.150492264416315
14075,"Paraiso","Medio (4 - 8 mts)",22,"Mediano",-68.8762751054,-32.8684391558,8,"0",0.0859023207481815
14082,"Acer","Bajo (2 - 4 mts)",18,"Chico",-68.8763328677,-32.8686372351,8,"0",0.0204081632653061
14087,"Morera","Medio (4 - 8 mts)",50,"Mediano",-68.8763741984,-32.8688173291,8,"1",0.185148665048544
14088,"Morera","Alto (> 8 mts)",120,"Grande",-68.8763904082,-32.8688558556,8,"0",0.185148665048544
14097,"Paraiso sombrilla","Medio (4 - 8 mts)",80,"Grande",-68.8768095613,-32.8688141987,8,"0",0.022887323943662
14099,"Prunas","Medio (4 - 8 mts)",40,"Mediano",-68.8768774387,-32.8688038816,8,"0",0.0321782178217822
14100,"Acer","Medio (4 - 8 mts)",30,"Mediano",-68.8769047016,-32.8687901684,8,"0",0.0204081632653061
14101,"Acer","Medio (4 - 8 mts)",48,"Mediano",-68.8769441157,-32.8687915976,8,"0",0.0204081632653061
14104,"Paraiso","Medio (4 - 8 mts)",75,"Grande",-68.8770504104,-32.8687809837,8,"0",0.0859023207481815
14105,"Acer","Medio (4 - 8 mts)",78,"Grande",-68.8770697989,-32.8687639481,8,"0",0.0204081632653061
14109,"Paraiso","Alto (> 8 mts)",100,"Grande",-68.8771358395,-32.86866451,8,"0",0.0859023207481815
14113,"Fresno europeo","Muy bajo (1 - 2 mts)",18,"Chico",-68.877094888,-32.8685136035,8,"0",0.0420032310177706
14114,"Caducifolio","Bajo (2 - 4 mts)",45,"Mediano",-68.876362326,-32.8672139698,8,"1",0.0512249443207127
14116,"Morera","Alto (> 8 mts)",120,"Grande",-68.8762632564,-32.8672310943,8,"0",0.185148665048544
14123,"Acer","Alto (> 8 mts)",95,"Grande",-68.8761020606,-32.8674047194,8,"0",0.0204081632653061
14126,"Morera","Alto (> 8 mts)",95,"Grande",-68.8762655761,-32.8673748548,8,"0",0.185148665048544
14129,"Tilo","Alto (> 8 mts)",78,"Grande",-68.8764583616,-32.867356043,8,"0",0
14130,"Perenne","Medio (4 - 8 mts)",25,"Mediano",-68.8769120031,-32.8678407852,8,"0",0.0364741641337386
14131,"Paraiso","Medio (4 - 8 mts)",120,"Grande",-68.8769031827,-32.867820841,8,"0",0.0859023207481815
14138,"Jacarand","Medio (4 - 8 mts)",65,"Grande",-68.8762044035,-32.8671405058,8,"0",0.103064066852368
14139,"Acer","Medio (4 - 8 mts)",110,"Grande",-68.875852614,-32.8661994328,8,"0",0.0204081632653061
14142,"Morera","Alto (> 8 mts)",94,"Grande",-68.8757191231,-32.866373763,8,"0",0.185148665048544
14150,"Tilo","Medio (4 - 8 mts)",58,"Mediano",-68.8762046781,-32.8674726789,8,"0",0
14154,"Paraiso sombrilla","Medio (4 - 8 mts)",105,"Grande",-68.8764399724,-32.8674315057,8,"0",0.022887323943662
14161,"Acacia SP","Alto (> 8 mts)",70,"Grande",-68.8767399649,-32.8671709105,8,"0",0.150492264416315
14162,"Paraiso","Medio (4 - 8 mts)",73,"Grande",-68.8767284312,-32.8671390342,8,"0",0.0859023207481815
14163,"Morera","Medio (4 - 8 mts)",98,"Grande",-68.8767147175,-32.8670973984,8,"0",0.185148665048544
14164,"Morera","Alto (> 8 mts)",110,"Grande",-68.8767029695,-32.86705288,8,"0",0.185148665048544
14173,"Morera","Alto (> 8 mts)",100,"Grande",-68.8766015447,-32.8666584614,8,"0",0.185148665048544
14174,"Morera","Medio (4 - 8 mts)",22,"Mediano",-68.8765870744,-32.8665954349,8,"0",0.185148665048544
14176,"Morera","Alto (> 8 mts)",120,"Grande",-68.8765677145,-32.8665342123,8,"0",0.185148665048544
14177,"Acacia SP","Alto (> 8 mts)",100,"Grande",-68.8765615732,-32.8665117693,8,"1",0.150492264416315
14181,"Acer","Bajo (2 - 4 mts)",14,"Chico",-68.8765181386,-32.8663768635,8,"0",0.0204081632653061
14183,"Morera","Alto (> 8 mts)",111,"Grande",-68.8764893162,-32.8662427701,8,"0",0.185148665048544
14186,"Morera","Alto (> 8 mts)",97,"Grande",-68.8764499681,-32.8661144389,8,"0",0.185148665048544
14193,"Paraiso","Medio (4 - 8 mts)",135,"Grande",-68.8770986759,-32.8673028352,8,"0",0.0859023207481815
14200,"Aguaribay","Muy bajo (1 - 2 mts)",16,"Chico",-68.8768438801,-32.8671442524,8,"1",0.106529209621993
14204,"Aguaribay","Alto (> 8 mts)",130,"Grande",-68.8768030048,-32.8670179504,8,"0",0.106529209621993
14209,"Acer","Medio (4 - 8 mts)",55,"Mediano",-68.8767421578,-32.8667581355,8,"0",0.0204081632653061
14211,"Paraiso","Medio (4 - 8 mts)",125,"Grande",-68.876679712,-32.8665514513,8,"0",0.0859023207481815
14214,"Morera","Medio (4 - 8 mts)",110,"Grande",-68.876641294,-32.8663869677,8,"0",0.185148665048544
14215,"Morera","Medio (4 - 8 mts)",100,"Grande",-68.8766225193,-32.8663151922,8,"0",0.185148665048544
14217,"Morera","Medio (4 - 8 mts)",120,"Grande",-68.8765965597,-32.8662130739,8,"0",0.185148665048544
14218,"Morera","Alto (> 8 mts)",120,"Grande",-68.8765843557,-32.8661777317,8,"0",0.185148665048544
14220,"Morera","Medio (4 - 8 mts)",80,"Grande",-68.8765681729,-32.8661146106,8,"0",0.185148665048544
14221,"Morera","Medio (4 - 8 mts)",70,"Grande",-68.8766281077,-32.8660547836,8,"1",0.185148665048544
14223,"Paraiso sombrilla","Medio (4 - 8 mts)",160,"Grande",-68.8767250125,-32.8660321257,8,"0",0.022887323943662
14226,"Fresno europeo","Bajo (2 - 4 mts)",30,"Mediano",-68.8768415709,-32.8660043204,8,"1",0.0420032310177706
14230,"Paraiso sombrilla","Alto (> 8 mts)",160,"Grande",-68.8771409583,-32.86595199,8,"0",0.022887323943662
14234,"Paraiso","Muy bajo (1 - 2 mts)",20,"Chico",-68.8773754911,-32.866062594,8,"0",0.0859023207481815
14238,"Morera","Bajo (2 - 4 mts)",22,"Mediano",-68.877425393,-32.8662363103,8,"0",0.185148665048544
14241,"Acer","Bajo (2 - 4 mts)",35,"Mediano",-68.8775675264,-32.8667670829,8,"0",0.0204081632653061
14242,"Morera","Bajo (2 - 4 mts)",40,"Mediano",-68.877574044,-32.866796618,8,"0",0.185148665048544
14247,"Paraiso sombrilla","Bajo (2 - 4 mts)",60,"Mediano",-68.8776350949,-32.8670185813,8,"0",0.022887323943662
14249,"Paraiso sombrilla","Bajo (2 - 4 mts)",50,"Mediano",-68.8776653438,-32.8671042413,8,"0",0.022887323943662
14252,"Morera","Medio (4 - 8 mts)",60,"Mediano",-68.8775671735,-32.8672159699,8,"0",0.185148665048544
14254,"Morera","Medio (4 - 8 mts)",100,"Grande",-68.8776582417,-32.867301987,8,"0",0.185148665048544
14257,"Morera","Bajo (2 - 4 mts)",35,"Mediano",-68.8777517308,-32.8674583422,8,"0",0.185148665048544
14259,"Morera","Medio (4 - 8 mts)",100,"Grande",-68.8777861641,-32.8675805158,8,"0",0.185148665048544
14262,"Morera","Medio (4 - 8 mts)",130,"Grande",-68.877829976,-32.8677256973,8,"0",0.185148665048544
14270,"Paraiso sombrilla","Medio (4 - 8 mts)",110,"Grande",-68.8779651506,-32.8682785766,8,"0",0.022887323943662
14271,"Paraiso sombrilla","Medio (4 - 8 mts)",70,"Grande",-68.8779776591,-32.8683074421,8,"0",0.022887323943662
14274,"Prunas","Bajo (2 - 4 mts)",45,"Mediano",-68.8780063626,-32.868429859,8,"0",0.0321782178217822
14275,"Jacarand","Bajo (2 - 4 mts)",30,"Mediano",-68.878019989,-32.8684757821,8,"0",0.103064066852368
14278,"Jacarand","Medio (4 - 8 mts)",40,"Mediano",-68.8779534124,-32.8685936742,8,"0",0.103064066852368
14280,"Olmo bola","Medio (4 - 8 mts)",80,"Grande",-68.877835757,-32.8686213875,8,"0",0.0231481481481481
14285,"Fresno europeo","Medio (4 - 8 mts)",130,"Grande",-68.8774673622,-32.8686892783,8,"0",0.0420032310177706
14286,"Paraiso","Medio (4 - 8 mts)",105,"Grande",-68.8774267767,-32.8686990454,8,"0",0.0859023207481815
14288,"Jacarand","Medio (4 - 8 mts)",80,"Grande",-68.8773420069,-32.868716383,8,"0",0.103064066852368
14291,"Fresno americano","Alto (> 8 mts)",180,"Grande",-68.8772266562,-32.8685686263,8,"0",0.0512455516014235
14292,"Acer","Medio (4 - 8 mts)",150,"Grande",-68.8772161735,-32.8685375301,8,"1",0.0204081632653061
14299,"Fresno americano","Bajo (2 - 4 mts)",45,"Mediano",-68.8771312627,-32.8682016257,8,"0",0.0512455516014235
14300,"Fresno americano","Bajo (2 - 4 mts)",42,"Mediano",-68.8771195988,-32.8681686528,8,"0",0.0512455516014235
14303,"Acer","Medio (4 - 8 mts)",62,"Grande",-68.8770991265,-32.8680768283,8,"0",0.0204081632653061
14309,"Caducifolio","Muy bajo (1 - 2 mts)",40,"Mediano",-68.8769805102,-32.8676655514,8,"0",0.0512249443207127
14312,"Prunas","Bajo (2 - 4 mts)",95,"Grande",-68.8769496668,-32.8675495973,8,"0",0.0321782178217822
14313,"Fresno americano","Bajo (2 - 4 mts)",22,"Mediano",-68.8769392846,-32.8675047683,8,"0",0.0512455516014235
14314,"Morera","Medio (4 - 8 mts)",120,"Grande",-68.8769892806,-32.8674322977,8,"0",0.185148665048544
14315,"Morera","Bajo (2 - 4 mts)",40,"Mediano",-68.8770378043,-32.8674232302,8,"0",0.185148665048544
14317,"Jacarand","Muy bajo (1 - 2 mts)",16,"Chico",-68.877142569,-32.8674052262,8,"1",0.103064066852368
14320,"Acer","Medio (4 - 8 mts)",70,"Grande",-68.8773707868,-32.8673613833,8,"0",0.0204081632653061
14323,"Paraiso sombrilla","Bajo (2 - 4 mts)",60,"Mediano",-68.8784914547,-32.8670351479,8,"0",0.022887323943662
14324,"Morera","Bajo (2 - 4 mts)",36,"Mediano",-68.8784367667,-32.8670455256,8,"0",0.185148665048544
14325,"Paraiso sombrilla","Bajo (2 - 4 mts)",80,"Grande",-68.8783864555,-32.8670548182,8,"0",0.022887323943662
14327,"Paraiso sombrilla","Bajo (2 - 4 mts)",44,"Mediano",-68.8782712342,-32.8670800348,8,"0",0.022887323943662
14328,"Paraiso","Medio (4 - 8 mts)",100,"Grande",-68.8781472665,-32.8670998479,8,"0",0.0859023207481815
14330,"Paraiso","Bajo (2 - 4 mts)",26,"Mediano",-68.878047579,-32.8671198982,8,"0",0.0859023207481815
14331,"Acer","Bajo (2 - 4 mts)",22,"Mediano",-68.8779954938,-32.8671293432,8,"0",0.0204081632653061
14338,"Paraiso sombrilla","Bajo (2 - 4 mts)",82,"Grande",-68.8777330672,-32.8669676249,8,"0",0.022887323943662
14339,"Paraiso sombrilla","Bajo (2 - 4 mts)",36,"Mediano",-68.8777263151,-32.8669368678,8,"0",0.022887323943662
14340,"Morera","Medio (4 - 8 mts)",100,"Grande",-68.8777075667,-32.8668568763,8,"0",0.185148665048544
14341,"Morera","Medio (4 - 8 mts)",92,"Grande",-68.8776874176,-32.8667691316,8,"0",0.185148665048544
14343,"Morera","Medio (4 - 8 mts)",87,"Grande",-68.8776450123,-32.8666163059,8,"0",0.185148665048544
14345,"Morera","Medio (4 - 8 mts)",80,"Grande",-68.8776193866,-32.8665167752,8,"0",0.185148665048544
14348,"Tilo","Medio (4 - 8 mts)",60,"Mediano",-68.8775473508,-32.8662314425,8,"0",0
14351,"Morera","Medio (4 - 8 mts)",96,"Grande",-68.8774642819,-32.865949125,8,"0",0.185148665048544
14352,"Morera","Bajo (2 - 4 mts)",55,"Mediano",-68.877508458,-32.8658804871,8,"0",0.185148665048544
14357,"Morera","Bajo (2 - 4 mts)",25,"Mediano",-68.8777123245,-32.865841726,8,"0",0.185148665048544
14359,"Fresno europeo","Bajo (2 - 4 mts)",32,"Mediano",-68.8778218303,-32.8658172979,8,"0",0.0420032310177706
14362,"Morera","Bajo (2 - 4 mts)",55,"Mediano",-68.8779380882,-32.865796236,8,"0",0.185148665048544
14365,"Paraiso sombrilla","Bajo (2 - 4 mts)",86,"Grande",-68.8780789165,-32.8657708093,8,"0",0.022887323943662
14366,"Morera","Bajo (2 - 4 mts)",30,"Mediano",-68.8781189844,-32.8657634626,8,"0",0.185148665048544
14367,"Paraiso sombrilla","Bajo (2 - 4 mts)",26,"Mediano",-68.8781570124,-32.8657587134,8,"0",0.022887323943662
14370,"Morera","Medio (4 - 8 mts)",110,"Grande",-68.8782775628,-32.8659146329,8,"0",0.185148665048544
14375,"Paraiso sombrilla","Bajo (2 - 4 mts)",72,"Grande",-68.8783311559,-32.8661210588,8,"0",0.022887323943662
14380,"Paraiso sombrilla","Bajo (2 - 4 mts)",60,"Mediano",-68.8784406373,-32.8665179771,8,"0",0.022887323943662
14383,"Paraiso sombrilla","Bajo (2 - 4 mts)",22,"Mediano",-68.8785615902,-32.8669645032,8,"0",0.022887323943662
14387,"Prunas","Bajo (2 - 4 mts)",26,"Mediano",-68.8780330292,-32.8672358529,8,"0",0.0321782178217822
14388,"Fresno europeo","Muy bajo (1 - 2 mts)",12,"Chico",-68.8781140149,-32.8672226399,8,"0",0.0420032310177706
14389,"Tilo","Bajo (2 - 4 mts)",26,"Mediano",-68.8781497262,-32.8672138183,8,"0",0
14390,"Fresno europeo","Bajo (2 - 4 mts)",32,"Mediano",-68.8781877945,-32.8672081188,8,"0",0.0420032310177706
14402,"Jacarand","Bajo (2 - 4 mts)",35,"Mediano",-68.878645814,-32.8672603861,8,"0",0.103064066852368
14410,"Morera","Medio (4 - 8 mts)",100,"Grande",-68.8787087704,-32.8675172383,8,"0",0.185148665048544
14411,"Morera","Medio (4 - 8 mts)",85,"Grande",-68.8787334347,-32.8676223981,8,"0",0.185148665048544
14414,"Morera","Bajo (2 - 4 mts)",70,"Grande",-68.8788525499,-32.8680608294,8,"0",0.185148665048544
14416,"Paraiso","Bajo (2 - 4 mts)",56,"Mediano",-68.8788951029,-32.8682021545,8,"0",0.0859023207481815
14417,"Conifera","Bajo (2 - 4 mts)",25,"Mediano",-68.878913149,-32.8682471512,8,"0",0.021505376344086
14419,"Morera","Medio (4 - 8 mts)",66,"Grande",-68.878932189,-32.8683219202,8,"0",0.185148665048544
14421,"Morera","Bajo (2 - 4 mts)",17,"Chico",-68.8788638127,-32.8684262018,8,"0",0.185148665048544
14424,"Morera","Bajo (2 - 4 mts)",28,"Mediano",-68.8787487338,-32.8684500339,8,"0",0.185148665048544
14426,"Aguaribay","Medio (4 - 8 mts)",86,"Grande",-68.8785937882,-32.8684784656,8,"0",0.106529209621993
14432,"Morera","Medio (4 - 8 mts)",75,"Grande",-68.8781033593,-32.8683440265,8,"0",0.185148665048544
14435,"Fresno americano","Bajo (2 - 4 mts)",32,"Mediano",-68.8780568622,-32.8681578271,8,"0",0.0512455516014235
14436,"Morera","Bajo (2 - 4 mts)",30,"Mediano",-68.8780448861,-32.8681060671,8,"0",0.185148665048544
14444,"Morera","Medio (4 - 8 mts)",72,"Grande",-68.877920668,-32.8676259817,8,"0",0.185148665048544
14449,"Acer","Muy bajo (1 - 2 mts)",12,"Chico",-68.8778468397,-32.8673959016,8,"0",0.0204081632653061
14454,"Acer","Bajo (2 - 4 mts)",62,"Grande",-68.8783875703,-32.8658803006,8,"0",0.0204081632653061
14455,"Acer","Bajo (2 - 4 mts)",62,"Grande",-68.8783983505,-32.8659118785,8,"0",0.0204081632653061
14459,"Acacia SP","Bajo (2 - 4 mts)",64,"Grande",-68.8784245827,-32.8660309837,8,"0",0.150492264416315
14462,"Morera","Medio (4 - 8 mts)",70,"Grande",-68.8784803188,-32.8661964332,8,"0",0.185148665048544
14463,"Morera","Medio (4 - 8 mts)",130,"Grande",-68.8784886624,-32.8662324081,8,"0",0.185148665048544
14464,"Morera","Bajo (2 - 4 mts)",15,"Chico",-68.8785002808,-32.8662730534,8,"0",0.185148665048544
14468,"Morera","Muy bajo (1 - 2 mts)",8,"Chico",-68.8785451312,-32.8664624836,8,"0",0.185148665048544
14473,"Fresno europeo","Muy bajo (1 - 2 mts)",12,"Chico",-68.8786302594,-32.8667787773,8,"0",0.0420032310177706
14476,"Acacia SP","Bajo (2 - 4 mts)",22,"Mediano",-68.8786484833,-32.8668600856,8,"0",0.150492264416315
14481,"Prunas","Muy bajo (1 - 2 mts)",3,"Chico",-68.8788782184,-32.8669662466,8,"0",0.0321782178217822
14482,"Prunas","Muy bajo (1 - 2 mts)",4,"Chico",-68.8789256725,-32.8669584748,8,"0",0.0321782178217822
14483,"Liquidambar","Bajo (2 - 4 mts)",14,"Chico",-68.8789957268,-32.8669450181,8,"0",0
14489,"Morera","Bajo (2 - 4 mts)",22,"Mediano",-68.879269877,-32.8668407539,8,"0",0.185148665048544
14494,"Olmo bola","Bajo (2 - 4 mts)",80,"Grande",-68.8791964687,-32.8665738371,8,"0",0.0231481481481481
14497,"Jacarand","Bajo (2 - 4 mts)",26,"Mediano",-68.8791644861,-32.8664404274,8,"0",0.103064066852368
14498,"Paraiso","Bajo (2 - 4 mts)",16,"Chico",-68.8791533858,-32.8664044066,8,"0",0.0859023207481815
14504,"Fresno americano","Bajo (2 - 4 mts)",62,"Grande",-68.8790805224,-32.8661443332,8,"0",0.0512455516014235
14509,"Fresno europeo","Bajo (2 - 4 mts)",22,"Mediano",-68.8790170598,-32.865906143,8,"0",0.0420032310177706
14514,"Jacarand","Bajo (2 - 4 mts)",38,"Mediano",-68.8789746301,-32.8657305933,8,"0",0.103064066852368
14517,"Acacia SP","Bajo (2 - 4 mts)",110,"Grande",-68.8788431648,-32.8656318936,8,"0",0.150492264416315
14518,"Morera","Bajo (2 - 4 mts)",46,"Mediano",-68.8787795692,-32.8656461166,8,"0",0.185148665048544
14519,"Morera","Bajo (2 - 4 mts)",62,"Grande",-68.87873396,-32.8656561335,8,"0",0.185148665048544
14526,"Morera","Muy bajo (1 - 2 mts)",2,"Chico",-68.8796412944,-32.8682088691,8,"0",0.185148665048544
14527,"Conifera","Muy bajo (1 - 2 mts)",16,"Chico",-68.879635309,-32.8681818215,8,"0",0.021505376344086
14528,"Conifera","Muy bajo (1 - 2 mts)",20,"Chico",-68.8796264402,-32.8681600388,8,"0",0.021505376344086
14530,"Paraiso","Bajo (2 - 4 mts)",60,"Mediano",-68.8796100693,-32.8681101801,8,"0",0.0859023207481815
14531,"Paraiso sombrilla","Bajo (2 - 4 mts)",90,"Grande",-68.8795954099,-32.8680627647,8,"0",0.022887323943662
14535,"Conifera","Medio (4 - 8 mts)",70,"Grande",-68.879555715,-32.867898572,8,"0",0.021505376344086
14540,"Paraiso","Medio (4 - 8 mts)",120,"Grande",-68.8795009442,-32.8677123543,8,"0",0.0859023207481815
14547,"Morera","Bajo (2 - 4 mts)",34,"Mediano",-68.8794269044,-32.8674381379,8,"0",0.185148665048544
14548,"Morera","Bajo (2 - 4 mts)",38,"Mediano",-68.879417963,-32.8673919634,8,"0",0.185148665048544
14552,"Aguaribay","Bajo (2 - 4 mts)",18,"Chico",-68.879368456,-32.8672175647,8,"0",0.106529209621993
14554,"Aguaribay","Bajo (2 - 4 mts)",18,"Chico",-68.8793422167,-32.8671316773,8,"0",0.106529209621993
14556,"Perenne","Muy bajo (1 - 2 mts)",60,"Mediano",-68.8793217983,-32.8670522011,8,"0",0.0364741641337386
14557,"Aguaribay","Medio (4 - 8 mts)",90,"Grande",-68.8792763814,-32.867004215,8,"1",0.106529209621993
14563,"Aguaribay","Alto (> 8 mts)",200,"Grande",-68.8789045661,-32.8670742339,8,"0",0.106529209621993
14564,"Aguaribay","Medio (4 - 8 mts)",35,"Mediano",-68.878838071,-32.8668690663,8,"1",0.106529209621993
14565,"Aguaribay","Medio (4 - 8 mts)",150,"Grande",-68.8787853488,-32.8670917042,8,"0",0.106529209621993
14566,"Aguaribay","Alto (> 8 mts)",220,"Grande",-68.8787347075,-32.8671700197,8,"0",0.106529209621993
14568,"Aguaribay","Alto (> 8 mts)",185,"Grande",-68.8787497744,-32.8672347444,8,"0",0.106529209621993
14569,"Aguaribay","Alto (> 8 mts)",140,"Grande",-68.8787626183,-32.8673022876,8,"0",0.106529209621993
14572,"Aguaribay","Alto (> 8 mts)",185,"Grande",-68.8787983584,-32.8674222531,8,"0",0.106529209621993
14575,"Jacarand","Bajo (2 - 4 mts)",50,"Mediano",-68.8788470874,-32.8675725047,8,"0",0.103064066852368
14581,"Aguaribay","Medio (4 - 8 mts)",138,"Grande",-68.8789192717,-32.8678293963,8,"1",0.106529209621993
14583,"Aguaribay","Bajo (2 - 4 mts)",35,"Mediano",-68.8789406394,-32.8679398891,8,"0",0.106529209621993
14590,"Aguaribay","Medio (4 - 8 mts)",90,"Grande",-68.8790381708,-32.8683114323,8,"0",0.106529209621993
14593,"Paraiso","Medio (4 - 8 mts)",68,"Grande",-68.8792623481,-32.8683447519,8,"0",0.0859023207481815
14594,"Paraiso","Medio (4 - 8 mts)",70,"Grande",-68.8793388675,-32.8683282318,8,"0",0.0859023207481815
14595,"Paraiso","Medio (4 - 8 mts)",65,"Grande",-68.8793911984,-32.8683176215,8,"0",0.0859023207481815
14596,"Paraiso","Medio (4 - 8 mts)",58,"Mediano",-68.8794456402,-32.8683096534,8,"0",0.0859023207481815
14597,"Morera","Medio (4 - 8 mts)",25,"Mediano",-68.8794949914,-32.8683019518,8,"0",0.185148665048544
14598,"Morera","Medio (4 - 8 mts)",40,"Mediano",-68.8795549117,-32.8682904624,8,"0",0.185148665048544
14601,"Aguaribay","Alto (> 8 mts)",70,"Grande",-68.8802260243,-32.8664742853,8,"1",0.106529209621993
14602,"Aguaribay","Medio (4 - 8 mts)",180,"Grande",-68.8800776582,-32.8655371255,8,"0",0.106529209621993
14603,"Aguaribay","Medio (4 - 8 mts)",90,"Grande",-68.8801190357,-32.865701344,8,"0",0.106529209621993
14607,"Aguaribay","Medio (4 - 8 mts)",90,"Grande",-68.8801828298,-32.8659327,8,"1",0.106529209621993
14608,"Paraiso","Bajo (2 - 4 mts)",55,"Mediano",-68.8801969152,-32.8659667354,8,"0",0.0859023207481815
14612,"Paraiso","Medio (4 - 8 mts)",30,"Mediano",-68.8802528511,-32.8661799804,8,"0",0.0859023207481815
14613,"Paraiso","Medio (4 - 8 mts)",45,"Mediano",-68.8802638815,-32.8662198693,8,"0",0.0859023207481815
14616,"Paraiso","Medio (4 - 8 mts)",95,"Grande",-68.8800240685,-32.8663776049,8,"0",0.0859023207481815
14622,"Acer","Medio (4 - 8 mts)",65,"Grande",-68.8796502162,-32.8664582424,8,"0",0.0204081632653061
14624,"Acer","Medio (4 - 8 mts)",100,"Grande",-68.8795044986,-32.8664848501,8,"0",0.0204081632653061
14629,"Liquidambar","Medio (4 - 8 mts)",40,"Mediano",-68.8792503444,-32.8661542211,8,"0",0
14631,"Aguaribay","Medio (4 - 8 mts)",138,"Grande",-68.8791653681,-32.8658712375,8,"0",0.106529209621993
14633,"Aguaribay","Medio (4 - 8 mts)",180,"Grande",-68.8791439107,-32.865780599,8,"0",0.106529209621993
14634,"Aguaribay","Medio (4 - 8 mts)",180,"Grande",-68.8791114085,-32.8656642399,8,"1",0.106529209621993
14636,"Aguaribay","Medio (4 - 8 mts)",70,"Grande",-68.8791711598,-32.8655704717,8,"0",0.106529209621993
14637,"Aguaribay","Medio (4 - 8 mts)",110,"Grande",-68.8792540087,-32.8655489849,8,"0",0.106529209621993
14638,"Acacia SP","Medio (4 - 8 mts)",40,"Mediano",-68.8793491446,-32.8655346568,8,"0",0.150492264416315
14642,"Acer","Medio (4 - 8 mts)",100,"Grande",-68.8797178971,-32.8654593082,8,"0",0.0204081632653061
14643,"Aguaribay","Bajo (2 - 4 mts)",15,"Chico",-68.8797616695,-32.8654532106,8,"0",0.106529209621993
14646,"Acer","Medio (4 - 8 mts)",50,"Mediano",-68.8798964944,-32.8654292721,8,"0",0.0204081632653061
14650,"Aguaribay","Bajo (2 - 4 mts)",60,"Mediano",-68.8824264111,-32.8676306509,8,"0",0.106529209621993
14655,"Aguaribay","Bajo (2 - 4 mts)",20,"Chico",-68.882497716,-32.8673161976,8,"0",0.106529209621993
14661,"Aguaribay","Bajo (2 - 4 mts)",100,"Grande",-68.8822620426,-32.8672002695,8,"0",0.106529209621993
14663,"Aguaribay","Bajo (2 - 4 mts)",80,"Grande",-68.882158685,-32.8672200744,8,"0",0.106529209621993
14664,"Jacarand","Muy bajo (1 - 2 mts)",4,"Chico",-68.8821057488,-32.8672294392,8,"0",0.103064066852368
14665,"Aguaribay","Bajo (2 - 4 mts)",64,"Grande",-68.8820527984,-32.8672398111,8,"0",0.106529209621993
14666,"Paraiso sombrilla","Muy bajo (1 - 2 mts)",3,"Chico",-68.8819936625,-32.8672503818,8,"0",0.022887323943662
14668,"Paraiso sombrilla","Muy bajo (1 - 2 mts)",16,"Chico",-68.8818637682,-32.8672761577,8,"0",0.022887323943662
14669,"Paraiso sombrilla","Muy bajo (1 - 2 mts)",15,"Chico",-68.8818124626,-32.8672861532,8,"0",0.022887323943662
14676,"Aguaribay","Bajo (2 - 4 mts)",70,"Grande",-68.8813528109,-32.8673845764,8,"0",0.106529209621993
14677,"Aguaribay","Muy bajo (1 - 2 mts)",8,"Chico",-68.8813033919,-32.8673914734,8,"0",0.106529209621993
14678,"Aguaribay","Muy bajo (1 - 2 mts)",7,"Chico",-68.8812614649,-32.867398475,8,"0",0.106529209621993
14690,"Fresno europeo","Muy bajo (1 - 2 mts)",9,"Chico",-68.8811762472,-32.8679365809,8,"0",0.0420032310177706
14694,"Morera","Alto (> 8 mts)",150,"Grande",-68.8769930308,-32.8689244393,8,"0",0.185148665048544
14695,"Morera","Medio (4 - 8 mts)",38,"Mediano",-68.8769441042,-32.8689329347,8,"0",0.185148665048544
14697,"Acer","Bajo (2 - 4 mts)",25,"Mediano",-68.8767379954,-32.8689721359,8,"0",0.0204081632653061
14705,"Aguaribay","Muy bajo (1 - 2 mts)",12,"Chico",-68.877490109,-32.8700304169,8,"1",0.106529209621993
14710,"Aguaribay","Muy bajo (1 - 2 mts)",18,"Chico",-68.8773761719,-32.8695660495,8,"1",0.106529209621993
14714,"Morera","Medio (4 - 8 mts)",60,"Mediano",-68.8773060876,-32.8693451539,8,"0",0.185148665048544
14720,"Paraiso sombrilla","Bajo (2 - 4 mts)",90,"Grande",-68.8775470981,-32.8697667485,8,"0",0.022887323943662
14721,"Morera","Bajo (2 - 4 mts)",22,"Mediano",-68.8775396977,-32.8697380439,8,"0",0.185148665048544
14722,"Morera","Bajo (2 - 4 mts)",24,"Mediano",-68.8775316128,-32.8697028465,8,"0",0.185148665048544
14724,"Prunas","Bajo (2 - 4 mts)",80,"Grande",-68.8773718934,-32.8691043856,8,"0",0.0321782178217822
14725,"Perenne","Muy bajo (1 - 2 mts)",14,"Chico",-68.8773577182,-32.8690536712,8,"0",0.0364741641337386
14726,"Morera","Bajo (2 - 4 mts)",64,"Grande",-68.877342924,-32.8689916642,8,"0",0.185148665048544
14727,"Morera","Bajo (2 - 4 mts)",50,"Mediano",-68.8773338257,-32.8689467743,8,"0",0.185148665048544
14733,"Aguaribay","Muy bajo (1 - 2 mts)",20,"Chico",-68.878626101,-32.8699403033,8,"0",0.106529209621993
14734,"Jacarand","Muy bajo (1 - 2 mts)",8,"Chico",-68.8788235357,-32.8699069427,8,"0",0.103064066852368
14737,"Prunas","Muy bajo (1 - 2 mts)",10,"Chico",-68.8789524244,-32.869880105,8,"0",0.0321782178217822
14738,"Prunas","Muy bajo (1 - 2 mts)",10,"Chico",-68.8790141473,-32.8698686122,8,"0",0.0321782178217822
14742,"Aguaribay","Muy bajo (1 - 2 mts)",15,"Chico",-68.8792908977,-32.8697065897,8,"0",0.106529209621993
14749,"Paraiso sombrilla","Bajo (2 - 4 mts)",66,"Grande",-68.8783003669,-32.8686709611,8,"0",0.022887323943662
14751,"Paraiso","Bajo (2 - 4 mts)",50,"Mediano",-68.8782283743,-32.8687874072,8,"0",0.0859023207481815
14753,"Morera","Medio (4 - 8 mts)",100,"Grande",-68.8782638769,-32.8689176591,8,"0",0.185148665048544
14762,"Fresno europeo","Muy bajo (1 - 2 mts)",12,"Chico",-68.8783743444,-32.8693169145,8,"0",0.0420032310177706
14763,"Fresno europeo","Muy bajo (1 - 2 mts)",8,"Chico",-68.8783803995,-32.8693489441,8,"0",0.0420032310177706
14767,"Paraiso","Bajo (2 - 4 mts)",28,"Mediano",-68.8792864875,-32.8692299053,8,"0",0.0859023207481815
14769,"Paraiso","Medio (4 - 8 mts)",40,"Mediano",-68.8792459969,-32.8690908384,8,"0",0.0859023207481815
14770,"Olmo bola","Medio (4 - 8 mts)",100,"Grande",-68.8792388247,-32.8690471127,8,"0",0.0231481481481481
14771,"Aguaribay","Bajo (2 - 4 mts)",22,"Mediano",-68.8792250275,-32.868994252,8,"0",0.106529209621993
14773,"Fresno americano","Bajo (2 - 4 mts)",17,"Chico",-68.8792026975,-32.8689208937,8,"0",0.0512455516014235
14777,"Ailanthus","Medio (4 - 8 mts)",100,"Grande",-68.8791712397,-32.8687898867,8,"0",0.0380952380952381
14778,"Prunas","Muy bajo (1 - 2 mts)",20,"Chico",-68.8791538509,-32.8687241075,8,"0",0.0321782178217822
14782,"Paraiso sombrilla","Bajo (2 - 4 mts)",120,"Grande",-68.8791530266,-32.8685070236,8,"0",0.022887323943662
14783,"Paraiso","Bajo (2 - 4 mts)",102,"Grande",-68.8792084241,-32.8684979799,8,"0",0.0859023207481815
14793,"Morera","Medio (4 - 8 mts)",104,"Grande",-68.8797344968,-32.8685856446,8,"0",0.185148665048544
14795,"Prunas","Bajo (2 - 4 mts)",30,"Mediano",-68.8797497634,-32.8686424183,8,"0",0.0321782178217822
14796,"Prunas","Bajo (2 - 4 mts)",18,"Chico",-68.8797627405,-32.8686847771,8,"0",0.0321782178217822
14802,"Morera","Medio (4 - 8 mts)",110,"Grande",-68.8798305456,-32.8689455845,8,"0",0.185148665048544
14804,"Morera","Bajo (2 - 4 mts)",52,"Mediano",-68.8798586621,-32.8690536454,8,"0",0.185148665048544
14807,"Olmo bola","Bajo (2 - 4 mts)",46,"Mediano",-68.8798961775,-32.8691606333,8,"0",0.0231481481481481
14809,"Acer","Bajo (2 - 4 mts)",40,"Mediano",-68.8774185036,-32.8688418649,8,"0",0.0204081632653061
14810,"Fresno europeo","Bajo (2 - 4 mts)",25,"Mediano",-68.8774655243,-32.8688300031,8,"0",0.0420032310177706
14812,"Olmo comun","Medio (4 - 8 mts)",120,"Grande",-68.8776051483,-32.8688051629,8,"0",0.0227272727272727
14814,"Morera","Bajo (2 - 4 mts)",20,"Chico",-68.8777168581,-32.8687859127,8,"0",0.185148665048544
14817,"Acer","Bajo (2 - 4 mts)",22,"Mediano",-68.8778446518,-32.868758682,8,"0",0.0204081632653061
14821,"Paraiso sombrilla","Muy bajo (1 - 2 mts)",12,"Chico",-68.8781063108,-32.868778751,8,"0",0.022887323943662
14825,"Liquidambar","Muy bajo (1 - 2 mts)",12,"Chico",-68.8781723744,-32.8690273487,8,"0",0
14828,"Fresno europeo","Muy bajo (1 - 2 mts)",26,"Mediano",-68.8782179192,-32.8691993752,8,"0",0.0420032310177706
14831,"Morera","Bajo (2 - 4 mts)",60,"Mediano",-68.8782628517,-32.8693629593,8,"0",0.185148665048544
14832,"Morera","Bajo (2 - 4 mts)",50,"Mediano",-68.8782769259,-32.86940746,8,"0",0.185148665048544
14833,"Tilo","Bajo (2 - 4 mts)",30,"Mediano",-68.8782856072,-32.8694333579,8,"0",0
14838,"Aguaribay","Muy bajo (1 - 2 mts)",15,"Chico",-68.8783558289,-32.8696853598,8,"0",0.106529209621993
14848,"Paraiso","Medio (4 - 8 mts)",72,"Grande",-68.8803696574,-32.8712855028,8,"0",0.0859023207481815
14850,"Morera","Bajo (2 - 4 mts)",40,"Mediano",-68.8811675289,-32.8740817628,8,"0",0.185148665048544
14852,"Acacia SP","Muy bajo (1 - 2 mts)",2,"Chico",-68.881077334,-32.8740486327,8,"0",0.150492264416315
14853,"Paraiso sombrilla","Bajo (2 - 4 mts)",32,"Mediano",-68.8810316454,-32.8740334624,8,"0",0.022887323943662
14858,"Acer","Bajo (2 - 4 mts)",35,"Mediano",-68.8808113876,-32.8739601974,8,"0",0.0204081632653061
14860,"Paraiso","Medio (4 - 8 mts)",72,"Grande",-68.8807357497,-32.873934996,8,"0",0.0859023207481815
14869,"Paraiso","Muy bajo (1 - 2 mts)",13,"Chico",-68.8803000535,-32.8737859283,8,"0",0.0859023207481815
14873,"Paraiso sombrilla","Bajo (2 - 4 mts)",93,"Grande",-68.8804430973,-32.8740994256,8,"0",0.022887323943662
14884,"Paraiso sombrilla","Bajo (2 - 4 mts)",95,"Grande",-68.880934693,-32.8742747429,8,"0",0.022887323943662
14887,"Paraiso sombrilla","Bajo (2 - 4 mts)",76,"Grande",-68.8811062086,-32.8743299825,8,"0",0.022887323943662
14897,"Paraiso","Bajo (2 - 4 mts)",22,"Mediano",-68.8813665739,-32.8742101862,8,"0",0.0859023207481815
14899,"Caducifolio","Medio (4 - 8 mts)",60,"Mediano",-68.8813666071,-32.8740529055,8,"0",0.0512249443207127
14904,"Paraiso sombrilla","Bajo (2 - 4 mts)",70,"Grande",-68.881193809,-32.8737577449,8,"0",0.022887323943662
14906,"Paraiso sombrilla","Bajo (2 - 4 mts)",55,"Mediano",-68.8810501381,-32.8737105453,8,"0",0.022887323943662
14907,"Acacia SP","Bajo (2 - 4 mts)",60,"Mediano",-68.880977008,-32.8736839623,8,"0",0.150492264416315
14910,"Acacia SP","Bajo (2 - 4 mts)",66,"Grande",-68.8807455124,-32.8736033333,8,"0",0.150492264416315
14911,"Paraiso","Medio (4 - 8 mts)",110,"Grande",-68.880675669,-32.8735833085,8,"0",0.0859023207481815
14913,"Morera","Medio (4 - 8 mts)",80,"Grande",-68.8804971441,-32.8735211502,8,"0",0.185148665048544
14914,"Paraiso","Medio (4 - 8 mts)",92,"Grande",-68.8804234836,-32.8734926323,8,"0",0.0859023207481815
14917,"Paraiso","Medio (4 - 8 mts)",90,"Grande",-68.8804952948,-32.8737645988,8,"0",0.0859023207481815
14919,"Paraiso","Medio (4 - 8 mts)",80,"Grande",-68.8809854506,-32.8739357496,8,"0",0.0859023207481815
14923,"Acer","Bajo (2 - 4 mts)",18,"Chico",-68.880177603,-32.8728959955,8,"0",0.0204081632653061
14926,"Acacia SP","Bajo (2 - 4 mts)",60,"Mediano",-68.8801703781,-32.8730648633,8,"0",0.150492264416315
14927,"Acacia SP","Bajo (2 - 4 mts)",60,"Mediano",-68.8801724256,-32.8731218596,8,"0",0.150492264416315
14935,"Paraiso sombrilla","Bajo (2 - 4 mts)",80,"Grande",-68.88015562,-32.8735887301,8,"0",0.022887323943662
14946,"Acer","Bajo (2 - 4 mts)",43,"Mediano",-68.8806484036,-32.8726962658,8,"0",0.0204081632653061
14949,"Paraiso sombrilla","Medio (4 - 8 mts)",22,"Mediano",-68.880842361,-32.8726288065,8,"0",0.022887323943662
14952,"Acacia SP","Bajo (2 - 4 mts)",40,"Mediano",-68.880908714,-32.8724953007,8,"0",0.150492264416315
14953,"Acacia SP","Bajo (2 - 4 mts)",47,"Mediano",-68.8808826143,-32.872401826,8,"0",0.150492264416315
14956,"Paraiso sombrilla","Bajo (2 - 4 mts)",90,"Grande",-68.8808623066,-32.872183364,8,"0",0.022887323943662
14957,"Paraiso sombrilla","Bajo (2 - 4 mts)",50,"Mediano",-68.8809658391,-32.8721506805,8,"0",0.022887323943662
14959,"Paraiso","Bajo (2 - 4 mts)",57,"Mediano",-68.8811222772,-32.8720986392,8,"0",0.0859023207481815
14960,"Paraiso sombrilla","Bajo (2 - 4 mts)",45,"Mediano",-68.8812488468,-32.872054644,8,"0",0.022887323943662
14961,"Paraiso sombrilla","Bajo (2 - 4 mts)",42,"Mediano",-68.8813111065,-32.8720341571,8,"0",0.022887323943662
14962,"Caducifolio","Muy bajo (1 - 2 mts)",36,"Mediano",-68.8813356422,-32.872295276,8,"0",0.0512249443207127
14969,"Acacia SP","Bajo (2 - 4 mts)",70,"Grande",-68.880748065,-32.8718458959,8,"0",0.150492264416315
14971,"Conifera","Alto (> 8 mts)",30,"Mediano",-68.8807216602,-32.8717618851,8,"0",0.021505376344086
14975,"Acacia SP","Bajo (2 - 4 mts)",46,"Mediano",-68.880682271,-32.8715933343,8,"0",0.150492264416315
14980,"Paraiso sombrilla","Bajo (2 - 4 mts)",56,"Mediano",-68.8806348107,-32.8714141196,8,"0",0.022887323943662
15007,"Aguaribay","Bajo (2 - 4 mts)",90,"Grande",-68.8805570769,-32.8716189384,8,"0",0.106529209621993
15009,"Aguaribay","Bajo (2 - 4 mts)",52,"Mediano",-68.880580373,-32.8717229793,8,"0",0.106529209621993
15012,"Aguaribay","Bajo (2 - 4 mts)",50,"Mediano",-68.8806188675,-32.8718582666,8,"0",0.106529209621993
15018,"Morera","Bajo (2 - 4 mts)",18,"Chico",-68.8806879794,-32.8721179034,8,"0",0.185148665048544
15020,"Jacarand","Bajo (2 - 4 mts)",28,"Mediano",-68.880798986,-32.8724191951,8,"0",0.103064066852368
15022,"Acer","Bajo (2 - 4 mts)",50,"Mediano",-68.8807786999,-32.87254556,8,"0",0.0204081632653061
15023,"Paraiso sombrilla","Bajo (2 - 4 mts)",40,"Mediano",-68.8806983659,-32.8725619132,8,"0",0.022887323943662
15024,"Acacia SP","Bajo (2 - 4 mts)",60,"Mediano",-68.8806180776,-32.8725768669,8,"0",0.150492264416315
15031,"Morera","Muy bajo (1 - 2 mts)",26,"Mediano",-68.8821017321,-32.8733626681,8,"0",0.185148665048544
15034,"Paraiso","Medio (4 - 8 mts)",80,"Grande",-68.8812212766,-32.8712423937,8,"0",0.0859023207481815
15036,"Jacarand","Muy bajo (1 - 2 mts)",8,"Chico",-68.8812359104,-32.8713180075,8,"0",0.103064066852368
15037,"Conifera","Bajo (2 - 4 mts)",30,"Mediano",-68.8812516116,-32.8713737075,8,"0",0.021505376344086
15041,"Paraiso sombrilla","Medio (4 - 8 mts)",95,"Grande",-68.8813077375,-32.8715938527,8,"0",0.022887323943662
15042,"Acacia SP","Medio (4 - 8 mts)",100,"Grande",-68.8813207404,-32.8716321546,8,"0",0.150492264416315
15049,"Acacia SP","Bajo (2 - 4 mts)",70,"Grande",-68.8819403592,-32.8724946348,8,"0",0.150492264416315
15060,"Morera","Alto (> 8 mts)",138,"Grande",-68.8610350047,-32.8642735047,8,"1",0.185148665048544
15064,"lamo blanco","Alto (> 8 mts)",180,"Grande",-68.858177702,-32.8692175893,6,"0",0.046875
15066,"Fresno americano","Bajo (2 - 4 mts)",30,"Mediano",-68.8582235163,-32.8695412089,6,"0",0.0512455516014235
15067,"Fresno europeo","Bajo (2 - 4 mts)",50,"Mediano",-68.8582340915,-32.8696101104,6,"0",0.0420032310177706
15068,"Fresno europeo","Bajo (2 - 4 mts)",28,"Mediano",-68.8582428362,-32.8696878464,6,"0",0.0420032310177706
15071,"Acer","Medio (4 - 8 mts)",145,"Grande",-68.8583461929,-32.8698679417,6,"0",0.0204081632653061
15073,"Morera","Alto (> 8 mts)",150,"Grande",-68.8590465426,-32.8697603491,6,"1",0.185148665048544
15075,"Fresno europeo","Bajo (2 - 4 mts)",20,"Chico",-68.8590285442,-32.869648819,6,"0",0.0420032310177706
15076,"Acacia SP","Muy bajo (1 - 2 mts)",1,"Chico",-68.8590208842,-32.8696076606,6,"0",0.150492264416315
15078,"Morera","Alto (> 8 mts)",118,"Grande",-68.8589762146,-32.8693292246,6,"0",0.185148665048544
15082,"Morera","Alto (> 8 mts)",100,"Grande",-68.8589523715,-32.8691766842,6,"0",0.185148665048544
15083,"Acacia SP","Muy bajo (1 - 2 mts)",2,"Chico",-68.8589328863,-32.8690662767,6,"1",0.150492264416315
15088,"Acacia SP","Muy bajo (1 - 2 mts)",1,"Chico",-68.8589002217,-32.8689219714,6,"1",0.150492264416315
15092,"Olmo comun","Muy bajo (1 - 2 mts)",12,"Chico",-68.8592005131,-32.8697701093,6,"0",0.0227272727272727
15095,"Paraiso","Muy bajo (1 - 2 mts)",27,"Mediano",-68.8593900755,-32.8697490236,6,"0",0.0859023207481815
15097,"Paraiso","Medio (4 - 8 mts)",76,"Grande",-68.8594110501,-32.8695660383,6,"0",0.0859023207481815
15099,"Paraiso","Bajo (2 - 4 mts)",33,"Mediano",-68.8593833654,-32.8694443866,6,"0",0.0859023207481815
15102,"Paraiso","Bajo (2 - 4 mts)",60,"Mediano",-68.8593208513,-32.8690440694,6,"0",0.0859023207481815
15107,"Paraiso","Bajo (2 - 4 mts)",30,"Mediano",-68.8592048861,-32.8686831672,6,"0",0.0859023207481815
15110,"Paraiso","Bajo (2 - 4 mts)",33,"Mediano",-68.8590279275,-32.8687049296,6,"1",0.0859023207481815
15116,"Morera","Medio (4 - 8 mts)",80,"Grande",-68.8590479661,-32.8690497458,6,"0",0.185148665048544
15117,"Fresno europeo","Muy bajo (1 - 2 mts)",10,"Chico",-68.8590556871,-32.8690975588,6,"0",0.0420032310177706
15118,"Olmo comun","Medio (4 - 8 mts)",66,"Grande",-68.8590620865,-32.8691237431,6,"0",0.0227272727272727
15121,"Fresno americano","Bajo (2 - 4 mts)",45,"Mediano",-68.8590780175,-32.8692230439,6,"0",0.0512455516014235
15124,"Morera","Medio (4 - 8 mts)",92,"Grande",-68.8590933332,-32.8693283359,6,"0",0.185148665048544
15127,"Morera","Bajo (2 - 4 mts)",22,"Mediano",-68.8591191573,-32.8694810417,6,"0",0.185148665048544
15129,"Morera","Bajo (2 - 4 mts)",18,"Chico",-68.859130682,-32.869566841,6,"0",0.185148665048544
15138,"Paraiso","Bajo (2 - 4 mts)",22,"Mediano",-68.8598146615,-32.8696147446,6,"0",0.0859023207481815
15159,"Paraiso","Bajo (2 - 4 mts)",22,"Mediano",-68.8594057108,-32.8687989921,6,"0",0.0859023207481815
15162,"Caducifolio","Medio (4 - 8 mts)",30,"Mediano",-68.859451563,-32.8690599427,6,"0",0.0512249443207127
15165,"Paraiso","Muy bajo (1 - 2 mts)",8,"Chico",-68.8594883068,-32.8692950775,6,"0",0.0859023207481815
15167,"Paraiso","Bajo (2 - 4 mts)",22,"Mediano",-68.8595057005,-32.8693764479,6,"0",0.0859023207481815
15170,"Paraiso","Bajo (2 - 4 mts)",22,"Mediano",-68.8595230475,-32.8694826979,6,"0",0.0859023207481815
15172,"Paraiso","Bajo (2 - 4 mts)",27,"Mediano",-68.8595386303,-32.8695903976,6,"0",0.0859023207481815
15180,"Paraiso","Bajo (2 - 4 mts)",67,"Grande",-68.8602083103,-32.869539137,6,"0",0.0859023207481815
15181,"Paraiso","Bajo (2 - 4 mts)",30,"Mediano",-68.8601924921,-32.8694623887,6,"0",0.0859023207481815
15183,"Paraiso","Bajo (2 - 4 mts)",50,"Mediano",-68.8601746296,-32.8693423442,6,"0",0.0859023207481815
15186,"Paraiso","Medio (4 - 8 mts)",70,"Grande",-68.8601352173,-32.8691002366,6,"0",0.0859023207481815
15189,"Paraiso","Bajo (2 - 4 mts)",30,"Mediano",-68.8600937348,-32.8688539066,6,"0",0.0859023207481815
15190,"Paraiso","Bajo (2 - 4 mts)",60,"Mediano",-68.8600899627,-32.8687970145,6,"0",0.0859023207481815
15191,"Paraiso","Medio (4 - 8 mts)",90,"Grande",-68.8600756059,-32.8687573293,6,"0",0.0859023207481815
15192,"Paraiso","Bajo (2 - 4 mts)",37,"Mediano",-68.8600704524,-32.8687051235,6,"0",0.0859023207481815
15193,"Paraiso","Bajo (2 - 4 mts)",70,"Grande",-68.8600632423,-32.868660908,6,"0",0.0859023207481815
15203,"Paraiso","Bajo (2 - 4 mts)",37,"Mediano",-68.859893352,-32.8693090689,6,"0",0.0859023207481815
15206,"Paraiso","Bajo (2 - 4 mts)",56,"Mediano",-68.8599141819,-32.869407707,6,"0",0.0859023207481815
15207,"Paraiso","Bajo (2 - 4 mts)",46,"Mediano",-68.8599213836,-32.8694429434,6,"1",0.0859023207481815
15210,"Paraiso","Bajo (2 - 4 mts)",15,"Chico",-68.8599402188,-32.8695585013,6,"0",0.0859023207481815
15221,"Paraiso","Bajo (2 - 4 mts)",30,"Mediano",-68.8605094875,-32.8689299871,6,"0",0.0859023207481815
15229,"Paraiso","Bajo (2 - 4 mts)",32,"Mediano",-68.8601895576,-32.868624527,6,"0",0.0859023207481815
15238,"Paraiso","Bajo (2 - 4 mts)",25,"Mediano",-68.8602939925,-32.8692736845,6,"0",0.0859023207481815
15239,"Acer","Bajo (2 - 4 mts)",22,"Mediano",-68.8603020212,-32.8693179135,6,"0",0.0204081632653061
15241,"Fresno europeo","Muy bajo (1 - 2 mts)",12,"Chico",-68.8603188966,-32.8694134381,6,"0",0.0420032310177706
15243,"Paraiso","Muy bajo (1 - 2 mts)",10,"Chico",-68.860335632,-32.8695485198,6,"0",0.0859023207481815
15244,"Paraiso","Bajo (2 - 4 mts)",18,"Chico",-68.8603483375,-32.869602303,6,"0",0.0859023207481815
15246,"Acacia SP","Alto (> 8 mts)",128,"Grande",-68.858575751,-32.8710497821,6,"0",0.150492264416315
15248,"Acacia SP","Medio (4 - 8 mts)",82,"Grande",-68.8587254758,-32.871032278,6,"0",0.150492264416315
15249,"Acacia SP","Alto (> 8 mts)",140,"Grande",-68.8587961133,-32.8710262263,6,"0",0.150492264416315
15250,"Acacia SP","Muy bajo (1 - 2 mts)",3,"Chico",-68.8589497935,-32.8710074641,6,"1",0.150492264416315
15254,"Acacia SP","Muy bajo (1 - 2 mts)",10,"Chico",-68.8591418701,-32.8703568374,6,"0",0.150492264416315
15255,"Acacia SP","Muy bajo (1 - 2 mts)",14,"Chico",-68.8591231818,-32.8702151601,6,"0",0.150492264416315
15256,"Morera","Alto (> 8 mts)",130,"Grande",-68.8591095148,-32.8701414762,6,"1",0.185148665048544
15258,"Morera","Alto (> 8 mts)",130,"Grande",-68.8590839123,-32.8699803146,6,"1",0.185148665048544
15261,"lamo blanco","Medio (4 - 8 mts)",45,"Mediano",-68.8588786596,-32.8699103822,6,"1",0.046875
15264,"lamo blanco","Medio (4 - 8 mts)",75,"Grande",-68.8585621179,-32.8699454613,6,"1",0.046875
15266,"lamo blanco","Medio (4 - 8 mts)",70,"Grande",-68.8584135671,-32.8699649502,6,"0",0.046875
15268,"Fresno europeo","Bajo (2 - 4 mts)",25,"Mediano",-68.8583042215,-32.8700567992,6,"0",0.0420032310177706
15272,"Fresno europeo","Muy bajo (1 - 2 mts)",22,"Mediano",-68.8583817088,-32.8705135953,6,"0",0.0420032310177706
15273,"Fresno europeo","Muy bajo (1 - 2 mts)",20,"Chico",-68.8583970749,-32.8705935028,6,"0",0.0420032310177706
15280,"Acacia SP","Medio (4 - 8 mts)",115,"Grande",-68.8599863971,-32.8708927049,6,"0",0.150492264416315
15281,"Paraiso","Bajo (2 - 4 mts)",28,"Mediano",-68.8600432567,-32.8708461239,6,"0",0.0859023207481815
15282,"Paraiso","Bajo (2 - 4 mts)",30,"Mediano",-68.8600341647,-32.8708033942,6,"0",0.0859023207481815
15288,"Paraiso sombrilla","Bajo (2 - 4 mts)",28,"Mediano",-68.8599881191,-32.8705292094,6,"0",0.022887323943662
15294,"Paraiso","Bajo (2 - 4 mts)",30,"Mediano",-68.8599176772,-32.8700748262,6,"0",0.0859023207481815
15303,"Conifera","Alto (> 8 mts)",160,"Grande",-68.8593128518,-32.869864012,6,"0",0.021505376344086
15305,"Acer","Medio (4 - 8 mts)",88,"Grande",-68.8592016608,-32.8699545901,6,"0",0.0204081632653061
15308,"Morera","Alto (> 8 mts)",125,"Grande",-68.8592331575,-32.8701961328,6,"0",0.185148665048544
15311,"Morera","Medio (4 - 8 mts)",70,"Grande",-68.8592580735,-32.8703815474,6,"0",0.185148665048544
15313,"Morera","Medio (4 - 8 mts)",90,"Grande",-68.8592866612,-32.8705640573,6,"0",0.185148665048544
15314,"Morera","Medio (4 - 8 mts)",95,"Grande",-68.8592933967,-32.8706366721,6,"0",0.185148665048544
15323,"Acacia SP","Medio (4 - 8 mts)",85,"Grande",-68.8603556596,-32.8708457445,7,"0",0.150492264416315
15326,"Acacia SP","Muy bajo (1 - 2 mts)",3,"Chico",-68.8603640368,-32.8704837045,7,"0",0.150492264416315
15328,"Paraiso","Medio (4 - 8 mts)",48,"Mediano",-68.8603520552,-32.8704117666,7,"0",0.0859023207481815
15331,"Paraiso","Bajo (2 - 4 mts)",30,"Mediano",-68.8603296876,-32.8702514843,6,"0",0.0859023207481815
15332,"Paraiso","Alto (> 8 mts)",130,"Grande",-68.860316933,-32.8701703581,6,"0",0.0859023207481815
15336,"Paraiso","Bajo (2 - 4 mts)",70,"Grande",-68.8601656222,-32.8697713136,6,"0",0.0859023207481815
15337,"Paraiso","Bajo (2 - 4 mts)",70,"Grande",-68.860100709,-32.8697763852,6,"0",0.0859023207481815
15341,"Paraiso","Alto (> 8 mts)",140,"Grande",-68.860015438,-32.8700324008,6,"0",0.0859023207481815
15346,"Paraiso","Medio (4 - 8 mts)",125,"Grande",-68.8600557615,-32.8702719334,6,"1",0.0859023207481815
15347,"Acacia SP","Muy bajo (1 - 2 mts)",14,"Chico",-68.8600640927,-32.8703289974,6,"0",0.150492264416315
15349,"Paraiso","Bajo (2 - 4 mts)",40,"Mediano",-68.8600865343,-32.8704126123,6,"0",0.0859023207481815
15350,"Paraiso","Medio (4 - 8 mts)",120,"Grande",-68.8600866681,-32.870432897,6,"0",0.0859023207481815
15354,"Paraiso","Muy bajo (1 - 2 mts)",18,"Chico",-68.8601089619,-32.8706005019,6,"0",0.0859023207481815
15357,"Paraiso","Bajo (2 - 4 mts)",20,"Chico",-68.8601219065,-32.8706686745,6,"1",0.0859023207481815
15358,"Paraiso","Bajo (2 - 4 mts)",40,"Mediano",-68.8601255404,-32.8706980071,6,"0",0.0859023207481815
15362,"Acacia SP","Medio (4 - 8 mts)",105,"Grande",-68.8607578856,-32.8707969964,7,"0",0.150492264416315
15364,"Fresno europeo","Muy bajo (1 - 2 mts)",16,"Chico",-68.8608018349,-32.8706918112,7,"0",0.0420032310177706
15368,"Paraiso","Alto (> 8 mts)",120,"Grande",-68.8607289768,-32.870288908,7,"0",0.0859023207481815
15371,"Aguaribay","Alto (> 8 mts)",120,"Grande",-68.8606888473,-32.8700477754,7,"0",0.106529209621993
15376,"Morera","Bajo (2 - 4 mts)",42,"Mediano",-68.860653788,-32.8698251106,7,"0",0.185148665048544
15377,"lamo blanco","Bajo (2 - 4 mts)",40,"Mediano",-68.8606489626,-32.8697507163,7,"0",0.046875
15380,"Paraiso","Medio (4 - 8 mts)",42,"Mediano",-68.8603870444,-32.869796582,6,"0",0.0859023207481815
15381,"Paraiso","Medio (4 - 8 mts)",39,"Mediano",-68.8603842084,-32.8698444751,6,"0",0.0859023207481815
15382,"Paraiso","Bajo (2 - 4 mts)",33,"Mediano",-68.860390532,-32.8698954144,6,"0",0.0859023207481815
15391,"Paraiso","Bajo (2 - 4 mts)",45,"Mediano",-68.8605168935,-32.8706242238,7,"0",0.0859023207481815
15393,"Paraiso","Muy bajo (1 - 2 mts)",18,"Chico",-68.8605284218,-32.8707455651,7,"0",0.0859023207481815
15394,"Fresno europeo","Muy bajo (1 - 2 mts)",10,"Chico",-68.8611855076,-32.8707500984,7,"0",0.0420032310177706
15395,"Acacia SP","Medio (4 - 8 mts)",112,"Grande",-68.8610328421,-32.8707676887,7,"0",0.150492264416315
15397,"Paraiso","Medio (4 - 8 mts)",95,"Grande",-68.8609240759,-32.8707208059,7,"1",0.0859023207481815
15399,"Morera","Medio (4 - 8 mts)",56,"Mediano",-68.8609639681,-32.8696741288,7,"0",0.185148665048544
15402,"Morera","Medio (4 - 8 mts)",68,"Grande",-68.8607965402,-32.8696977555,7,"0",0.185148665048544
15404,"Eucalyptus","Alto (> 8 mts)",250,"Grande",-68.8610591037,-32.8697392674,7,"0",0.0909090909090909
15410,"Tipa","Medio (4 - 8 mts)",110,"Grande",-68.859288736,-32.8721735365,6,"0",0.101123595505618
15413,"Morera","Medio (4 - 8 mts)",100,"Grande",-68.8593525947,-32.87175327,6,"0",0.185148665048544
15414,"Acacia SP","Muy bajo (1 - 2 mts)",4,"Chico",-68.8593430436,-32.8716854311,6,"0",0.150492264416315
15422,"Paraiso","Bajo (2 - 4 mts)",70,"Grande",-68.8585412578,-32.8713249015,6,"0",0.0859023207481815
15423,"Paraiso","Bajo (2 - 4 mts)",68,"Grande",-68.8585553151,-32.8713988951,6,"0",0.0859023207481815
15424,"Paraiso","Bajo (2 - 4 mts)",65,"Grande",-68.8585750985,-32.8715032173,6,"0",0.0859023207481815
15430,"Perenne","Medio (4 - 8 mts)",180,"Grande",-68.8595261864,-32.8720490206,6,"0",0.0364741641337386
15432,"Fresno europeo","Alto (> 8 mts)",55,"Mediano",-68.8594754874,-32.8717104992,6,"0",0.0420032310177706
15434,"Fresno americano","Medio (4 - 8 mts)",68,"Grande",-68.8594668242,-32.8716554671,6,"0",0.0512455516014235
15436,"Perenne","Bajo (2 - 4 mts)",120,"Grande",-68.8594380981,-32.8714633,6,"0",0.0364741641337386
15437,"Caducifolio","Bajo (2 - 4 mts)",10,"Chico",-68.8594349558,-32.8714273288,6,"1",0.0512249443207127
15444,"Acacia SP","Alto (> 8 mts)",135,"Grande",-68.8595799426,-32.8710408143,6,"0",0.150492264416315
15446,"Paraiso","Bajo (2 - 4 mts)",28,"Mediano",-68.8596968038,-32.8713113447,6,"0",0.0859023207481815
15448,"Paraiso","Bajo (2 - 4 mts)",18,"Chico",-68.8597118701,-32.8714379721,6,"0",0.0859023207481815
15449,"Paraiso","Medio (4 - 8 mts)",52,"Mediano",-68.8597151456,-32.8715156469,6,"0",0.0859023207481815
15453,"Paraiso","Medio (4 - 8 mts)",40,"Mediano",-68.8598925068,-32.871828327,7,"0",0.0859023207481815
15457,"Morera","Medio (4 - 8 mts)",100,"Grande",-68.8598627107,-32.8716596434,7,"0",0.185148665048544
15460,"Paraiso","Bajo (2 - 4 mts)",30,"Mediano",-68.8598412874,-32.8714774509,6,"0",0.0859023207481815
15463,"lamo blanco","Bajo (2 - 4 mts)",40,"Mediano",-68.8598122542,-32.8713115878,6,"0",0.046875
15467,"Morera","Bajo (2 - 4 mts)",33,"Mediano",-68.8597918054,-32.8711261097,6,"0",0.185148665048544
15470,"Acacia SP","Medio (4 - 8 mts)",120,"Grande",-68.8599729023,-32.8709950881,6,"0",0.150492264416315
15471,"Paraiso","Medio (4 - 8 mts)",142,"Grande",-68.8600472394,-32.8710145487,7,"0",0.0859023207481815
15472,"Paraiso","Medio (4 - 8 mts)",150,"Grande",-68.8600554515,-32.8710685649,7,"1",0.0859023207481815
15474,"Paraiso","Medio (4 - 8 mts)",133,"Grande",-68.8600763634,-32.8711812658,7,"0",0.0859023207481815
15477,"Paraiso","Medio (4 - 8 mts)",130,"Grande",-68.8601021332,-32.8713611592,7,"0",0.0859023207481815
15478,"Paraiso","Muy bajo (1 - 2 mts)",16,"Chico",-68.8601147386,-32.8714324162,7,"0",0.0859023207481815
15480,"Morera","Muy bajo (1 - 2 mts)",16,"Chico",-68.8601417948,-32.8716022518,7,"0",0.185148665048544
15484,"Paraiso sombrilla","Bajo (2 - 4 mts)",33,"Mediano",-68.8601834041,-32.8718286191,7,"0",0.022887323943662
15490,"Paraiso","Bajo (2 - 4 mts)",60,"Mediano",-68.860326752,-32.8719609667,7,"1",0.0859023207481815
15494,"Paraiso","Bajo (2 - 4 mts)",42,"Mediano",-68.860291771,-32.8717280137,7,"1",0.0859023207481815
15495,"Paraiso","Bajo (2 - 4 mts)",60,"Mediano",-68.8602799921,-32.8716576052,7,"0",0.0859023207481815
15498,"Paraiso","Medio (4 - 8 mts)",90,"Grande",-68.8602570131,-32.8715109144,7,"0",0.0859023207481815
15509,"Acacia SP","Medio (4 - 8 mts)",85,"Grande",-68.8602302655,-32.8709686181,7,"0",0.150492264416315
15510,"Acacia SP","Medio (4 - 8 mts)",70,"Grande",-68.860308657,-32.8709597969,7,"0",0.150492264416315
15514,"Morera","Medio (4 - 8 mts)",55,"Mediano",-68.8604543042,-32.8710464789,7,"0",0.185148665048544
15519,"Aguaribay","Bajo (2 - 4 mts)",36,"Mediano",-68.8605271774,-32.8715144224,7,"0",0.106529209621993
15520,"Morera","Medio (4 - 8 mts)",60,"Mediano",-68.8605370363,-32.8715841803,7,"0",0.185148665048544
15531,"Acacia SP","Muy bajo (1 - 2 mts)",4,"Chico",-68.8606349249,-32.8713878832,7,"0",0.150492264416315
15532,"Fresno americano","Bajo (2 - 4 mts)",28,"Mediano",-68.8606269665,-32.871321708,7,"0",0.0512455516014235
15542,"Paraiso sombrilla","Bajo (2 - 4 mts)",28,"Mediano",-68.8608599321,-32.8710866621,7,"0",0.022887323943662
15545,"Paraiso","Bajo (2 - 4 mts)",26,"Mediano",-68.8608907119,-32.8712895794,7,"0",0.0859023207481815
15546,"Paraiso","Bajo (2 - 4 mts)",28,"Mediano",-68.8609043304,-32.8713679662,7,"0",0.0859023207481815
15551,"Paraiso","Bajo (2 - 4 mts)",20,"Chico",-68.860950334,-32.8716389233,7,"0",0.0859023207481815
15555,"Paraiso","Bajo (2 - 4 mts)",28,"Mediano",-68.8611100482,-32.8719206026,7,"0",0.0859023207481815
15557,"Acacia SP","Muy bajo (1 - 2 mts)",4,"Chico",-68.8611020859,-32.8718649466,7,"0",0.150492264416315
15558,"Paraiso","Bajo (2 - 4 mts)",40,"Mediano",-68.8611034778,-32.8718302716,7,"0",0.0859023207481815
15563,"Paraiso","Bajo (2 - 4 mts)",24,"Mediano",-68.8610468543,-32.8715363267,7,"0",0.0859023207481815
15568,"Paraiso","Muy bajo (1 - 2 mts)",12,"Chico",-68.8610157383,-32.8712692454,7,"0",0.0859023207481815
15569,"Paraiso","Muy bajo (1 - 2 mts)",10,"Chico",-68.8610037264,-32.8712197948,7,"0",0.0859023207481815
15572,"Paraiso","Bajo (2 - 4 mts)",18,"Chico",-68.8609600915,-32.8709489774,7,"0",0.0859023207481815
15575,"Acacia SP","Medio (4 - 8 mts)",120,"Grande",-68.8611601105,-32.8708598046,7,"0",0.150492264416315
15576,"Paraiso sombrilla","Bajo (2 - 4 mts)",70,"Grande",-68.8612269592,-32.8708829974,7,"0",0.022887323943662
15581,"Acacia SP","Bajo (2 - 4 mts)",18,"Chico",-68.8613410101,-32.8715650808,7,"0",0.150492264416315
15585,"Fresno europeo","Muy bajo (1 - 2 mts)",9,"Chico",-68.8613806806,-32.8718143631,7,"0",0.0420032310177706
15591,"Paraiso","Bajo (2 - 4 mts)",42,"Mediano",-68.8614931187,-32.8717409292,7,"0",0.0859023207481815
15593,"Paraiso","Bajo (2 - 4 mts)",42,"Mediano",-68.8614662779,-32.871580736,7,"0",0.0859023207481815
15594,"Paraiso","Bajo (2 - 4 mts)",22,"Mediano",-68.8614439728,-32.8714096661,7,"0",0.0859023207481815
15595,"Paraiso","Bajo (2 - 4 mts)",26,"Mediano",-68.8614296919,-32.8713192392,7,"0",0.0859023207481815
15598,"Paraiso","Muy bajo (1 - 2 mts)",8,"Chico",-68.8613631174,-32.8709149899,7,"0",0.0859023207481815
15622,"Acacia SP","Muy bajo (1 - 2 mts)",30,"Mediano",-68.8620595151,-32.8718597446,7,"0",0.150492264416315
15623,"Fresno americano","Muy bajo (1 - 2 mts)",13,"Chico",-68.8619660914,-32.8718684087,7,"0",0.0512455516014235
15650,"Tipa","Muy bajo (1 - 2 mts)",12,"Chico",-68.8620956,-32.8712874483,7,"0",0.101123595505618
15654,"Morera","Muy bajo (1 - 2 mts)",18,"Chico",-68.8621484915,-32.8715943198,7,"0",0.185148665048544
15661,"Morera","Medio (4 - 8 mts)",60,"Mediano",-68.8614342273,-32.8707204325,7,"0",0.185148665048544
15662,"Morera","Medio (4 - 8 mts)",68,"Grande",-68.8615970151,-32.8707025049,7,"1",0.185148665048544
15663,"Acacia SP","Bajo (2 - 4 mts)",120,"Grande",-68.8616641367,-32.8706930996,7,"0",0.150492264416315
15666,"Acacia SP","Alto (> 8 mts)",120,"Grande",-68.8618846113,-32.8706649398,7,"0",0.150492264416315
15668,"Acacia SP","Alto (> 8 mts)",110,"Grande",-68.8620445611,-32.8706516892,7,"0",0.150492264416315
15669,"Acacia SP","Alto (> 8 mts)",85,"Grande",-68.8621067978,-32.870643427,7,"0",0.150492264416315
15678,"Acacia SP","Muy bajo (1 - 2 mts)",3,"Chico",-68.8612938133,-32.8705294116,7,"0",0.150492264416315
15680,"Acacia SP","Muy bajo (1 - 2 mts)",8,"Chico",-68.861311329,-32.87062486,7,"0",0.150492264416315
15684,"Aguaribay","Bajo (2 - 4 mts)",140,"Grande",-68.8623247379,-32.8717572743,7,"1",0.106529209621993
15689,"Aguaribay","Medio (4 - 8 mts)",200,"Grande",-68.8622918104,-32.8715681365,7,"0",0.106529209621993
15693,"Aguaribay","Medio (4 - 8 mts)",130,"Grande",-68.8621923461,-32.870906515,7,"1",0.106529209621993
15695,"Morera","Bajo (2 - 4 mts)",35,"Mediano",-68.8607372468,-32.8695767307,7,"0",0.185148665048544
15701,"Tipa","Bajo (2 - 4 mts)",30,"Mediano",-68.8606958669,-32.869298391,6,"0",0.101123595505618
15705,"lamo blanco","Muy bajo (1 - 2 mts)",4,"Chico",-68.8606320915,-32.8689268136,6,"0",0.046875
15706,"lamo blanco","Bajo (2 - 4 mts)",8,"Chico",-68.8606282388,-32.8688815505,6,"0",0.046875
15707,"Paraiso","Bajo (2 - 4 mts)",23,"Mediano",-68.8606100376,-32.8687864781,6,"0",0.0859023207481815
15710,"Paraiso","Medio (4 - 8 mts)",95,"Grande",-68.8608043023,-32.8685949634,6,"0",0.0859023207481815
15713,"Paraiso","Medio (4 - 8 mts)",85,"Grande",-68.8609170056,-32.8688852496,6,"0",0.0859023207481815
15716,"Paraiso","Medio (4 - 8 mts)",90,"Grande",-68.8609390522,-32.8690381331,7,"0",0.0859023207481815
15722,"Paraiso","Bajo (2 - 4 mts)",90,"Grande",-68.8609940858,-32.869395893,7,"0",0.0859023207481815
15730,"Acer","Medio (4 - 8 mts)",70,"Grande",-68.8714902272,-32.8788161719,7,"0",0.0204081632653061
15733,"Paraiso sombrilla","Medio (4 - 8 mts)",78,"Grande",-68.8713942268,-32.8789892913,7,"0",0.022887323943662
15736,"Acer","Bajo (2 - 4 mts)",25,"Mediano",-68.8710464289,-32.8796805781,7,"0",0.0204081632653061
15737,"Jacarand","Medio (4 - 8 mts)",40,"Mediano",-68.8720397053,-32.878263355,7,"0",0.103064066852368
15740,"Morera","Alto (> 8 mts)",42,"Mediano",-68.8728630045,-32.8795139735,7,"0",0.185148665048544
15741,"Liquidambar","Alto (> 8 mts)",95,"Grande",-68.8728957756,-32.8795010458,7,"0",0
15746,"Jacarand","Medio (4 - 8 mts)",35,"Mediano",-68.8730135836,-32.8793490453,7,"0",0.103064066852368
15747,"Paraiso","Medio (4 - 8 mts)",65,"Grande",-68.8729994141,-32.8793189144,7,"0",0.0859023207481815
15752,"Morera","Medio (4 - 8 mts)",105,"Grande",-68.8729224971,-32.8790787152,7,"0",0.185148665048544
15753,"Paraiso","Alto (> 8 mts)",100,"Grande",-68.8728699358,-32.8789418154,7,"0",0.0859023207481815
15754,"Morera","Alto (> 8 mts)",90,"Grande",-68.8728647733,-32.8789156737,7,"0",0.185148665048544
15758,"Fresno americano","Medio (4 - 8 mts)",52,"Mediano",-68.8727440241,-32.8785993738,7,"0",0.0512455516014235
15759,"Morera","Medio (4 - 8 mts)",65,"Grande",-68.8727244122,-32.8785425931,7,"0",0.185148665048544
15760,"Morera","Medio (4 - 8 mts)",65,"Grande",-68.8727085108,-32.8784825079,7,"0",0.185148665048544
15762,"Liquidambar","Medio (4 - 8 mts)",35,"Mediano",-68.8726707632,-32.8783716378,7,"0",0
15765,"Prunas","Medio (4 - 8 mts)",90,"Grande",-68.8725823378,-32.8781070008,7,"0",0.0321782178217822
15766,"Paraiso","Alto (> 8 mts)",150,"Grande",-68.8725738504,-32.8780820792,7,"0",0.0859023207481815
15767,"Jacarand","Alto (> 8 mts)",100,"Grande",-68.8725371373,-32.8779751009,7,"0",0.103064066852368
15774,"Fresno americano","Bajo (2 - 4 mts)",28,"Mediano",-68.8726044262,-32.8776448493,7,"0",0.0512455516014235
15778,"Prunas","Bajo (2 - 4 mts)",26,"Mediano",-68.8727390388,-32.8781105164,7,"0",0.0321782178217822
15780,"Paraiso sombrilla","Medio (4 - 8 mts)",140,"Grande",-68.8727551941,-32.8781535878,7,"0",0.022887323943662
15785,"Fresno americano","Bajo (2 - 4 mts)",26,"Mediano",-68.8728991902,-32.8785625621,7,"0",0.0512455516014235
15788,"Morera","Bajo (2 - 4 mts)",80,"Grande",-68.8729652616,-32.8787646086,7,"0",0.185148665048544
15789,"Tilo","Muy bajo (1 - 2 mts)",5,"Chico",-68.8730183717,-32.8789138027,7,"0",0
15796,"Paraiso sombrilla","Bajo (2 - 4 mts)",70,"Grande",-68.8731495448,-32.8793303712,7,"0",0.022887323943662
15799,"Paraiso sombrilla","Bajo (2 - 4 mts)",80,"Grande",-68.8733176775,-32.8794053894,7,"0",0.022887323943662
15800,"Fresno europeo","Bajo (2 - 4 mts)",64,"Grande",-68.8735674853,-32.8793529093,7,"0",0.0420032310177706
15801,"Fresno europeo","Bajo (2 - 4 mts)",24,"Mediano",-68.8736123064,-32.879346347,7,"0",0.0420032310177706
15802,"Morera","Bajo (2 - 4 mts)",28,"Mediano",-68.8736753127,-32.8793128361,7,"0",0.185148665048544
15804,"Fresno americano","Bajo (2 - 4 mts)",38,"Mediano",-68.8736090076,-32.8789420081,7,"0",0.0512455516014235
15805,"Fresno europeo","Bajo (2 - 4 mts)",40,"Mediano",-68.873520333,-32.8786946849,7,"0",0.0420032310177706
15809,"Aguaribay","Medio (4 - 8 mts)",110,"Grande",-68.8734251269,-32.8784276674,7,"0",0.106529209621993
15810,"Aguaribay","Medio (4 - 8 mts)",130,"Grande",-68.8734148977,-32.8783957786,7,"0",0.106529209621993
15818,"Morera","Bajo (2 - 4 mts)",100,"Grande",-68.8731956252,-32.8777451386,7,"0",0.185148665048544
15819,"Morera","Bajo (2 - 4 mts)",90,"Grande",-68.8731834964,-32.8776943393,7,"0",0.185148665048544
15820,"Morera","Medio (4 - 8 mts)",120,"Grande",-68.8731567893,-32.8776141517,7,"0",0.185148665048544
15823,"Fresno europeo","Muy bajo (1 - 2 mts)",20,"Chico",-68.871152697,-32.8756767066,7,"0",0.0420032310177706
15826,"Jacarand","Muy bajo (1 - 2 mts)",14,"Chico",-68.8714969701,-32.8766927983,7,"0",0.103064066852368
15828,"Paraiso","Bajo (2 - 4 mts)",38,"Mediano",-68.8718137708,-32.877184404,7,"0",0.0859023207481815
15829,"Paraiso sombrilla","Bajo (2 - 4 mts)",50,"Mediano",-68.8719299374,-32.8762207484,7,"0",0.022887323943662
15830,"Morera","Medio (4 - 8 mts)",120,"Grande",-68.87173276,-32.87563808,7,"0",0.185148665048544
15831,"Paraiso","Bajo (2 - 4 mts)",18,"Chico",-68.8719093112,-32.8772748742,7,"0",0.0859023207481815
15834,"Fresno europeo","Muy bajo (1 - 2 mts)",20,"Chico",-68.8718520532,-32.8775574568,7,"0",0.0420032310177706
15835,"Fresno europeo","Bajo (2 - 4 mts)",25,"Mediano",-68.8718696986,-32.8776288061,7,"0",0.0420032310177706
15837,"Paraiso","Medio (4 - 8 mts)",58,"Mediano",-68.8723390761,-32.8775957584,7,"0",0.0859023207481815
15838,"lamo criollo","Medio (4 - 8 mts)",70,"Grande",-68.8723079236,-32.8774945466,7,"0",0.0128205128205128
15839,"Paraiso","Bajo (2 - 4 mts)",20,"Chico",-68.8722834301,-32.8773906113,7,"0",0.0859023207481815
15843,"Paraiso","Bajo (2 - 4 mts)",20,"Chico",-68.8725824907,-32.8775093872,7,"0",0.0859023207481815
15845,"Morera","Medio (4 - 8 mts)",90,"Grande",-68.8729974286,-32.8772859619,7,"0",0.185148665048544
15847,"Fresno americano","Medio (4 - 8 mts)",35,"Mediano",-68.8729504405,-32.8771201278,7,"1",0.0512455516014235
15848,"Fresno americano","Medio (4 - 8 mts)",30,"Mediano",-68.8729315085,-32.8770752872,7,"0",0.0512455516014235
15849,"Paraiso","Medio (4 - 8 mts)",110,"Grande",-68.872647908,-32.8761597352,7,"0",0.0859023207481815
15851,"Paraiso sombrilla","Bajo (2 - 4 mts)",40,"Mediano",-68.8726746629,-32.8762508354,7,"0",0.022887323943662
15853,"Morera","Bajo (2 - 4 mts)",60,"Mediano",-68.8727104944,-32.8763350333,7,"0",0.185148665048544
15857,"Morera","Medio (4 - 8 mts)",100,"Grande",-68.8728036569,-32.8765911171,7,"0",0.185148665048544
15859,"Fresno americano","Bajo (2 - 4 mts)",30,"Mediano",-68.8728346749,-32.8767103878,7,"0",0.0512455516014235
15865,"Acacia SP","Medio (4 - 8 mts)",100,"Grande",-68.8727827371,-32.876946815,7,"0",0.150492264416315
15868,"Ailanthus","Bajo (2 - 4 mts)",30,"Mediano",-68.8726292013,-32.8769827373,7,"0",0.0380952380952381
15869,"Morera","Medio (4 - 8 mts)",60,"Mediano",-68.8725806118,-32.876992767,7,"0",0.185148665048544
15875,"Acacia SP","Medio (4 - 8 mts)",50,"Mediano",-68.8723414679,-32.8768895046,7,"1",0.150492264416315
15876,"Acer","Medio (4 - 8 mts)",50,"Mediano",-68.8723206132,-32.8768540504,7,"0",0.0204081632653061
15878,"Paraiso","Medio (4 - 8 mts)",60,"Mediano",-68.8722822643,-32.8767482578,7,"0",0.0859023207481815
15879,"Paraiso","Medio (4 - 8 mts)",90,"Grande",-68.8722573527,-32.8766961028,7,"1",0.0859023207481815
15881,"Paraiso sombrilla","Bajo (2 - 4 mts)",70,"Grande",-68.8722214049,-32.8766209595,7,"0",0.022887323943662
15886,"Paraiso sombrilla","Medio (4 - 8 mts)",90,"Grande",-68.8721340857,-32.8763597081,7,"0",0.022887323943662
15889,"Fresno europeo","Bajo (2 - 4 mts)",37,"Mediano",-68.8720351529,-32.8760791125,7,"0",0.0420032310177706
15892,"Paraiso sombrilla","Medio (4 - 8 mts)",90,"Grande",-68.8719812733,-32.875913739,7,"0",0.022887323943662
15893,"Paraiso sombrilla","Medio (4 - 8 mts)",95,"Grande",-68.871972827,-32.8758887137,7,"0",0.022887323943662
15894,"Paraiso sombrilla","Medio (4 - 8 mts)",100,"Grande",-68.8719640908,-32.8758580219,7,"0",0.022887323943662
15897,"Tilo","Bajo (2 - 4 mts)",52,"Mediano",-68.8718946161,-32.8756716996,7,"0",0
15904,"Paraiso","Muy bajo (1 - 2 mts)",8,"Chico",-68.8739465968,-32.8787325995,7,"0",0.0859023207481815
15906,"Caducifolio","Bajo (2 - 4 mts)",26,"Mediano",-68.8738032811,-32.8774996809,7,"0",0.0512249443207127
15908,"Fresno americano","Muy bajo (1 - 2 mts)",20,"Chico",-68.8736918693,-32.8775212695,7,"0",0.0512455516014235
15914,"Fresno americano","Bajo (2 - 4 mts)",18,"Chico",-68.8732780395,-32.8775326145,7,"0",0.0512455516014235
15916,"Paraiso sombrilla","Medio (4 - 8 mts)",100,"Grande",-68.8732567372,-32.8774674076,7,"0",0.022887323943662
15923,"Paraiso sombrilla","Bajo (2 - 4 mts)",40,"Mediano",-68.8732504371,-32.8771458581,7,"0",0.022887323943662
15924,"Paraiso sombrilla","Bajo (2 - 4 mts)",50,"Mediano",-68.8733206427,-32.8771276573,7,"0",0.022887323943662
15927,"Jacarand","Bajo (2 - 4 mts)",26,"Mediano",-68.8734499735,-32.8770944607,7,"0",0.103064066852368
15932,"Fresno americano","Bajo (2 - 4 mts)",40,"Mediano",-68.8733644748,-32.8769621949,7,"0",0.0512455516014235
15935,"Fresno americano","Muy bajo (1 - 2 mts)",15,"Chico",-68.8731916694,-32.8770043228,7,"0",0.0512455516014235
15936,"Fresno americano","Bajo (2 - 4 mts)",22,"Mediano",-68.8730741485,-32.8769557772,7,"0",0.0512455516014235
15943,"Fresno americano","Muy bajo (1 - 2 mts)",15,"Chico",-68.8730124023,-32.876531445,7,"0",0.0512455516014235
15947,"Morera","Medio (4 - 8 mts)",100,"Grande",-68.8733144611,-32.8764619846,7,"0",0.185148665048544
15948,"Jacarand","Bajo (2 - 4 mts)",18,"Chico",-68.8733741268,-32.8764544058,7,"0",0.103064066852368
15951,"Morera","Bajo (2 - 4 mts)",50,"Mediano",-68.8735410653,-32.8764238251,7,"0",0.185148665048544
15961,"Fresno americano","Medio (4 - 8 mts)",70,"Grande",-68.8730155928,-32.876386244,7,"0",0.0512455516014235
15962,"Morera","Medio (4 - 8 mts)",66,"Grande",-68.8730540014,-32.8763749334,7,"0",0.185148665048544
15968,"Conifera","Alto (> 8 mts)",100,"Grande",-68.8439185608,-32.8727728029,6,"0",0.021505376344086
15977,"Tilo","Medio (4 - 8 mts)",62,"Grande",-68.8438955992,-32.8717277522,4,"0",0
15979,"Morera","Medio (4 - 8 mts)",58,"Mediano",-68.8439002632,-32.8718326684,4,"0",0.185148665048544
15980,"Tilo","Alto (> 8 mts)",92,"Grande",-68.8438817109,-32.8719111882,4,"0",0
15982,"Conifera","Alto (> 8 mts)",75,"Grande",-68.843785117,-32.8721551562,4,"0",0.021505376344086
15983,"Conifera","Alto (> 8 mts)",82,"Grande",-68.8438115091,-32.8720943248,4,"0",0.021505376344086
15984,"Morera","Alto (> 8 mts)",140,"Grande",-68.8437705471,-32.8721135212,4,"0",0.185148665048544
15986,"Morera","Alto (> 8 mts)",160,"Grande",-68.8439178558,-32.8720146179,4,"1",0.185148665048544
15988,"Conifera","Alto (> 8 mts)",103,"Grande",-68.8437993722,-32.8722629318,4,"0",0.021505376344086
15990,"Conifera","Alto (> 8 mts)",47,"Mediano",-68.8437757203,-32.8723076272,4,"0",0.021505376344086
15991,"Braquiquito","Alto (> 8 mts)",166,"Grande",-68.8437598601,-32.8723607109,4,"0",0
15992,"Braquiquito","Alto (> 8 mts)",132,"Grande",-68.8437956907,-32.8724015122,4,"0",0
15993,"Braquiquito","Alto (> 8 mts)",198,"Grande",-68.8437548213,-32.8724312171,4,"0",0
15995,"Morera","Medio (4 - 8 mts)",48,"Mediano",-68.8439692748,-32.8722921532,4,"0",0.185148665048544
16001,"Morera","Alto (> 8 mts)",121,"Grande",-68.8437162782,-32.8724748109,4,"0",0.185148665048544
16004,"Morera","Alto (> 8 mts)",140,"Grande",-68.8437222068,-32.8722625596,4,"0",0.185148665048544
16005,"Morera","Alto (> 8 mts)",106,"Grande",-68.8437271637,-32.8721778967,4,"0",0.185148665048544
16011,"Morera","Alto (> 8 mts)",90,"Grande",-68.8437515679,-32.8717274408,4,"0",0.185148665048544
16014,"Morera","Muy bajo (1 - 2 mts)",16,"Chico",-68.8437502292,-32.8715604363,4,"0",0.185148665048544
16016,"Morera","Alto (> 8 mts)",140,"Grande",-68.8437895743,-32.8713011925,4,"0",0.185148665048544
16019,"Morera","Alto (> 8 mts)",150,"Grande",-68.8436866792,-32.8709207591,4,"1",0.185148665048544
16022,"Morera","Alto (> 8 mts)",210,"Grande",-68.8436280823,-32.8706969646,4,"1",0.185148665048544
16023,"Morera","Alto (> 8 mts)",145,"Grande",-68.8460069695,-32.8737714024,6,"0",0.185148665048544
16025,"Morera","Alto (> 8 mts)",140,"Grande",-68.8459223062,-32.8735447926,6,"0",0.185148665048544
16026,"Morera","Alto (> 8 mts)",145,"Grande",-68.8459052032,-32.8734867926,6,"0",0.185148665048544
16038,"Morera","Alto (> 8 mts)",130,"Grande",-68.845510518,-32.8719909364,6,"0",0.185148665048544
16039,"Morera","Alto (> 8 mts)",160,"Grande",-68.8454586358,-32.8717787938,6,"1",0.185148665048544
16040,"Paraiso","Alto (> 8 mts)",155,"Grande",-68.8454251904,-32.8716562123,6,"0",0.0859023207481815
16041,"Morera","Alto (> 8 mts)",170,"Grande",-68.8453684904,-32.8714497444,6,"0",0.185148665048544
16042,"Paraiso","Alto (> 8 mts)",160,"Grande",-68.8453371012,-32.8713123776,6,"0",0.0859023207481815
16045,"Aguaribay","Medio (4 - 8 mts)",80,"Grande",-68.8452478999,-32.8709939692,6,"1",0.106529209621993
16047,"Morera","Alto (> 8 mts)",170,"Grande",-68.845214793,-32.8708614693,6,"0",0.185148665048544
16048,"Morera","Alto (> 8 mts)",180,"Grande",-68.8451811366,-32.8707377152,6,"1",0.185148665048544
16049,"Morera","Alto (> 8 mts)",150,"Grande",-68.8451518215,-32.8706367793,6,"0",0.185148665048544
16050,"Morera","Alto (> 8 mts)",120,"Grande",-68.8451363413,-32.8705678707,6,"0",0.185148665048544
16053,"Paraiso","Medio (4 - 8 mts)",85,"Grande",-68.8448449488,-32.8713666227,6,"0",0.0859023207481815
16054,"Jacarand","Bajo (2 - 4 mts)",20,"Chico",-68.8447644647,-32.8713887081,6,"0",0.103064066852368
16057,"Perenne","Muy bajo (1 - 2 mts)",18,"Chico",-68.8444881896,-32.8714409229,6,"0",0.0364741641337386
16058,"Morera","Alto (> 8 mts)",150,"Grande",-68.8443838272,-32.8714625952,4,"1",0.185148665048544
16059,"Morera","Alto (> 8 mts)",195,"Grande",-68.8443210724,-32.8714756169,4,"0",0.185148665048544
16070,"Fresno americano","Alto (> 8 mts)",200,"Grande",-68.8437630287,-32.8707465831,4,"1",0.0512455516014235
16080,"Morera","Alto (> 8 mts)",155,"Grande",-68.8446054599,-32.8725259438,6,"0",0.185148665048544
16081,"Morera","Alto (> 8 mts)",180,"Grande",-68.8445074337,-32.8725432553,6,"0",0.185148665048544
16083,"Paraiso","Alto (> 8 mts)",220,"Grande",-68.8442174037,-32.8726023945,6,"1",0.0859023207481815
16086,"Paraiso","Alto (> 8 mts)",185,"Grande",-68.8440892357,-32.8722660833,6,"0",0.0859023207481815
16087,"Morera","Alto (> 8 mts)",175,"Grande",-68.8440674469,-32.8720778726,4,"0",0.185148665048544
16090,"Morera","Alto (> 8 mts)",168,"Grande",-68.8440183599,-32.8717657684,4,"1",0.185148665048544
16091,"Morera","Alto (> 8 mts)",160,"Grande",-68.8440077309,-32.8717135759,4,"1",0.185148665048544
16104,"Pltano","Alto (> 8 mts)",125,"Grande",-68.8449805798,-32.8717201332,6,"0",0.0903973509933775
16106,"Paraiso","Alto (> 8 mts)",110,"Grande",-68.8450372264,-32.8718954026,6,"1",0.0859023207481815
16111,"Olmo comun","Medio (4 - 8 mts)",62,"Grande",-68.8453093465,-32.8734760159,6,"0",0.0227272727272727
16112,"Morera","Alto (> 8 mts)",145,"Grande",-68.8452510473,-32.8734515079,6,"0",0.185148665048544
16119,"Morera","Alto (> 8 mts)",180,"Grande",-68.8447094945,-32.8731937963,6,"1",0.185148665048544
16121,"Fresno europeo","Alto (> 8 mts)",102,"Grande",-68.8445172272,-32.8730939203,6,"0",0.0420032310177706
16123,"Olmo comun","Alto (> 8 mts)",180,"Grande",-68.8443456557,-32.8730134562,6,"0",0.0227272727272727
16128,"Morera","Alto (> 8 mts)",200,"Grande",-68.8443435844,-32.8727061905,6,"0",0.185148665048544
16129,"Morera","Medio (4 - 8 mts)",113,"Grande",-68.8444215108,-32.8726901471,6,"1",0.185148665048544
16134,"Morera","Alto (> 8 mts)",136,"Grande",-68.8447976788,-32.8726228918,6,"0",0.185148665048544
16141,"Morera","Alto (> 8 mts)",140,"Grande",-68.8452460865,-32.8726781729,6,"1",0.185148665048544
16144,"Paraiso","Alto (> 8 mts)",150,"Grande",-68.8452914701,-32.8728539476,6,"0",0.0859023207481815
16145,"Morera","Alto (> 8 mts)",132,"Grande",-68.8453025972,-32.8729071613,6,"1",0.185148665048544
16146,"Morera","Alto (> 8 mts)",132,"Grande",-68.8453155448,-32.8729580329,6,"0",0.185148665048544
16159,"Morera","Alto (> 8 mts)",258,"Grande",-68.8431333009,-32.8670705872,4,"0",0.185148665048544
16162,"Morera","Medio (4 - 8 mts)",50,"Mediano",-68.8430368641,-32.8676360389,4,"0",0.185148665048544
16163,"Morera","Alto (> 8 mts)",205,"Grande",-68.8437477249,-32.8676436618,4,"0",0.185148665048544
16166,"Morera","Alto (> 8 mts)",200,"Grande",-68.8434165079,-32.8677012266,4,"0",0.185148665048544
16177,"Morera","Alto (> 8 mts)",182,"Grande",-68.8437218685,-32.8683726163,4,"1",0.185148665048544
16178,"Morera","Alto (> 8 mts)",147,"Grande",-68.8438006073,-32.868378609,4,"1",0.185148665048544
16182,"Paraiso","Alto (> 8 mts)",200,"Grande",-68.8433831866,-32.8688641663,4,"0",0.0859023207481815
16184,"Fresno americano","Medio (4 - 8 mts)",100,"Grande",-68.8434610755,-32.8692751002,4,"0",0.0512455516014235
16186,"Fresno americano","Medio (4 - 8 mts)",132,"Grande",-68.843517444,-32.8695008711,4,"0",0.0512455516014235
16190,"Fresno americano","Medio (4 - 8 mts)",140,"Grande",-68.8435875624,-32.8698957144,4,"0",0.0512455516014235
16191,"Fresno americano","Alto (> 8 mts)",110,"Grande",-68.8436321023,-32.8701483346,4,"0",0.0512455516014235
16193,"Morera","Alto (> 8 mts)",200,"Grande",-68.843687646,-32.8704020507,4,"1",0.185148665048544
16195,"Morera","Alto (> 8 mts)",220,"Grande",-68.8438105567,-32.8705045465,4,"0",0.185148665048544
16196,"Morera","Alto (> 8 mts)",190,"Grande",-68.8439530988,-32.8704821721,4,"1",0.185148665048544
16204,"Morera","Alto (> 8 mts)",220,"Grande",-68.8442184961,-32.8685118902,4,"0",0.185148665048544
16209,"Fresno europeo","Bajo (2 - 4 mts)",20,"Chico",-68.8436415539,-32.8684797292,4,"0",0.0420032310177706
16212,"Morera","Alto (> 8 mts)",180,"Grande",-68.8433787194,-32.8684714971,4,"0",0.185148665048544
16221,"Morera","Alto (> 8 mts)",180,"Grande",-68.8434023785,-32.8654264256,4,"0",0.185148665048544
16222,"Paraiso","Alto (> 8 mts)",170,"Grande",-68.8434180652,-32.865501863,4,"0",0.0859023207481815
16224,"Fresno americano","Bajo (2 - 4 mts)",22,"Mediano",-68.8434721942,-32.8657074298,4,"0",0.0512455516014235
16225,"Morera","Alto (> 8 mts)",200,"Grande",-68.8434735269,-32.8658976377,4,"0",0.185148665048544
16228,"Paraiso","Alto (> 8 mts)",200,"Grande",-68.8430696136,-32.8658621757,4,"0",0.0859023207481815
16233,"Morera","Alto (> 8 mts)",200,"Grande",-68.8425825101,-32.865741879,4,"0",0.185148665048544
16240,"Paraiso","Bajo (2 - 4 mts)",75,"Grande",-68.8424503866,-32.8651741859,4,"0",0.0859023207481815
16242,"Morera","Bajo (2 - 4 mts)",40,"Mediano",-68.84242377,-32.8650605387,4,"0",0.185148665048544
16244,"Morera","Medio (4 - 8 mts)",80,"Grande",-68.842382403,-32.8648899761,4,"1",0.185148665048544
16246,"Morera","Alto (> 8 mts)",160,"Grande",-68.8425118918,-32.86483207,4,"0",0.185148665048544
16250,"Morera","Medio (4 - 8 mts)",50,"Mediano",-68.8428632694,-32.8648424305,4,"0",0.185148665048544
16251,"Perenne","Medio (4 - 8 mts)",80,"Grande",-68.842911994,-32.8648453771,4,"0",0.0364741641337386
16252,"Morera","Alto (> 8 mts)",170,"Grande",-68.8430327031,-32.8648457621,4,"0",0.185148665048544
16253,"Fresno americano","Muy bajo (1 - 2 mts)",0.7,"Chico",-68.8431241253,-32.8648499462,4,"0",0.0512455516014235
16254,"Fresno americano","Muy bajo (1 - 2 mts)",0.8,"Chico",-68.8431695825,-32.8648505694,4,"0",0.0512455516014235
16255,"Fresno americano","Muy bajo (1 - 2 mts)",0.8,"Chico",-68.8432335786,-32.8648520923,4,"0",0.0512455516014235
16256,"Paraiso","Alto (> 8 mts)",280,"Grande",-68.8433370896,-32.8648552878,4,"1",0.0859023207481815
16258,"Fresno americano","Bajo (2 - 4 mts)",15,"Chico",-68.843107702,-32.8647312877,4,"0",0.0512455516014235
16260,"Fresno americano","Muy bajo (1 - 2 mts)",20,"Chico",-68.8429510894,-32.8647292878,4,"0",0.0512455516014235
16261,"Jacarand","Alto (> 8 mts)",100,"Grande",-68.8427066674,-32.8647168629,4,"0",0.103064066852368
16262,"Perenne","Bajo (2 - 4 mts)",40,"Mediano",-68.8426624312,-32.8647151545,4,"0",0.0364741641337386
16263,"Fresno americano","Bajo (2 - 4 mts)",30,"Mediano",-68.8426145671,-32.8647143936,4,"0",0.0512455516014235
16267,"Morera","Alto (> 8 mts)",200,"Grande",-68.8423571373,-32.8647103131,4,"0",0.185148665048544
16271,"Morera","Alto (> 8 mts)",300,"Grande",-68.8429235107,-32.8637670542,4,"0",0.185148665048544
16276,"Morera","Alto (> 8 mts)",180,"Grande",-68.8423099638,-32.8637427482,4,"0",0.185148665048544
16285,"Morera","Alto (> 8 mts)",300,"Grande",-68.8422462481,-32.8642924296,4,"1",0.185148665048544
16287,"Conifera","Alto (> 8 mts)",110,"Grande",-68.8421949927,-32.8629712353,4,"0",0.021505376344086
16289,"Paraiso","Alto (> 8 mts)",104,"Grande",-68.8425002298,-32.8630289867,4,"0",0.0859023207481815
16291,"Perenne","Alto (> 8 mts)",260,"Grande",-68.8430108415,-32.8635779882,4,"0",0.0364741641337386
16295,"Fresno americano","Medio (4 - 8 mts)",44,"Mediano",-68.8426299185,-32.8636416201,4,"0",0.0512455516014235
16296,"Morera","Alto (> 8 mts)",220,"Grande",-68.8423251098,-32.8636273295,4,"0",0.185148665048544
16298,"lamo blanco","Muy bajo (1 - 2 mts)",5,"Chico",-68.8421193538,-32.8636250169,4,"0",0.046875
16302,"Morera","Alto (> 8 mts)",280,"Grande",-68.8420232889,-32.8632717015,4,"0",0.185148665048544
16304,"Morera","Alto (> 8 mts)",163,"Grande",-68.842029387,-32.8631465539,4,"0",0.185148665048544
16307,"Morera","Alto (> 8 mts)",120,"Grande",-68.8420575603,-32.862984104,4,"0",0.185148665048544
16315,"Paraiso sombrilla","Medio (4 - 8 mts)",140,"Grande",-68.8426733049,-32.8625206455,4,"0",0.022887323943662
16317,"Morera","Alto (> 8 mts)",200,"Grande",-68.8425103031,-32.8625197533,4,"0",0.185148665048544
16318,"Acer","Muy bajo (1 - 2 mts)",2,"Chico",-68.8424193943,-32.8625202773,4,"0",0.0204081632653061
16326,"Morera","Alto (> 8 mts)",220,"Grande",-68.8423796139,-32.8653795028,4,"0",0.185148665048544
16339,"Morera","Alto (> 8 mts)",175,"Grande",-68.8421638237,-32.8644559851,4,"0",0.185148665048544
16341,"Morera","Alto (> 8 mts)",186,"Grande",-68.8420961463,-32.8641806122,4,"0",0.185148665048544
16342,"lamo blanco","Alto (> 8 mts)",125,"Grande",-68.8418634443,-32.8630972019,4,"0",0.046875
16352,"Aguaribay","Alto (> 8 mts)",240,"Grande",-68.8417892268,-32.8626552773,4,"0",0.106529209621993
16354,"Conifera","Alto (> 8 mts)",106,"Grande",-68.8418380547,-32.8628949195,4,"0",0.021505376344086
16358,"Morera","Alto (> 8 mts)",180,"Grande",-68.8420676177,-32.8640611016,4,"0",0.185148665048544
16359,"Morera","Alto (> 8 mts)",130,"Grande",-68.842024145,-32.8638735842,4,"0",0.185148665048544
16368,"Morera","Alto (> 8 mts)",190,"Grande",-68.8419038065,-32.8632308842,4,"0",0.185148665048544
16373,"Morera","Alto (> 8 mts)",190,"Grande",-68.8419491607,-32.8629596213,4,"0",0.185148665048544
16375,"Morera","Medio (4 - 8 mts)",40,"Mediano",-68.8419782736,-32.8628698492,4,"0",0.185148665048544
16378,"Aguaribay","Bajo (2 - 4 mts)",40,"Mediano",-68.8420107462,-32.8627532109,4,"1",0.106529209621993
16380,"lamo blanco","Alto (> 8 mts)",320,"Grande",-68.8420559568,-32.8625626495,4,"0",0.046875
16385,"Fresno europeo","Medio (4 - 8 mts)",47,"Mediano",-68.8346297497,-32.8658905882,4,"0",0.0420032310177706
16386,"Morera","Alto (> 8 mts)",93,"Grande",-68.8348431186,-32.8659300361,4,"1",0.185148665048544
16392,"Morera","Alto (> 8 mts)",97,"Grande",-68.8351870507,-32.8659708567,4,"1",0.185148665048544
16395,"Tipa","Alto (> 8 mts)",63,"Grande",-68.8354431961,-32.8660045187,4,"1",0.101123595505618
16398,"Morera","Medio (4 - 8 mts)",72,"Grande",-68.8356400821,-32.8661132857,4,"1",0.185148665048544
16399,"Morera","Alto (> 8 mts)",130,"Grande",-68.8356535308,-32.8661785861,4,"1",0.185148665048544
16400,"Morera","Medio (4 - 8 mts)",128,"Grande",-68.8356739109,-32.8662512895,4,"1",0.185148665048544
16402,"Pltano","Alto (> 8 mts)",230,"Grande",-68.8357066807,-32.8664137539,4,"0",0.0903973509933775
16403,"Morera","Medio (4 - 8 mts)",100,"Grande",-68.8357353037,-32.8665184052,4,"1",0.185148665048544
16404,"Pltano","Alto (> 8 mts)",150,"Grande",-68.8357473918,-32.866556249,4,"1",0.0903973509933775
16405,"Pltano","Medio (4 - 8 mts)",150,"Grande",-68.8357590343,-32.8666230853,4,"1",0.0903973509933775
16406,"Pltano","Medio (4 - 8 mts)",135,"Grande",-68.8357780561,-32.8667070129,4,"1",0.0903973509933775
16410,"Morera","Alto (> 8 mts)",180,"Grande",-68.8354345128,-32.8668659306,4,"1",0.185148665048544
16412,"Morera","Alto (> 8 mts)",150,"Grande",-68.8349501238,-32.8668402506,4,"1",0.185148665048544
16415,"Fresno europeo","Medio (4 - 8 mts)",113,"Grande",-68.8347525998,-32.8668296961,4,"0",0.0420032310177706
16417,"Morera","Alto (> 8 mts)",185,"Grande",-68.8346233568,-32.8667289846,4,"1",0.185148665048544
16418,"Morera","Medio (4 - 8 mts)",42,"Mediano",-68.8346092927,-32.8666622893,4,"0",0.185148665048544
16419,"Fresno americano","Medio (4 - 8 mts)",134,"Grande",-68.8345861891,-32.866594078,4,"0",0.0512455516014235
16424,"Morera","Alto (> 8 mts)",200,"Grande",-68.8344753773,-32.8661690077,4,"1",0.185148665048544
16426,"Paraiso","Medio (4 - 8 mts)",60,"Mediano",-68.8420675194,-32.8645987823,4,"0",0.0859023207481815
16427,"Paraiso","Medio (4 - 8 mts)",65,"Grande",-68.8420496007,-32.8645211237,4,"1",0.0859023207481815
16428,"Paraiso","Medio (4 - 8 mts)",85,"Grande",-68.8420333752,-32.8644526646,4,"0",0.0859023207481815
16429,"Paraiso","Medio (4 - 8 mts)",55,"Mediano",-68.8420175838,-32.8643804188,4,"0",0.0859023207481815
16431,"Paraiso","Medio (4 - 8 mts)",75,"Grande",-68.8419632788,-32.8641559183,4,"0",0.0859023207481815
16432,"Paraiso","Medio (4 - 8 mts)",50,"Mediano",-68.8419472803,-32.8640800655,4,"0",0.0859023207481815
16433,"Paraiso","Medio (4 - 8 mts)",76,"Grande",-68.8419297832,-32.8640057438,4,"0",0.0859023207481815
16434,"Paraiso","Medio (4 - 8 mts)",72,"Grande",-68.8419122763,-32.8639370125,4,"0",0.0859023207481815
16435,"Paraiso","Medio (4 - 8 mts)",70,"Grande",-68.8418958532,-32.8638596262,4,"0",0.0859023207481815
16437,"Paraiso","Medio (4 - 8 mts)",50,"Mediano",-68.8418595834,-32.8637074644,4,"0",0.0859023207481815
16441,"Paraiso","Alto (> 8 mts)",114,"Grande",-68.8417063626,-32.8630517381,4,"0",0.0859023207481815
16442,"Perenne","Muy bajo (1 - 2 mts)",30,"Mediano",-68.8416863224,-32.8629657812,4,"0",0.0364741641337386
16443,"Morera","Alto (> 8 mts)",120,"Grande",-68.8417871616,-32.8646007725,4,"0",0.185148665048544
16446,"Morera","Alto (> 8 mts)",145,"Grande",-68.8417654235,-32.8643877646,4,"0",0.185148665048544
16447,"Morera","Alto (> 8 mts)",155,"Grande",-68.841761064,-32.8643157136,4,"0",0.185148665048544
16455,"Morera","Alto (> 8 mts)",140,"Grande",-68.8416346969,-32.8637594783,4,"0",0.185148665048544
16460,"Morera","Medio (4 - 8 mts)",70,"Grande",-68.8415535916,-32.8634060914,4,"0",0.185148665048544
16463,"Morera","Medio (4 - 8 mts)",80,"Grande",-68.8415040855,-32.863187638,4,"0",0.185148665048544
16466,"Morera","Medio (4 - 8 mts)",70,"Grande",-68.8414287421,-32.8628990902,4,"0",0.185148665048544
16468,"Conifera","Medio (4 - 8 mts)",49,"Mediano",-68.8414688796,-32.8626782257,4,"0",0.021505376344086
16470,"Morera","Alto (> 8 mts)",170,"Grande",-68.8414905059,-32.8625930429,4,"0",0.185148665048544
16475,"Paraiso","Medio (4 - 8 mts)",48,"Mediano",-68.842322752,-32.8656934014,4,"0",0.0859023207481815
16482,"Paraiso","Medio (4 - 8 mts)",45,"Mediano",-68.8421987742,-32.8651725162,4,"0",0.0859023207481815
16483,"Paraiso","Alto (> 8 mts)",52,"Mediano",-68.8421838212,-32.8651093787,4,"0",0.0859023207481815
16484,"Paraiso","Medio (4 - 8 mts)",100,"Grande",-68.8421641955,-32.8650301851,4,"1",0.0859023207481815
16485,"Paraiso","Medio (4 - 8 mts)",40,"Mediano",-68.8421460633,-32.8649523459,4,"0",0.0859023207481815
16487,"Morera","Alto (> 8 mts)",160,"Grande",-68.8421068254,-32.8659320782,4,"0",0.185148665048544
16488,"Morera","Alto (> 8 mts)",148,"Grande",-68.842056911,-32.8659423847,4,"0",0.185148665048544
16489,"Morera","Alto (> 8 mts)",140,"Grande",-68.84194372,-32.8659065346,4,"0",0.185148665048544
16499,"Morera","Alto (> 8 mts)",140,"Grande",-68.8418445423,-32.8651991197,4,"0",0.185148665048544
16501,"Morera","Alto (> 8 mts)",175,"Grande",-68.8418336477,-32.8650768361,4,"1",0.185148665048544
16502,"Morera","Medio (4 - 8 mts)",100,"Grande",-68.8401106094,-32.8649301727,4,"1",0.185148665048544
16506,"Morera","Alto (> 8 mts)",175,"Grande",-68.840144731,-32.8646935367,4,"1",0.185148665048544
16510,"Perenne","Alto (> 8 mts)",160,"Grande",-68.8401775431,-32.8644435448,4,"0",0.0364741641337386
16514,"Morera","Alto (> 8 mts)",260,"Grande",-68.8404500493,-32.864291416,4,"1",0.185148665048544
16515,"Morera","Alto (> 8 mts)",125,"Grande",-68.840523016,-32.8642949355,4,"0",0.185148665048544
16516,"Paraiso","Alto (> 8 mts)",165,"Grande",-68.8405815637,-32.8642959118,4,"1",0.0859023207481815
16520,"Morera","Alto (> 8 mts)",200,"Grande",-68.8411816321,-32.8642713374,4,"1",0.185148665048544
16525,"Morera","Alto (> 8 mts)",190,"Grande",-68.8416782052,-32.8645277777,4,"0",0.185148665048544
16526,"Morera","Alto (> 8 mts)",180,"Grande",-68.8416804789,-32.8645710619,4,"1",0.185148665048544
16527,"Morera","Medio (4 - 8 mts)",33,"Mediano",-68.8416880776,-32.8646239109,4,"0",0.185148665048544
16531,"Morera","Alto (> 8 mts)",170,"Grande",-68.8414922121,-32.8647848147,4,"1",0.185148665048544
16532,"Fresno europeo","Alto (> 8 mts)",140,"Grande",-68.8414151706,-32.8648007492,4,"1",0.0420032310177706
16537,"Morera","Alto (> 8 mts)",155,"Grande",-68.8410153673,-32.8648806721,4,"0",0.185148665048544
16539,"Pltano","Alto (> 8 mts)",222,"Grande",-68.840877499,-32.8649037606,4,"0",0.0903973509933775
16540,"Pltano","Alto (> 8 mts)",220,"Grande",-68.8408409453,-32.8649112883,4,"0",0.0903973509933775
16542,"Fresno europeo","Alto (> 8 mts)",133,"Grande",-68.8406855406,-32.8649422891,4,"0",0.0420032310177706
16543,"Fresno americano","Medio (4 - 8 mts)",146,"Grande",-68.8405693121,-32.8649629188,4,"0",0.0512455516014235
16545,"Olmo comun","Alto (> 8 mts)",106,"Grande",-68.8404656937,-32.8649821344,4,"0",0.0227272727272727
16546,"Conifera","Alto (> 8 mts)",100,"Grande",-68.8404253684,-32.8649902514,4,"0",0.021505376344086
16547,"Olmo comun","Alto (> 8 mts)",110,"Grande",-68.8403818974,-32.8649997008,4,"0",0.0227272727272727
16553,"Morera","Medio (4 - 8 mts)",180,"Grande",-68.8408180628,-32.8652701275,4,"0",0.185148665048544
16555,"Morera","Alto (> 8 mts)",180,"Grande",-68.8408655317,-32.8654426885,4,"1",0.185148665048544
16556,"Olmo comun","Alto (> 8 mts)",180,"Grande",-68.8408823941,-32.8655130421,4,"0",0.0227272727272727
16557,"Morera","Alto (> 8 mts)",300,"Grande",-68.8408980061,-32.865565721,4,"0",0.185148665048544
16559,"Morera","Muy bajo (1 - 2 mts)",10,"Chico",-68.8409450471,-32.8657285367,4,"0",0.185148665048544
16560,"Morera","Alto (> 8 mts)",200,"Grande",-68.8409822954,-32.8658707814,4,"0",0.185148665048544
16561,"Paraiso","Alto (> 8 mts)",180,"Grande",-68.8410080602,-32.8659819029,4,"0",0.0859023207481815
16569,"Morera","Medio (4 - 8 mts)",200,"Grande",-68.8414888316,-32.8660569029,4,"1",0.185148665048544
16571,"Morera","Alto (> 8 mts)",220,"Grande",-68.8415958586,-32.8660369901,4,"0",0.185148665048544
16572,"Morera","Medio (4 - 8 mts)",180,"Grande",-68.841663694,-32.8660200646,4,"0",0.185148665048544
16574,"Morera","Medio (4 - 8 mts)",140,"Grande",-68.8417561503,-32.8659997131,4,"1",0.185148665048544
16577,"Paraiso","Medio (4 - 8 mts)",105,"Grande",-68.8417961721,-32.8657240254,4,"1",0.0859023207481815
16582,"Morera","Alto (> 8 mts)",205,"Grande",-68.8417367651,-32.8651235116,4,"1",0.185148665048544
16585,"Morera","Medio (4 - 8 mts)",75,"Grande",-68.8415338424,-32.864898913,4,"0",0.185148665048544
16588,"Fresno europeo","Medio (4 - 8 mts)",86,"Grande",-68.8413906304,-32.8649228969,4,"0",0.0420032310177706
16589,"Morera","Alto (> 8 mts)",180,"Grande",-68.8413351543,-32.8649368028,4,"0",0.185148665048544
16590,"Fresno americano","Medio (4 - 8 mts)",86,"Grande",-68.8412244306,-32.8649562291,4,"0",0.0512455516014235
16592,"Morera","Alto (> 8 mts)",110,"Grande",-68.841030337,-32.8649938539,4,"0",0.185148665048544
16599,"Morera","Alto (> 8 mts)",170,"Grande",-68.840685778,-32.8652875485,4,"0",0.185148665048544
16601,"Morera","Alto (> 8 mts)",170,"Grande",-68.8407149899,-32.8653826243,4,"0",0.185148665048544
16603,"Morera","Alto (> 8 mts)",150,"Grande",-68.840743006,-32.8654892404,4,"1",0.185148665048544
16604,"Paraiso","Alto (> 8 mts)",70,"Grande",-68.8407611998,-32.8655320039,4,"0",0.0859023207481815
16606,"Morera","Alto (> 8 mts)",166,"Grande",-68.8407831101,-32.8656474487,4,"0",0.185148665048544
16608,"Paraiso","Medio (4 - 8 mts)",63,"Grande",-68.8407913462,-32.8658815392,4,"0",0.0859023207481815
16610,"Paraiso","Alto (> 8 mts)",93,"Grande",-68.8406831938,-32.8658962795,4,"0",0.0859023207481815
16612,"Paraiso","Alto (> 8 mts)",93,"Grande",-68.8405772875,-32.86590967,4,"0",0.0859023207481815
16613,"Paraiso","Alto (> 8 mts)",90,"Grande",-68.8405218252,-32.8659154603,4,"0",0.0859023207481815
16614,"Paraiso","Alto (> 8 mts)",175,"Grande",-68.8404703138,-32.865922518,4,"0",0.0859023207481815
16616,"Paraiso","Alto (> 8 mts)",165,"Grande",-68.8402886984,-32.8659117365,4,"0",0.0859023207481815
16618,"Paraiso","Alto (> 8 mts)",98,"Grande",-68.8401481407,-32.8658845061,4,"0",0.0859023207481815
16621,"Morera","Alto (> 8 mts)",167,"Grande",-68.8399695563,-32.8657923951,4,"0",0.185148665048544
16623,"Morera","Alto (> 8 mts)",156,"Grande",-68.8400055941,-32.8656558344,4,"0",0.185148665048544
16624,"Morera","Alto (> 8 mts)",175,"Grande",-68.8400253652,-32.8655935526,4,"0",0.185148665048544
16626,"Fresno europeo","Alto (> 8 mts)",140,"Grande",-68.840037544,-32.8654752657,4,"0",0.0420032310177706
16627,"Morera","Alto (> 8 mts)",150,"Grande",-68.8400488482,-32.8654275805,4,"0",0.185148665048544
16629,"Morera","Alto (> 8 mts)",123,"Grande",-68.840075569,-32.8652433984,4,"1",0.185148665048544
16631,"Morera","Alto (> 8 mts)",163,"Grande",-68.8402043649,-32.8651560084,4,"1",0.185148665048544
16632,"Morera","Alto (> 8 mts)",120,"Grande",-68.8402554546,-32.8651455238,4,"0",0.185148665048544
16634,"Fresno europeo","Alto (> 8 mts)",80,"Grande",-68.8403755842,-32.865124307,4,"0",0.0420032310177706
16635,"Fresno europeo","Medio (4 - 8 mts)",55,"Mediano",-68.8404472994,-32.8651111435,4,"0",0.0420032310177706
16636,"Paraiso","Alto (> 8 mts)",90,"Grande",-68.8405528871,-32.8650901713,4,"0",0.0859023207481815
16637,"Fresno europeo","Muy bajo (1 - 2 mts)",20,"Chico",-68.8414955757,-32.864226135,4,"0",0.0420032310177706
16643,"Paraiso","Alto (> 8 mts)",115,"Grande",-68.840982283,-32.8640265778,4,"1",0.0859023207481815
16648,"Paraiso","Alto (> 8 mts)",195,"Grande",-68.8410058731,-32.8637687581,4,"1",0.0859023207481815
16649,"Paraiso","Alto (> 8 mts)",180,"Grande",-68.8410112891,-32.8636932245,4,"1",0.0859023207481815
16651,"Paraiso","Alto (> 8 mts)",158,"Grande",-68.8410283462,-32.8635010345,4,"0",0.0859023207481815
16653,"Paraiso","Alto (> 8 mts)",108,"Grande",-68.84103877,-32.8633810024,4,"1",0.0859023207481815
16656,"Paraiso","Alto (> 8 mts)",168,"Grande",-68.841074789,-32.8630852307,4,"1",0.0859023207481815
16657,"Paraiso","Alto (> 8 mts)",168,"Grande",-68.8410949286,-32.8628640416,4,"1",0.0859023207481815
16659,"Paraiso","Alto (> 8 mts)",108,"Grande",-68.8411035088,-32.8627257324,4,"0",0.0859023207481815
16660,"Morera","Alto (> 8 mts)",118,"Grande",-68.8412223046,-32.8627315639,4,"1",0.185148665048544
16663,"Morera","Medio (4 - 8 mts)",87,"Grande",-68.8413355342,-32.8629226966,4,"0",0.185148665048544
16664,"Morera","Alto (> 8 mts)",145,"Grande",-68.8413483764,-32.8629815061,4,"1",0.185148665048544
16666,"Caducifolio","Medio (4 - 8 mts)",80,"Grande",-68.8413761689,-32.8630835105,4,"0",0.0512249443207127
16667,"Jacarand","Medio (4 - 8 mts)",52,"Mediano",-68.8414612475,-32.863206972,4,"1",0.103064066852368
16671,"Morera","Alto (> 8 mts)",120,"Grande",-68.8414409628,-32.8633564456,4,"1",0.185148665048544
16675,"Paraiso","Alto (> 8 mts)",185,"Grande",-68.8415059027,-32.8636244414,4,"1",0.0859023207481815
16678,"Fresno europeo","Medio (4 - 8 mts)",120,"Grande",-68.8415681848,-32.8639116002,4,"1",0.0420032310177706
16680,"Morera","Alto (> 8 mts)",52,"Mediano",-68.8415933792,-32.8640149258,4,"0",0.185148665048544
16682,"Fresno europeo","Medio (4 - 8 mts)",50,"Mediano",-68.8416170579,-32.8641259049,4,"0",0.0420032310177706
16683,"Morera","Alto (> 8 mts)",120,"Grande",-68.8409677501,-32.8627060833,4,"0",0.185148665048544
16686,"Morera","Medio (4 - 8 mts)",145,"Grande",-68.8409406337,-32.8629935995,4,"0",0.185148665048544
16688,"Paraiso","Alto (> 8 mts)",165,"Grande",-68.8409192027,-32.8632682286,4,"1",0.0859023207481815
16689,"Morera","Alto (> 8 mts)",178,"Grande",-68.8409107978,-32.8633680356,4,"0",0.185148665048544
16692,"Paraiso","Alto (> 8 mts)",198,"Grande",-68.840889861,-32.8635452823,4,"0",0.0859023207481815
16693,"Paraiso","Alto (> 8 mts)",150,"Grande",-68.8408765965,-32.8636740501,4,"0",0.0859023207481815
16694,"Morera","Medio (4 - 8 mts)",52,"Mediano",-68.8408692882,-32.8638177989,4,"0",0.185148665048544
16696,"Paraiso","Alto (> 8 mts)",183,"Grande",-68.8408472332,-32.864022856,4,"0",0.0859023207481815
16700,"Fresno europeo","Medio (4 - 8 mts)",50,"Mediano",-68.8403723573,-32.8641821216,4,"0",0.0420032310177706
16701,"Acer","Alto (> 8 mts)",82,"Grande",-68.8402825114,-32.8641775886,4,"0",0.0204081632653061
16702,"Morera","Medio (4 - 8 mts)",56,"Mediano",-68.8402084723,-32.8641167198,4,"0",0.185148665048544
16703,"Paraiso","Alto (> 8 mts)",145,"Grande",-68.8402233078,-32.8639465889,4,"1",0.0859023207481815
16707,"Paraiso","Alto (> 8 mts)",153,"Grande",-68.840258618,-32.8636789207,4,"0",0.0859023207481815
16708,"Fresno europeo","Alto (> 8 mts)",85,"Grande",-68.8402591438,-32.8636240081,4,"0",0.0420032310177706
16710,"Caducifolio","Bajo (2 - 4 mts)",25,"Mediano",-68.8402658039,-32.8634847299,4,"0",0.0512249443207127
16711,"Paraiso","Alto (> 8 mts)",150,"Grande",-68.8402868087,-32.8633828985,4,"0",0.0859023207481815
16714,"Morera","Alto (> 8 mts)",183,"Grande",-68.8403114607,-32.863166735,4,"0",0.185148665048544
16715,"Paraiso","Alto (> 8 mts)",190,"Grande",-68.8403181722,-32.8630583598,4,"0",0.0859023207481815
16718,"Fresno europeo","Medio (4 - 8 mts)",75,"Grande",-68.8403622281,-32.8626484701,4,"0",0.0420032310177706
16719,"Paraiso","Medio (4 - 8 mts)",160,"Grande",-68.8404978888,-32.8625311721,4,"0",0.0859023207481815
16723,"Paraiso","Alto (> 8 mts)",105,"Grande",-68.840037396,-32.8639507696,4,"0",0.0859023207481815
16728,"Paraiso","Alto (> 8 mts)",150,"Grande",-68.8396129959,-32.8640242555,4,"0",0.0859023207481815
16734,"Morera","Alto (> 8 mts)",170,"Grande",-68.8393036753,-32.863913491,4,"0",0.185148665048544
16741,"Morera","Alto (> 8 mts)",151,"Grande",-68.8391414423,-32.8632296172,4,"0",0.185148665048544
16743,"Paraiso","Alto (> 8 mts)",140,"Grande",-68.8391824843,-32.8629844088,4,"0",0.0859023207481815
16746,"Morera","Alto (> 8 mts)",120,"Grande",-68.8389263641,-32.8630253292,4,"0",0.185148665048544
16747,"Morera","Alto (> 8 mts)",170,"Grande",-68.8388485059,-32.8630408761,4,"0",0.185148665048544
16749,"Morera","Alto (> 8 mts)",185,"Grande",-68.8387087183,-32.8630631481,4,"0",0.185148665048544
16754,"Morera","Alto (> 8 mts)",170,"Grande",-68.8382283314,-32.8629630709,4,"0",0.185148665048544
16755,"Morera","Alto (> 8 mts)",90,"Grande",-68.8382152196,-32.862829062,4,"0",0.185148665048544
16761,"Paraiso","Medio (4 - 8 mts)",70,"Grande",-68.8384720763,-32.8625102064,4,"0",0.0859023207481815
16762,"Olmo comun","Medio (4 - 8 mts)",50,"Mediano",-68.838533348,-32.8625106867,4,"0",0.0227272727272727
16763,"Paraiso","Medio (4 - 8 mts)",35,"Mediano",-68.8385812279,-32.8625109388,4,"0",0.0859023207481815
16766,"Morera","Medio (4 - 8 mts)",50,"Mediano",-68.83881442,-32.8625113566,4,"0",0.185148665048544
16767,"Morera","Medio (4 - 8 mts)",40,"Mediano",-68.8388780923,-32.8625136929,4,"0",0.185148665048544
16771,"Morera","Medio (4 - 8 mts)",48,"Mediano",-68.8392020253,-32.8625167246,4,"0",0.185148665048544
16773,"Olmo comun","Alto (> 8 mts)",178,"Grande",-68.8393900542,-32.8625218352,4,"0",0.0227272727272727
16777,"Morera","Medio (4 - 8 mts)",48,"Mediano",-68.8396562244,-32.8625206266,4,"0",0.185148665048544
16778,"Jacarand","Alto (> 8 mts)",130,"Grande",-68.8397968993,-32.862522447,4,"0",0.103064066852368
16779,"Paraiso","Medio (4 - 8 mts)",50,"Mediano",-68.8399007996,-32.8625261868,4,"0",0.0859023207481815
16780,"Paraiso","Medio (4 - 8 mts)",60,"Mediano",-68.8400023945,-32.8625275142,4,"0",0.0859023207481815
16783,"Jacarand","Muy bajo (1 - 2 mts)",2,"Chico",-68.8402049299,-32.8627556063,4,"0",0.103064066852368
16784,"Fresno europeo","Medio (4 - 8 mts)",55,"Mediano",-68.8401975563,-32.8628161006,4,"0",0.0420032310177706
16787,"Fresno europeo","Medio (4 - 8 mts)",41,"Mediano",-68.840173638,-32.8631062356,4,"0",0.0420032310177706
16793,"Conifera","Bajo (2 - 4 mts)",30,"Mediano",-68.8381141244,-32.8630189185,4,"0",0.021505376344086
16796,"Braquiquito","Medio (4 - 8 mts)",58,"Mediano",-68.8380856317,-32.8627651445,4,"0",0
16800,"Paraiso","Alto (> 8 mts)",300,"Grande",-68.8381823565,-32.8639846565,4,"0",0.0859023207481815
16804,"Prunas","Bajo (2 - 4 mts)",40,"Mediano",-68.8381572909,-32.8635467366,4,"0",0.0321782178217822
16806,"Paraiso","Alto (> 8 mts)",176,"Grande",-68.8398914189,-32.8650980801,4,"0",0.0859023207481815
16807,"Paraiso","Bajo (2 - 4 mts)",25,"Mediano",-68.8398022859,-32.8651125735,4,"0",0.0859023207481815
16809,"Paraiso","Alto (> 8 mts)",146,"Grande",-68.8396372629,-32.8651444624,4,"0",0.0859023207481815
16813,"Paraiso","Alto (> 8 mts)",197,"Grande",-68.8393104279,-32.8652049976,4,"0",0.0859023207481815
16817,"Paraiso","Alto (> 8 mts)",181,"Grande",-68.838852854,-32.8652914019,4,"0",0.0859023207481815
16818,"Morera","Medio (4 - 8 mts)",56,"Mediano",-68.8387895784,-32.865304936,4,"0",0.185148665048544
16822,"Morera","Alto (> 8 mts)",110,"Grande",-68.8384926745,-32.8652510131,4,"0",0.185148665048544
16826,"Fresno europeo","Alto (> 8 mts)",172,"Grande",-68.8384305697,-32.8648474081,4,"0",0.0420032310177706
16827,"Acer","Medio (4 - 8 mts)",30,"Mediano",-68.8384149442,-32.8647418247,4,"0",0.0204081632653061
16829,"Morera","Alto (> 8 mts)",75,"Grande",-68.8383622891,-32.8645055937,4,"0",0.185148665048544
16831,"Paraiso","Alto (> 8 mts)",110,"Grande",-68.8384221643,-32.8643454786,4,"0",0.0859023207481815
16832,"lamo criollo","Alto (> 8 mts)",195,"Grande",-68.8385250144,-32.8643261862,4,"0",0.0128205128205128
16833,"Paraiso","Alto (> 8 mts)",183,"Grande",-68.8385751398,-32.8643170536,4,"0",0.0859023207481815
16837,"Morera","Alto (> 8 mts)",145,"Grande",-68.8388364729,-32.8642711786,4,"0",0.185148665048544
16848,"Paraiso","Alto (> 8 mts)",191,"Grande",-68.8398980344,-32.8640920673,4,"0",0.0859023207481815
16854,"Morera","Alto (> 8 mts)",125,"Grande",-68.8400464056,-32.8643479779,4,"0",0.185148665048544
16855,"Morera","Alto (> 8 mts)",194,"Grande",-68.8400360151,-32.8644224446,4,"1",0.185148665048544
16860,"Morera","Alto (> 8 mts)",195,"Grande",-68.8399697844,-32.8649514746,4,"1",0.185148665048544
16868,"Eucalyptus","Alto (> 8 mts)",200,"Grande",-68.8382845827,-32.8647587795,4,"0",0.0909090909090909
16876,"Morera","Medio (4 - 8 mts)",64,"Grande",-68.838415707,-32.8658035625,4,"0",0.185148665048544
16879,"Caducifolio","Medio (4 - 8 mts)",80,"Grande",-68.8384158778,-32.8656557362,4,"0",0.0512249443207127
16880,"Conifera","Bajo (2 - 4 mts)",20,"Chico",-68.8384118639,-32.865625022,4,"0",0.021505376344086
16881,"Conifera","Medio (4 - 8 mts)",30,"Mediano",-68.8384111451,-32.8656089709,4,"0",0.021505376344086
16882,"Morera","Muy bajo (1 - 2 mts)",40,"Mediano",-68.8384111515,-32.8655464834,4,"0",0.185148665048544
16884,"Paraiso","Alto (> 8 mts)",160,"Grande",-68.8398285932,-32.8652258204,4,"0",0.0859023207481815
16885,"Caducifolio","Bajo (2 - 4 mts)",35,"Mediano",-68.8397781362,-32.8652331894,4,"0",0.0512249443207127
16886,"Paraiso","Alto (> 8 mts)",86,"Grande",-68.839726301,-32.8652422301,4,"0",0.0859023207481815
16887,"Paraiso","Alto (> 8 mts)",170,"Grande",-68.8396508476,-32.8652610645,4,"0",0.0859023207481815
16888,"Paraiso","Alto (> 8 mts)",197,"Grande",-68.8395529397,-32.8652765428,4,"0",0.0859023207481815
16890,"Paraiso","Alto (> 8 mts)",145,"Grande",-68.8394164551,-32.8653019758,4,"0",0.0859023207481815
16892,"Paraiso","Alto (> 8 mts)",199,"Grande",-68.8393134618,-32.8653219451,4,"0",0.0859023207481815
16893,"Paraiso","Alto (> 8 mts)",155,"Grande",-68.8392156289,-32.8653395891,4,"0",0.0859023207481815
16898,"Paraiso","Alto (> 8 mts)",167,"Grande",-68.8388089508,-32.8654196899,4,"0",0.0859023207481815
16899,"Paraiso","Alto (> 8 mts)",175,"Grande",-68.8387190052,-32.865436579,4,"0",0.0859023207481815
16903,"Paraiso","Alto (> 8 mts)",180,"Grande",-68.8385288852,-32.8657276958,4,"0",0.0859023207481815
16904,"Paraiso","Alto (> 8 mts)",163,"Grande",-68.8385346423,-32.8658524978,4,"1",0.0859023207481815
16908,"Morera","Medio (4 - 8 mts)",41,"Mediano",-68.8388182058,-32.8662830954,4,"0",0.185148665048544
16917,"Fresno europeo","Medio (4 - 8 mts)",30,"Mediano",-68.8398130864,-32.8658205081,4,"0",0.0420032310177706
16922,"Paraiso","Alto (> 8 mts)",162,"Grande",-68.8398725326,-32.8655997041,4,"0",0.0859023207481815
16923,"Morera","Alto (> 8 mts)",140,"Grande",-68.8398826473,-32.8655599523,4,"0",0.185148665048544
16932,"Morera","Alto (> 8 mts)",207,"Grande",-68.8367828568,-32.8647882984,4,"0",0.185148665048544
16934,"Morera","Alto (> 8 mts)",210,"Grande",-68.8368061923,-32.8648810231,4,"1",0.185148665048544
16935,"Morera","Alto (> 8 mts)",205,"Grande",-68.8368153063,-32.8649217015,4,"0",0.185148665048544
16937,"Morera","Alto (> 8 mts)",207,"Grande",-68.8368422647,-32.865019841,4,"0",0.185148665048544
16939,"Morera","Medio (4 - 8 mts)",200,"Grande",-68.83687258,-32.8651518887,4,"0",0.185148665048544
16940,"Morera","Medio (4 - 8 mts)",125,"Grande",-68.8368816886,-32.8651955426,4,"0",0.185148665048544
16945,"Morera","Medio (4 - 8 mts)",123,"Grande",-68.8369368435,-32.8654159888,4,"0",0.185148665048544
16948,"Morera","Medio (4 - 8 mts)",65,"Grande",-68.8369646285,-32.8655296386,4,"0",0.185148665048544
16953,"Fresno europeo","Muy bajo (1 - 2 mts)",6,"Chico",-68.8372023104,-32.8660828403,4,"0",0.0420032310177706
16960,"Morera","Medio (4 - 8 mts)",120,"Grande",-68.8376571209,-32.8661328695,4,"1",0.185148665048544
16962,"Olmo comun","Medio (4 - 8 mts)",110,"Grande",-68.8377527445,-32.866144455,4,"0",0.0227272727272727
16963,"Paraiso","Medio (4 - 8 mts)",90,"Grande",-68.8378092757,-32.8661515687,4,"0",0.0859023207481815
16966,"Morera","Bajo (2 - 4 mts)",18,"Chico",-68.838117165,-32.8661900443,4,"0",0.185148665048544
16969,"Morera","Medio (4 - 8 mts)",78,"Grande",-68.838270964,-32.8660982279,4,"0",0.185148665048544
16976,"Paraiso","Alto (> 8 mts)",200,"Grande",-68.8382867939,-32.8654242332,4,"0",0.0859023207481815
16981,"Acer","Muy bajo (1 - 2 mts)",5,"Chico",-68.8382130077,-32.8650077369,4,"0",0.0204081632653061
16982,"Fresno americano","Bajo (2 - 4 mts)",10,"Chico",-68.8382001942,-32.8649446918,4,"0",0.0512455516014235
16991,"Fresno americano","Muy bajo (1 - 2 mts)",14,"Chico",-68.8377891792,-32.8644431832,4,"0",0.0512455516014235
16993,"Morera","Medio (4 - 8 mts)",149,"Grande",-68.8376800629,-32.864461668,4,"0",0.185148665048544
16995,"Fresno americano","Alto (> 8 mts)",136,"Grande",-68.8375249,-32.8644834995,4,"0",0.0512455516014235
16996,"Caducifolio","Alto (> 8 mts)",75,"Grande",-68.8374581742,-32.8644955713,4,"0",0.0512249443207127
16997,"Fresno europeo","Alto (> 8 mts)",180,"Grande",-68.8373941908,-32.8645060524,4,"0",0.0420032310177706
16998,"Fresno americano","Medio (4 - 8 mts)",70,"Grande",-68.8373394719,-32.8645146376,4,"0",0.0512455516014235
17001,"Paraiso","Medio (4 - 8 mts)",126,"Grande",-68.8371158774,-32.8645511277,4,"0",0.0859023207481815
17004,"Fresno europeo","Alto (> 8 mts)",140,"Grande",-68.8369705956,-32.8645755042,4,"0",0.0420032310177706
17005,"Paraiso","Medio (4 - 8 mts)",140,"Grande",-68.8369296958,-32.8645793048,4,"0",0.0859023207481815
17007,"Fresno americano","Medio (4 - 8 mts)",115,"Grande",-68.8368456044,-32.8645963192,4,"0",0.0512455516014235
17012,"Morera","Medio (4 - 8 mts)",60,"Mediano",-68.8390513073,-32.8634685831,4,"0",0.185148665048544
17014,"Morera","Alto (> 8 mts)",186,"Grande",-68.8390950265,-32.8636780806,4,"0",0.185148665048544
17015,"Morera","Alto (> 8 mts)",156,"Grande",-68.8391069327,-32.8637391641,4,"0",0.185148665048544
17024,"Morera","Alto (> 8 mts)",160,"Grande",-68.8389117928,-32.8641431898,4,"0",0.185148665048544
17025,"Paraiso","Alto (> 8 mts)",152,"Grande",-68.8386300771,-32.8641877312,4,"0",0.0859023207481815
17026,"Morera","Alto (> 8 mts)",160,"Grande",-68.8385756756,-32.8641982109,4,"0",0.185148665048544
17029,"Paraiso","Alto (> 8 mts)",180,"Grande",-68.8383159424,-32.8641397161,4,"0",0.0859023207481815
17032,"Tilo","Alto (> 8 mts)",74,"Grande",-68.8382758385,-32.8634914212,4,"0",0
17038,"Paraiso","Medio (4 - 8 mts)",145,"Grande",-68.8385596232,-32.8632101125,4,"0",0.0859023207481815
17039,"Morera","Alto (> 8 mts)",165,"Grande",-68.8387173691,-32.8631829946,4,"0",0.185148665048544
17041,"Acer","Medio (4 - 8 mts)",55,"Mediano",-68.8388756421,-32.8631597545,4,"0",0.0204081632653061
17045,"Paraiso","Alto (> 8 mts)",220,"Grande",-68.8379657092,-32.8643032949,4,"0",0.0859023207481815
17046,"Paraiso","Alto (> 8 mts)",110,"Grande",-68.8378845169,-32.8643149884,4,"0",0.0859023207481815
17047,"Paraiso","Alto (> 8 mts)",220,"Grande",-68.8378202892,-32.8643235614,4,"0",0.0859023207481815
17050,"Paraiso","Alto (> 8 mts)",210,"Grande",-68.8376131586,-32.8643624263,4,"0",0.0859023207481815
17053,"Morera","Alto (> 8 mts)",155,"Grande",-68.8373784751,-32.8643944021,4,"0",0.185148665048544
17054,"Morera","Alto (> 8 mts)",158,"Grande",-68.8373145647,-32.8644046885,4,"0",0.185148665048544
17055,"Morera","Medio (4 - 8 mts)",130,"Grande",-68.837243969,-32.8644144991,4,"0",0.185148665048544
17058,"Morera","Medio (4 - 8 mts)",93,"Grande",-68.8369095992,-32.8644751734,4,"1",0.185148665048544
17060,"Fresno europeo","Medio (4 - 8 mts)",67,"Grande",-68.8367675609,-32.8644980147,4,"0",0.0420032310177706
17061,"Morera","Alto (> 8 mts)",180,"Grande",-68.8367040749,-32.8644597081,4,"1",0.185148665048544
17063,"Morera","Alto (> 8 mts)",185,"Grande",-68.8366643067,-32.8642927092,4,"0",0.185148665048544
17064,"Morera","Alto (> 8 mts)",122,"Grande",-68.8366497823,-32.8642357464,4,"0",0.185148665048544
17066,"Morera","Alto (> 8 mts)",132,"Grande",-68.8366089751,-32.8640574279,4,"1",0.185148665048544
17067,"Morera","Alto (> 8 mts)",200,"Grande",-68.8365927671,-32.8639817545,4,"0",0.185148665048544
17069,"Morera","Alto (> 8 mts)",180,"Grande",-68.8365629835,-32.8638515109,4,"0",0.185148665048544
17070,"Morera","Medio (4 - 8 mts)",125,"Grande",-68.8365512995,-32.863797842,4,"1",0.185148665048544
17075,"Morera","Alto (> 8 mts)",175,"Grande",-68.8365646174,-32.8635432234,4,"1",0.185148665048544
17077,"Morera","Alto (> 8 mts)",170,"Grande",-68.8367496155,-32.8635125368,4,"1",0.185148665048544
17084,"Morera","Alto (> 8 mts)",165,"Grande",-68.8372829207,-32.8634202668,4,"1",0.185148665048544
17085,"Morera","Alto (> 8 mts)",185,"Grande",-68.8373765664,-32.8634058307,4,"1",0.185148665048544
17088,"Morera","Alto (> 8 mts)",180,"Grande",-68.8376474601,-32.8633626712,4,"0",0.185148665048544
17089,"Morera","Alto (> 8 mts)",140,"Grande",-68.8377457861,-32.863344855,4,"1",0.185148665048544
17094,"Paraiso","Medio (4 - 8 mts)",110,"Grande",-68.8380550521,-32.8637774382,4,"1",0.0859023207481815
17097,"Morera","Alto (> 8 mts)",180,"Grande",-68.838075897,-32.8641242572,4,"1",0.185148665048544
17111,"Morera","Alto (> 8 mts)",150,"Grande",-68.836886304,-32.8633745754,4,"1",0.185148665048544
17113,"Morera","Alto (> 8 mts)",125,"Grande",-68.8367374344,-32.8633965629,4,"0",0.185148665048544
17122,"Morera","Alto (> 8 mts)",70,"Grande",-68.836317241,-32.8628666286,4,"0",0.185148665048544
17126,"Morera","Medio (4 - 8 mts)",105,"Grande",-68.8362572247,-32.8626188543,4,"0",0.185148665048544
17127,"Morera","Alto (> 8 mts)",205,"Grande",-68.8362516829,-32.8625734629,4,"0",0.185148665048544
17128,"Morera","Alto (> 8 mts)",97,"Grande",-68.8363362864,-32.8624849658,4,"1",0.185148665048544
17130,"Jacarand","Alto (> 8 mts)",115,"Grande",-68.8364621421,-32.8624858518,4,"0",0.103064066852368
17131,"Morera","Alto (> 8 mts)",110,"Grande",-68.8365223545,-32.8624860206,4,"1",0.185148665048544
17132,"Morera","Alto (> 8 mts)",160,"Grande",-68.8365752634,-32.8624873521,4,"1",0.185148665048544
17135,"Morera","Alto (> 8 mts)",160,"Grande",-68.8370050133,-32.8624934131,4,"0",0.185148665048544
17137,"Morera","Alto (> 8 mts)",92,"Grande",-68.8372077937,-32.8624943083,4,"0",0.185148665048544
17140,"Olmo bola","Medio (4 - 8 mts)",60,"Mediano",-68.8373958221,-32.8624996023,4,"0",0.0231481481481481
17142,"Morera","Alto (> 8 mts)",120,"Grande",-68.8375288397,-32.8625025857,4,"1",0.185148665048544
17144,"Morera","Alto (> 8 mts)",170,"Grande",-68.8377873781,-32.862506152,4,"0",0.185148665048544
17150,"Morera","Alto (> 8 mts)",181,"Grande",-68.8379725448,-32.8629689616,4,"0",0.185148665048544
17154,"Morera","Alto (> 8 mts)",150,"Grande",-68.8349671628,-32.8625445728,4,"1",0.185148665048544
17155,"Fresno europeo","Alto (> 8 mts)",205,"Grande",-68.8349792524,-32.8625932803,4,"0",0.0420032310177706
17156,"Fresno europeo","Alto (> 8 mts)",199,"Grande",-68.8349883337,-32.8626510008,4,"0",0.0420032310177706
17159,"Morera","Alto (> 8 mts)",230,"Grande",-68.8350310248,-32.8628484382,4,"1",0.185148665048544
17162,"Fresno europeo","Alto (> 8 mts)",160,"Grande",-68.835077661,-32.8630502089,4,"0",0.0420032310177706
17163,"Fresno europeo","Alto (> 8 mts)",120,"Grande",-68.8350856071,-32.8630863773,4,"0",0.0420032310177706
17168,"Morera","Alto (> 8 mts)",170,"Grande",-68.8351854001,-32.8635463734,4,"1",0.185148665048544
17173,"Paraiso sombrilla","Medio (4 - 8 mts)",90,"Grande",-68.8357115812,-32.863568102,4,"0",0.022887323943662
17174,"Paraiso sombrilla","Alto (> 8 mts)",170,"Grande",-68.835758466,-32.8635624558,4,"0",0.022887323943662
17175,"Morera","Medio (4 - 8 mts)",57,"Mediano",-68.8358198135,-32.8635430868,4,"0",0.185148665048544
17176,"Morera","Alto (> 8 mts)",200,"Grande",-68.8359568308,-32.8635256564,4,"0",0.185148665048544
17178,"Morera","Medio (4 - 8 mts)",78,"Grande",-68.8362192027,-32.8634837107,4,"0",0.185148665048544
17179,"Morera","Medio (4 - 8 mts)",50,"Mediano",-68.8362752093,-32.8634717914,4,"0",0.185148665048544
17180,"Morera","Alto (> 8 mts)",90,"Grande",-68.8363237574,-32.8633906122,4,"0",0.185148665048544
17182,"Olmo comun","Alto (> 8 mts)",150,"Grande",-68.8362830945,-32.8632442247,4,"0",0.0227272727272727
17184,"Olmo comun","Alto (> 8 mts)",160,"Grande",-68.8362684042,-32.8631632224,4,"0",0.0227272727272727
17186,"Morera","Alto (> 8 mts)",145,"Grande",-68.8362437957,-32.8630660776,4,"0",0.185148665048544
17192,"Morera","Alto (> 8 mts)",150,"Grande",-68.8361569774,-32.8626940146,4,"0",0.185148665048544
17194,"Morera","Alto (> 8 mts)",110,"Grande",-68.8361399239,-32.8626136512,4,"0",0.185148665048544
17195,"Morera","Alto (> 8 mts)",190,"Grande",-68.8361293197,-32.8625702658,4,"1",0.185148665048544
17197,"Morera","Alto (> 8 mts)",170,"Grande",-68.8360001082,-32.8624770415,4,"0",0.185148665048544
17198,"Morera","Alto (> 8 mts)",166,"Grande",-68.8358329326,-32.8624782957,4,"0",0.185148665048544
17199,"Morera","Alto (> 8 mts)",166,"Grande",-68.8357536628,-32.8624777101,4,"0",0.185148665048544
17212,"Morera","Alto (> 8 mts)",196,"Grande",-68.8361807351,-32.8636025939,4,"1",0.185148665048544
17213,"Morera","Alto (> 8 mts)",223,"Grande",-68.8360988051,-32.8636170634,4,"1",0.185148665048544
17214,"Morera","Alto (> 8 mts)",217,"Grande",-68.8360522107,-32.8636234044,4,"0",0.185148665048544
17218,"Morera","Alto (> 8 mts)",170,"Grande",-68.8356016486,-32.8636993139,4,"1",0.185148665048544
17220,"Morera","Alto (> 8 mts)",190,"Grande",-68.8354710972,-32.863717801,4,"1",0.185148665048544
17223,"Morera","Alto (> 8 mts)",230,"Grande",-68.8352960384,-32.8637463347,4,"1",0.185148665048544
17225,"Olmo comun","Medio (4 - 8 mts)",90,"Grande",-68.8353808595,-32.8643884533,4,"0",0.0227272727272727
17229,"Fresno americano","Medio (4 - 8 mts)",60,"Mediano",-68.8354563962,-32.864678087,4,"0",0.0512455516014235
17234,"Fresno americano","Medio (4 - 8 mts)",40,"Mediano",-68.835759319,-32.8646647792,4,"0",0.0512455516014235
17240,"Paraiso","Medio (4 - 8 mts)",120,"Grande",-68.8362662351,-32.8645763562,4,"0",0.0859023207481815
17245,"Morera","Alto (> 8 mts)",136,"Grande",-68.8365300928,-32.864308447,4,"0",0.185148665048544
17250,"Morera","Alto (> 8 mts)",220,"Grande",-68.8364590022,-32.8640395588,4,"0",0.185148665048544
17254,"Morera","Alto (> 8 mts)",160,"Grande",-68.8364113184,-32.8638244421,4,"0",0.185148665048544
17255,"Morera","Alto (> 8 mts)",207,"Grande",-68.8364019993,-32.863779255,4,"0",0.185148665048544
17261,"Fresno europeo","Alto (> 8 mts)",80,"Grande",-68.8357022534,-32.8647870643,4,"0",0.0420032310177706
17266,"Paraiso sombrilla","Medio (4 - 8 mts)",60,"Mediano",-68.8361670225,-32.8647133976,4,"0",0.022887323943662
17269,"Fresno europeo","Medio (4 - 8 mts)",90,"Grande",-68.8364088027,-32.8646709502,4,"0",0.0420032310177706
17271,"Fresno americano","Medio (4 - 8 mts)",34,"Mediano",-68.8366308549,-32.8647109149,4,"0",0.0512455516014235
17272,"Morera","Alto (> 8 mts)",142,"Grande",-68.8366430296,-32.8647720658,4,"0",0.185148665048544
17273,"Perenne","Muy bajo (1 - 2 mts)",5,"Chico",-68.8366677505,-32.8648666859,4,"0",0.0364741641337386
17275,"Morera","Alto (> 8 mts)",150,"Grande",-68.8366965838,-32.8649939409,4,"0",0.185148665048544
17276,"Paraiso","Medio (4 - 8 mts)",52,"Mediano",-68.8367126008,-32.8650544773,4,"0",0.0859023207481815
17277,"Morera","Medio (4 - 8 mts)",52,"Mediano",-68.8367245513,-32.8651214888,4,"0",0.185148665048544
17282,"Fresno europeo","Medio (4 - 8 mts)",55,"Mediano",-68.8368156147,-32.8654726564,4,"0",0.0420032310177706
17292,"Morera","Medio (4 - 8 mts)",35,"Mediano",-68.8365707435,-32.8660074386,4,"0",0.185148665048544
17294,"Paraiso","Alto (> 8 mts)",195,"Grande",-68.8363318249,-32.8659785777,4,"0",0.0859023207481815
17301,"Morera","Alto (> 8 mts)",165,"Grande",-68.835697954,-32.8657280675,4,"0",0.185148665048544
17304,"Caducifolio","Muy bajo (1 - 2 mts)",5,"Chico",-68.8356446013,-32.8655168205,4,"0",0.0512249443207127
17307,"Morera","Alto (> 8 mts)",126,"Grande",-68.8355927659,-32.8652940337,4,"0",0.185148665048544
17310,"Morera","Alto (> 8 mts)",130,"Grande",-68.8355495433,-32.8650938908,4,"0",0.185148665048544
17314,"Morera","Medio (4 - 8 mts)",45,"Mediano",-68.8355012727,-32.8648988575,4,"0",0.185148665048544
17320,"Morera","Alto (> 8 mts)",185,"Grande",-68.8342218149,-32.8651460878,4,"0",0.185148665048544
17322,"Morera","Alto (> 8 mts)",112,"Grande",-68.8341909996,-32.8649983214,4,"0",0.185148665048544
17324,"Morera","Alto (> 8 mts)",175,"Grande",-68.8341671554,-32.8648789631,4,"1",0.185148665048544
17326,"Morera","Medio (4 - 8 mts)",91,"Grande",-68.8343128331,-32.8655053336,4,"1",0.185148665048544
17330,"Morera","Alto (> 8 mts)",170,"Grande",-68.834359936,-32.8656990683,4,"0",0.185148665048544
17331,"Morera","Alto (> 8 mts)",180,"Grande",-68.8344922491,-32.8657612025,4,"0",0.185148665048544
17333,"Morera","Alto (> 8 mts)",145,"Grande",-68.8346473256,-32.8657783071,4,"1",0.185148665048544
17336,"Morera","Alto (> 8 mts)",106,"Grande",-68.8348600503,-32.8658048707,4,"1",0.185148665048544
17338,"Morera","Alto (> 8 mts)",175,"Grande",-68.8350694105,-32.8658338208,4,"0",0.185148665048544
17342,"Morera","Alto (> 8 mts)",145,"Grande",-68.8354363469,-32.8658728966,4,"0",0.185148665048544
17344,"Acacia SP","Alto (> 8 mts)",75,"Grande",-68.835584731,-32.8658379174,4,"0",0.150492264416315
17346,"Morera","Alto (> 8 mts)",180,"Grande",-68.8355599305,-32.8657550912,4,"1",0.185148665048544
17348,"Morera","Alto (> 8 mts)",84,"Grande",-68.8355388588,-32.8656665171,4,"1",0.185148665048544
17351,"Morera","Alto (> 8 mts)",180,"Grande",-68.8354896499,-32.86542923,4,"0",0.185148665048544
17354,"Morera","Alto (> 8 mts)",180,"Grande",-68.8354456391,-32.8652278362,4,"1",0.185148665048544
17356,"Morera","Alto (> 8 mts)",160,"Grande",-68.8354128132,-32.865078292,4,"0",0.185148665048544
17357,"Morera","Alto (> 8 mts)",138,"Grande",-68.8353960866,-32.8650246399,4,"1",0.185148665048544
17358,"Morera","Alto (> 8 mts)",122,"Grande",-68.8353789764,-32.8649450672,4,"1",0.185148665048544
17364,"Morera","Alto (> 8 mts)",190,"Grande",-68.8350658157,-32.8648321232,4,"1",0.185148665048544
17366,"Morera","Alto (> 8 mts)",170,"Grande",-68.834925276,-32.8648274852,4,"1",0.185148665048544
17372,"Fresno europeo","Alto (> 8 mts)",145,"Grande",-68.8343320801,-32.8648001354,4,"0",0.0420032310177706
17375,"Paraiso","Alto (> 8 mts)",95,"Grande",-68.8407838152,-32.8659470729,4,"0",0.0859023207481815
17376,"Paraiso","Alto (> 8 mts)",175,"Grande",-68.8407326983,-32.8659545704,4,"0",0.0859023207481815
17377,"Morera","Medio (4 - 8 mts)",36,"Mediano",-68.8406747725,-32.8659613567,4,"0",0.185148665048544
17379,"Paraiso","Alto (> 8 mts)",107,"Grande",-68.840510971,-32.8659786508,4,"0",0.0859023207481815
17385,"Paraiso","Alto (> 8 mts)",164,"Grande",-68.8401581428,-32.8659497755,4,"0",0.0859023207481815
17387,"Morera","Medio (4 - 8 mts)",32,"Mediano",-68.8400305575,-32.8659216247,4,"0",0.185148665048544
17392,"Morera","Alto (> 8 mts)",160,"Grande",-68.8398962611,-32.8660393342,4,"0",0.185148665048544
17394,"Fresno europeo","Medio (4 - 8 mts)",40,"Mediano",-68.8398861858,-32.8663454782,4,"0",0.0420032310177706
17397,"Prunas","Muy bajo (1 - 2 mts)",10,"Chico",-68.8401500667,-32.8662998293,4,"0",0.0321782178217822
17398,"Prunas","Bajo (2 - 4 mts)",40,"Mediano",-68.8402410224,-32.8662824526,4,"0",0.0321782178217822
17400,"Prunas","Bajo (2 - 4 mts)",30,"Mediano",-68.8403752634,-32.866257647,4,"0",0.0321782178217822
17401,"Olmo bola","Alto (> 8 mts)",110,"Grande",-68.8405489416,-32.866226219,4,"0",0.0231481481481481
17402,"Morera","Alto (> 8 mts)",87,"Grande",-68.8406373323,-32.8662091994,4,"0",0.185148665048544
17403,"Fresno europeo","Medio (4 - 8 mts)",30,"Mediano",-68.8406878853,-32.8662004272,4,"0",0.0420032310177706
17404,"Olmo bola","Medio (4 - 8 mts)",56,"Mediano",-68.8407772366,-32.8661839497,4,"0",0.0231481481481481
17410,"Morera","Alto (> 8 mts)",130,"Grande",-68.8358825259,-32.8671066504,4,"0",0.185148665048544
17414,"Morera","Alto (> 8 mts)",200,"Grande",-68.8359513684,-32.8673631727,4,"1",0.185148665048544
17417,"Morera","Alto (> 8 mts)",180,"Grande",-68.8360066132,-32.8675923657,4,"1",0.185148665048544
17422,"Morera","Alto (> 8 mts)",180,"Grande",-68.8354307377,-32.8678998087,4,"1",0.185148665048544
17424,"Pltano","Alto (> 8 mts)",130,"Grande",-68.8352760184,-32.8679295413,4,"0",0.0903973509933775
17433,"Morera","Medio (4 - 8 mts)",78,"Grande",-68.8348709746,-32.8676932142,4,"0",0.185148665048544
17434,"Morera","Alto (> 8 mts)",170,"Grande",-68.8348535413,-32.8676449506,4,"1",0.185148665048544
17436,"Morera","Alto (> 8 mts)",95,"Grande",-68.8348160954,-32.8674989168,4,"0",0.185148665048544
17438,"Morera","Medio (4 - 8 mts)",140,"Grande",-68.8347861594,-32.8673940101,4,"1",0.185148665048544
17439,"Morera","Bajo (2 - 4 mts)",18,"Chico",-68.8347710957,-32.8673355604,4,"0",0.185148665048544
17441,"Morera","Alto (> 8 mts)",100,"Grande",-68.8347410378,-32.8672209911,4,"0",0.185148665048544
17443,"Morera","Alto (> 8 mts)",152,"Grande",-68.8347200372,-32.8671375566,4,"1",0.185148665048544
17444,"Morera","Alto (> 8 mts)",112,"Grande",-68.8346995032,-32.8670508009,4,"0",0.185148665048544
17445,"Morera","Alto (> 8 mts)",128,"Grande",-68.8346847647,-32.866989917,4,"0",0.185148665048544
17446,"Morera","Alto (> 8 mts)",108,"Grande",-68.8346818082,-32.8669709775,4,"0",0.185148665048544
17447,"Morera","Alto (> 8 mts)",103,"Grande",-68.8347474548,-32.866946292,4,"0",0.185148665048544
17448,"Morera","Alto (> 8 mts)",100,"Grande",-68.8347907219,-32.8669473626,4,"1",0.185148665048544
17449,"Acer","Alto (> 8 mts)",110,"Grande",-68.8348380736,-32.8669518976,4,"0",0.0204081632653061
17450,"Fresno europeo","Medio (4 - 8 mts)",43,"Mediano",-68.8349306022,-32.8669555967,4,"0",0.0420032310177706
17451,"Morera","Alto (> 8 mts)",101,"Grande",-68.8350701346,-32.8669635867,4,"0",0.185148665048544
17454,"Morera","Alto (> 8 mts)",145,"Grande",-68.8353407345,-32.86697774,4,"1",0.185148665048544
17457,"Morera","Alto (> 8 mts)",175,"Grande",-68.8356305678,-32.8669848514,4,"0",0.185148665048544
17458,"Morera","Alto (> 8 mts)",142,"Grande",-68.8357066294,-32.8669914435,4,"1",0.185148665048544
17462,"Paraiso","Medio (4 - 8 mts)",38,"Mediano",-68.8361866014,-32.8682833771,4,"0",0.0859023207481815
17464,"Paraiso","Medio (4 - 8 mts)",65,"Grande",-68.8362195542,-32.8684076864,4,"1",0.0859023207481815
17465,"Pltano","Alto (> 8 mts)",180,"Grande",-68.8362425778,-32.8684959023,4,"1",0.0903973509933775
17466,"Fresno europeo","Alto (> 8 mts)",112,"Grande",-68.8362580276,-32.8685774357,4,"1",0.0420032310177706
17469,"Pltano","Alto (> 8 mts)",145,"Grande",-68.8363087071,-32.8687427042,4,"1",0.0903973509933775
17472,"Morera","Alto (> 8 mts)",175,"Grande",-68.8359395568,-32.8688479109,4,"1",0.185148665048544
17480,"Morera","Alto (> 8 mts)",105,"Grande",-68.8351755839,-32.8689108133,4,"0",0.185148665048544
17484,"Pltano","Alto (> 8 mts)",190,"Grande",-68.8349953475,-32.8681000264,4,"0",0.0903973509933775
17486,"Pltano","Alto (> 8 mts)",150,"Grande",-68.8351540563,-32.8680526604,4,"1",0.0903973509933775
17487,"Pltano","Alto (> 8 mts)",148,"Grande",-68.8351952417,-32.86804729,4,"1",0.0903973509933775
17488,"Fresno europeo","Muy bajo (1 - 2 mts)",4,"Chico",-68.8352809058,-32.8680316845,4,"0",0.0420032310177706
17489,"Pltano","Alto (> 8 mts)",130,"Grande",-68.8353459161,-32.8680180337,4,"1",0.0903973509933775
17490,"Morera","Alto (> 8 mts)",130,"Grande",-68.8354644867,-32.8679966789,4,"1",0.185148665048544
17492,"Pltano","Alto (> 8 mts)",140,"Grande",-68.835615184,-32.8679683095,4,"0",0.0903973509933775
17502,"Morera","Alto (> 8 mts)",175,"Grande",-68.838964663,-32.8664171389,4,"1",0.185148665048544
17503,"Morera","Alto (> 8 mts)",190,"Grande",-68.8390115791,-32.8664238727,4,"0",0.185148665048544
17506,"Fresno europeo","Alto (> 8 mts)",155,"Grande",-68.839208094,-32.8664451944,4,"0",0.0420032310177706
17510,"Morera","Alto (> 8 mts)",190,"Grande",-68.8394815376,-32.8664798532,4,"1",0.185148665048544
17511,"Fresno europeo","Muy bajo (1 - 2 mts)",5,"Chico",-68.8395513881,-32.8664941896,4,"0",0.0420032310177706
17512,"Ligustro","Bajo (2 - 4 mts)",30,"Mediano",-68.8396219208,-32.8665278898,4,"0",0.0138888888888889
17515,"Morera","Alto (> 8 mts)",145,"Grande",-68.8395866189,-32.8666877385,4,"1",0.185148665048544
17520,"Paraiso","Alto (> 8 mts)",148,"Grande",-68.8395034166,-32.8670863612,4,"0",0.0859023207481815
17522,"Morera","Alto (> 8 mts)",155,"Grande",-68.8393967062,-32.8671656402,4,"0",0.185148665048544
17525,"Morera","Alto (> 8 mts)",150,"Grande",-68.8390617423,-32.8672255619,4,"1",0.185148665048544
17526,"Fresno europeo","Medio (4 - 8 mts)",40,"Mediano",-68.8389702076,-32.8672398577,4,"0",0.0420032310177706
17527,"Morera","Alto (> 8 mts)",160,"Grande",-68.8388948609,-32.8672548055,4,"1",0.185148665048544
17528,"Pltano","Alto (> 8 mts)",160,"Grande",-68.8387950945,-32.8672137175,4,"0",0.0903973509933775
17534,"Fresno europeo","Medio (4 - 8 mts)",80,"Grande",-68.8387064458,-32.8668419057,4,"0",0.0420032310177706
17537,"Ailanthus","Medio (4 - 8 mts)",75,"Grande",-68.8386674553,-32.8666952904,4,"0",0.0380952380952381
17538,"Paraiso","Alto (> 8 mts)",70,"Grande",-68.8397383777,-32.8666066001,4,"0",0.0859023207481815
17539,"Morera","Alto (> 8 mts)",300,"Grande",-68.8397236653,-32.866707481,4,"0",0.185148665048544
17545,"Morera","Alto (> 8 mts)",140,"Grande",-68.8397883412,-32.8671041292,4,"0",0.185148665048544
17546,"Morera","Muy bajo (1 - 2 mts)",8,"Chico",-68.839864101,-32.8671005292,4,"0",0.185148665048544
17548,"Morera","Alto (> 8 mts)",180,"Grande",-68.8399777921,-32.8670962564,4,"0",0.185148665048544
17550,"Morera","Alto (> 8 mts)",162,"Grande",-68.8401030277,-32.8670891128,4,"0",0.185148665048544
17556,"Morera","Alto (> 8 mts)",200,"Grande",-68.8405563009,-32.8670694032,4,"0",0.185148665048544
17557,"Morera","Alto (> 8 mts)",207,"Grande",-68.8406306715,-32.8670658912,4,"0",0.185148665048544
17565,"Jacarand","Muy bajo (1 - 2 mts)",5,"Chico",-68.8411331575,-32.8669502117,4,"0",0.103064066852368
17566,"Fresno europeo","Alto (> 8 mts)",60,"Mediano",-68.8410994245,-32.866813562,4,"0",0.0420032310177706
17569,"Fresno europeo","Muy bajo (1 - 2 mts)",20,"Chico",-68.8410129849,-32.8664985119,4,"0",0.0420032310177706
17574,"Morera","Medio (4 - 8 mts)",50,"Mediano",-68.8407753183,-32.8663008069,4,"0",0.185148665048544
17577,"Acer","Medio (4 - 8 mts)",70,"Grande",-68.8405139284,-32.8663494099,4,"0",0.0204081632653061
17578,"Paraiso","Medio (4 - 8 mts)",190,"Grande",-68.8403872347,-32.8663742514,4,"0",0.0859023207481815
17579,"Morera","Medio (4 - 8 mts)",160,"Grande",-68.8403124205,-32.8663871403,4,"0",0.185148665048544
17583,"Paraiso","Medio (4 - 8 mts)",103,"Grande",-68.8400997304,-32.866425912,4,"0",0.0859023207481815
17585,"Morera","Medio (4 - 8 mts)",126,"Grande",-68.8399756675,-32.8664504905,4,"0",0.185148665048544
17587,"Morera","Medio (4 - 8 mts)",110,"Grande",-68.8398430963,-32.8664817593,4,"0",0.185148665048544
17591,"Morera","Alto (> 8 mts)",200,"Grande",-68.8428165769,-32.866726734,4,"0",0.185148665048544
17592,"Fresno americano","Alto (> 8 mts)",90,"Grande",-68.8428068048,-32.866681922,4,"0",0.0512455516014235
17593,"Morera","Alto (> 8 mts)",242,"Grande",-68.8427854833,-32.8666065892,4,"0",0.185148665048544
17595,"Prunas","Bajo (2 - 4 mts)",49,"Mediano",-68.8427667577,-32.8664993983,4,"0",0.0321782178217822
17597,"Aguaribay","Medio (4 - 8 mts)",54,"Mediano",-68.842738088,-32.8663626581,4,"0",0.106529209621993
17605,"Pltano","Alto (> 8 mts)",240,"Grande",-68.8430686502,-32.8659838735,4,"0",0.0903973509933775
17606,"Morera","Alto (> 8 mts)",160,"Grande",-68.8431684513,-32.8659885937,4,"1",0.185148665048544
17610,"Paraiso","Alto (> 8 mts)",240,"Grande",-68.8435050241,-32.8661533076,4,"0",0.0859023207481815
17612,"Morera","Alto (> 8 mts)",200,"Grande",-68.8434474031,-32.8662390219,4,"1",0.185148665048544
17613,"Morera","Alto (> 8 mts)",120,"Grande",-68.8433674184,-32.8663708875,4,"0",0.185148665048544
17616,"Morera","Alto (> 8 mts)",218,"Grande",-68.8432501801,-32.8665901303,4,"1",0.185148665048544
17624,"Morera","Medio (4 - 8 mts)",94,"Grande",-68.8430317778,-32.8669606334,4,"0",0.185148665048544
17626,"Paraiso","Bajo (2 - 4 mts)",43,"Mediano",-68.8429915168,-32.8670222786,4,"0",0.0859023207481815
17632,"Morera","Alto (> 8 mts)",122,"Grande",-68.8426150849,-32.8664144041,4,"0",0.185148665048544
17641,"Morera","Alto (> 8 mts)",180,"Grande",-68.8427851216,-32.8671143331,4,"0",0.185148665048544
17651,"Morera","Medio (4 - 8 mts)",50,"Mediano",-68.8417300732,-32.8661240239,4,"0",0.185148665048544
17652,"Morera","Medio (4 - 8 mts)",48,"Mediano",-68.8416892438,-32.8661324481,4,"0",0.185148665048544
17656,"Morera","Alto (> 8 mts)",160,"Grande",-68.841406333,-32.86618538,4,"0",0.185148665048544
17657,"Morera","Alto (> 8 mts)",135,"Grande",-68.8412807535,-32.8662064106,4,"0",0.185148665048544
17662,"Morera","Alto (> 8 mts)",168,"Grande",-68.8411581002,-32.8665039044,4,"0",0.185148665048544
17664,"Perenne","Medio (4 - 8 mts)",210,"Grande",-68.8412289769,-32.8667819869,4,"0",0.0364741641337386
17667,"Fresno europeo","Medio (4 - 8 mts)",65,"Grande",-68.8412976676,-32.867027876,4,"0",0.0420032310177706
17674,"Morera","Alto (> 8 mts)",180,"Grande",-68.8415884757,-32.868123443,4,"1",0.185148665048544
17678,"Morera","Alto (> 8 mts)",168,"Grande",-68.8416758299,-32.8684501474,4,"0",0.185148665048544
17683,"Morera","Alto (> 8 mts)",170,"Grande",-68.8418059678,-32.8689325383,4,"0",0.185148665048544
17684,"Morera","Alto (> 8 mts)",140,"Grande",-68.8418243531,-32.8689884666,4,"0",0.185148665048544
17688,"Morera","Alto (> 8 mts)",130,"Grande",-68.8419646093,-32.869550129,4,"0",0.185148665048544
17691,"Morera","Medio (4 - 8 mts)",115,"Grande",-68.8420571049,-32.8698712491,4,"0",0.185148665048544
17695,"Morera","Alto (> 8 mts)",125,"Grande",-68.8421373356,-32.8701799101,4,"1",0.185148665048544
17696,"Morera","Alto (> 8 mts)",245,"Grande",-68.8421605827,-32.8702661415,4,"0",0.185148665048544
17697,"Morera","Medio (4 - 8 mts)",78,"Grande",-68.8421854242,-32.8703571538,4,"0",0.185148665048544
17702,"Caducifolio","Muy bajo (1 - 2 mts)",14,"Chico",-68.8423721382,-32.8705713612,4,"0",0.0512249443207127
17706,"Olmo comun","Alto (> 8 mts)",150,"Grande",-68.842680307,-32.8705630027,4,"0",0.0227272727272727
17708,"Olmo comun","Alto (> 8 mts)",75,"Grande",-68.8429257553,-32.8705544746,4,"0",0.0227272727272727
17712,"Paraiso","Alto (> 8 mts)",170,"Grande",-68.8424803823,-32.8676070867,4,"0",0.0859023207481815
17713,"Pltano","Alto (> 8 mts)",130,"Grande",-68.8424779505,-32.8675925663,4,"0",0.0903973509933775
17718,"Paraiso","Medio (4 - 8 mts)",105,"Grande",-68.8424524902,-32.8674892,4,"0",0.0859023207481815
17720,"Paraiso","Medio (4 - 8 mts)",95,"Grande",-68.8424324321,-32.8674124406,4,"0",0.0859023207481815
17725,"Paraiso","Medio (4 - 8 mts)",95,"Grande",-68.8424040326,-32.867279495,4,"0",0.0859023207481815
17726,"Paraiso","Bajo (2 - 4 mts)",25,"Mediano",-68.842396073,-32.8672490978,4,"0",0.0859023207481815
17727,"Paraiso","Medio (4 - 8 mts)",105,"Grande",-68.8423913938,-32.8672366485,4,"0",0.0859023207481815
17728,"Paraiso","Medio (4 - 8 mts)",125,"Grande",-68.8423864067,-32.8672170755,4,"1",0.0859023207481815
17730,"Paraiso","Medio (4 - 8 mts)",110,"Grande",-68.8423777106,-32.8671801852,4,"0",0.0859023207481815
17731,"Paraiso","Medio (4 - 8 mts)",120,"Grande",-68.8423758021,-32.8671718872,4,"0",0.0859023207481815
17732,"Paraiso","Medio (4 - 8 mts)",90,"Grande",-68.8423745367,-32.8671624178,4,"0",0.0859023207481815
17733,"Paraiso","Medio (4 - 8 mts)",95,"Grande",-68.8423716769,-32.8671482576,4,"0",0.0859023207481815
17734,"Paraiso","Medio (4 - 8 mts)",100,"Grande",-68.8423685986,-32.8671368022,4,"0",0.0859023207481815
17744,"Paraiso","Medio (4 - 8 mts)",145,"Grande",-68.8423589067,-32.866636169,4,"0",0.0859023207481815
17749,"Morera","Alto (> 8 mts)",124,"Grande",-68.8420245568,-32.8662929229,4,"0",0.185148665048544
17750,"Morera","Alto (> 8 mts)",140,"Grande",-68.8420366431,-32.8663459578,4,"0",0.185148665048544
17751,"Morera","Alto (> 8 mts)",77,"Grande",-68.8420522335,-32.8664112602,4,"0",0.185148665048544
17752,"Paraiso","Alto (> 8 mts)",140,"Grande",-68.8420697349,-32.8664834179,4,"1",0.0859023207481815
17753,"Paraiso","Medio (4 - 8 mts)",70,"Grande",-68.8424143567,-32.8660938694,4,"0",0.0859023207481815
17754,"Paraiso","Bajo (2 - 4 mts)",46,"Mediano",-68.8424276158,-32.8661483485,4,"0",0.0859023207481815
17757,"Paraiso","Bajo (2 - 4 mts)",29,"Mediano",-68.8424642041,-32.8663027647,4,"0",0.0859023207481815
17765,"Paraiso","Bajo (2 - 4 mts)",78,"Grande",-68.8425655968,-32.8667275005,4,"0",0.0859023207481815
17766,"Paraiso","Medio (4 - 8 mts)",68,"Grande",-68.8425772515,-32.8667831497,4,"0",0.0859023207481815
17768,"Paraiso","Bajo (2 - 4 mts)",30,"Mediano",-68.8426048419,-32.8668903058,4,"0",0.0859023207481815
17769,"Morera","Bajo (2 - 4 mts)",57,"Mediano",-68.842615216,-32.8669450517,4,"0",0.185148665048544
17771,"Paraiso","Muy bajo (1 - 2 mts)",28,"Mediano",-68.8426404637,-32.8670477865,4,"0",0.0859023207481815
17772,"Paraiso","Medio (4 - 8 mts)",62,"Grande",-68.8426662403,-32.8671535877,4,"0",0.0859023207481815
17780,"Paraiso","Medio (4 - 8 mts)",78,"Grande",-68.8427521332,-32.8675229397,4,"0",0.0859023207481815
17782,"Paraiso","Medio (4 - 8 mts)",70,"Grande",-68.8427745973,-32.8676290073,4,"0",0.0859023207481815
17790,"Paraiso","Alto (> 8 mts)",100,"Grande",-68.8428782087,-32.8680697055,4,"1",0.0859023207481815
17792,"Paraiso","Medio (4 - 8 mts)",53,"Mediano",-68.8429065341,-32.868184617,4,"0",0.0859023207481815
17797,"Paraiso","Medio (4 - 8 mts)",74,"Grande",-68.8430263675,-32.8686972906,4,"0",0.0859023207481815
17802,"Paraiso","Medio (4 - 8 mts)",75,"Grande",-68.8430870145,-32.8689639978,4,"0",0.0859023207481815
17803,"Paraiso","Muy bajo (1 - 2 mts)",50,"Mediano",-68.8431001644,-32.86902028,4,"0",0.0859023207481815
17804,"Paraiso","Medio (4 - 8 mts)",81,"Grande",-68.8431095819,-32.8690724999,4,"0",0.0859023207481815
17809,"Paraiso","Medio (4 - 8 mts)",84,"Grande",-68.8431722644,-32.8693364143,4,"0",0.0859023207481815
17810,"Paraiso","Alto (> 8 mts)",91,"Grande",-68.8431817826,-32.869392151,4,"0",0.0859023207481815
17813,"Paraiso","Muy bajo (1 - 2 mts)",22,"Mediano",-68.8432185776,-32.8695519774,4,"0",0.0859023207481815
17816,"Paraiso","Medio (4 - 8 mts)",76,"Grande",-68.8432578223,-32.8697163153,4,"0",0.0859023207481815
17822,"Paraiso","Medio (4 - 8 mts)",100,"Grande",-68.8433284289,-32.8700316361,4,"0",0.0859023207481815
17823,"Paraiso","Medio (4 - 8 mts)",81,"Grande",-68.8433382753,-32.8700831352,4,"0",0.0859023207481815
17828,"Paraiso","Alto (> 8 mts)",190,"Grande",-68.8433987131,-32.870348309,4,"0",0.0859023207481815
17837,"Morera","Alto (> 8 mts)",107,"Grande",-68.8370441117,-32.8669362959,4,"0",0.185148665048544
17838,"Morera","Medio (4 - 8 mts)",45,"Mediano",-68.8369690087,-32.8669313289,4,"0",0.185148665048544
17839,"Morera","Alto (> 8 mts)",142,"Grande",-68.8368273373,-32.8669261019,4,"0",0.185148665048544
17842,"Morera","Alto (> 8 mts)",160,"Grande",-68.8364713616,-32.8669108421,4,"0",0.185148665048544
17843,"Paraiso","Alto (> 8 mts)",90,"Grande",-68.8363957175,-32.8669096359,4,"0",0.0859023207481815
17844,"Paraiso","Alto (> 8 mts)",110,"Grande",-68.8363078985,-32.8669054887,4,"0",0.0859023207481815
17847,"Morera","Alto (> 8 mts)",150,"Grande",-68.8360317294,-32.8668916016,4,"0",0.185148665048544
17848,"Morera","Alto (> 8 mts)",150,"Grande",-68.8359573484,-32.8668427224,4,"1",0.185148665048544
17849,"Fresno europeo","Bajo (2 - 4 mts)",20,"Chico",-68.8359392448,-32.8667520783,4,"0",0.0420032310177706
17852,"Pltano","Alto (> 8 mts)",179,"Grande",-68.8358754194,-32.8664831994,4,"0",0.0903973509933775
17853,"Pltano","Alto (> 8 mts)",180,"Grande",-68.8358577072,-32.8664122128,4,"0",0.0903973509933775
17857,"Pltano","Alto (> 8 mts)",145,"Grande",-68.8357778404,-32.8660936293,4,"0",0.0903973509933775
17859,"Pltano","Alto (> 8 mts)",185,"Grande",-68.8359012001,-32.8660445172,4,"0",0.0903973509933775
17860,"Pltano","Alto (> 8 mts)",170,"Grande",-68.8359919262,-32.866051801,4,"0",0.0903973509933775
17861,"Pltano","Alto (> 8 mts)",205,"Grande",-68.8360814138,-32.8660690641,4,"0",0.0903973509933775
17862,"Olmo bola","Alto (> 8 mts)",95,"Grande",-68.8362629584,-32.8660897216,4,"0",0.0231481481481481
17863,"Fresno europeo","Alto (> 8 mts)",180,"Grande",-68.8363366284,-32.8660973372,4,"0",0.0420032310177706
17864,"Fresno europeo","Alto (> 8 mts)",150,"Grande",-68.8364522052,-32.8661129073,4,"0",0.0420032310177706
17866,"Fresno europeo","Alto (> 8 mts)",160,"Grande",-68.8368419946,-32.8661587102,4,"0",0.0420032310177706
17867,"Morera","Alto (> 8 mts)",155,"Grande",-68.8369914721,-32.8662163142,4,"0",0.185148665048544
17868,"Morera","Alto (> 8 mts)",157,"Grande",-68.8370066172,-32.8662893712,4,"0",0.185148665048544
17869,"Morera","Alto (> 8 mts)",105,"Grande",-68.8370300741,-32.8663745218,4,"0",0.185148665048544
17871,"Morera","Alto (> 8 mts)",150,"Grande",-68.8370578161,-32.866511886,4,"0",0.185148665048544
17872,"Morera","Alto (> 8 mts)",160,"Grande",-68.8370719909,-32.8665617321,4,"0",0.185148665048544
17874,"Morera","Alto (> 8 mts)",140,"Grande",-68.8371021002,-32.8666596413,4,"0",0.185148665048544
17880,"Fresno europeo","Medio (4 - 8 mts)",15,"Chico",-68.8370246151,-32.8676065903,4,"0",0.0420032310177706
17884,"Morera","Alto (> 8 mts)",160,"Grande",-68.8367164809,-32.8676597492,4,"0",0.185148665048544
17886,"Morera","Alto (> 8 mts)",180,"Grande",-68.8365890723,-32.8676860025,4,"0",0.185148665048544
17891,"Morera","Alto (> 8 mts)",170,"Grande",-68.8361402236,-32.8675635063,4,"0",0.185148665048544
17893,"Morera","Alto (> 8 mts)",160,"Grande",-68.8361020529,-32.8674194592,4,"1",0.185148665048544
17894,"Morera","Alto (> 8 mts)",145,"Grande",-68.836084437,-32.8673539731,4,"0",0.185148665048544
17895,"Morera","Alto (> 8 mts)",130,"Grande",-68.8360673605,-32.8672856925,4,"0",0.185148665048544
17896,"Morera","Alto (> 8 mts)",160,"Grande",-68.8360504847,-32.8672262144,4,"0",0.185148665048544
17903,"Morera","Alto (> 8 mts)",135,"Grande",-68.8363252474,-32.8670244404,4,"0",0.185148665048544
17907,"Paraiso","Alto (> 8 mts)",120,"Grande",-68.8365613021,-32.8670346974,4,"0",0.0859023207481815
17909,"Morera","Alto (> 8 mts)",80,"Grande",-68.8367102464,-32.8670388341,4,"0",0.185148665048544
17910,"Morera","Alto (> 8 mts)",155,"Grande",-68.8367942213,-32.8670418291,4,"0",0.185148665048544
17911,"Paraiso","Alto (> 8 mts)",190,"Grande",-68.8368718915,-32.8670452667,4,"0",0.0859023207481815
17919,"Caducifolio","Bajo (2 - 4 mts)",20,"Chico",-68.8374610166,-32.8668803922,4,"0",0.0512249443207127
17926,"Morera","Alto (> 8 mts)",140,"Grande",-68.8372042362,-32.8664936541,4,"0",0.185148665048544
17927,"Morera","Alto (> 8 mts)",135,"Grande",-68.8371843985,-32.8664170005,4,"0",0.185148665048544
17930,"Morera","Alto (> 8 mts)",140,"Grande",-68.8372616957,-32.8662084606,4,"0",0.185148665048544
17937,"Morera","Medio (4 - 8 mts)",50,"Mediano",-68.8378730221,-32.8662813773,4,"0",0.185148665048544
17939,"Fresno europeo","Alto (> 8 mts)",190,"Grande",-68.8382572276,-32.8663327599,4,"0",0.0420032310177706
17942,"Fresno europeo","Muy bajo (1 - 2 mts)",36,"Mediano",-68.8385266804,-32.8671211721,4,"0",0.0420032310177706
17951,"Morera","Alto (> 8 mts)",160,"Grande",-68.837836278,-32.8674556194,4,"1",0.185148665048544
17958,"Morera","Medio (4 - 8 mts)",87,"Grande",-68.8373805451,-32.8672410556,4,"0",0.185148665048544
17959,"Morera","Alto (> 8 mts)",85,"Grande",-68.8373645148,-32.8671844084,4,"0",0.185148665048544
17960,"Morera","Medio (4 - 8 mts)",90,"Grande",-68.8373543411,-32.8671386792,4,"0",0.185148665048544
17963,"Morera","Alto (> 8 mts)",80,"Grande",-68.8374409115,-32.867007505,4,"0",0.185148665048544
17966,"Paraiso","Alto (> 8 mts)",180,"Grande",-68.8376173777,-32.8669772785,4,"0",0.0859023207481815
17967,"Morera","Medio (4 - 8 mts)",200,"Grande",-68.8396781425,-32.8672196358,4,"1",0.185148665048544
17969,"Morera","Bajo (2 - 4 mts)",12,"Chico",-68.8398287432,-32.8672131886,4,"0",0.185148665048544
17970,"Morera","Medio (4 - 8 mts)",110,"Grande",-68.8399116776,-32.8672619935,4,"0",0.185148665048544
17971,"Morera","Medio (4 - 8 mts)",160,"Grande",-68.8399417921,-32.8673898021,4,"0",0.185148665048544
17973,"Morera","Medio (4 - 8 mts)",190,"Grande",-68.8399738599,-32.867500932,4,"0",0.185148665048544
17974,"Morera","Alto (> 8 mts)",140,"Grande",-68.8399910578,-32.8675806665,4,"0",0.185148665048544
17976,"Morera","Medio (4 - 8 mts)",130,"Grande",-68.8400384795,-32.867751325,4,"0",0.185148665048544
17977,"Morera","Medio (4 - 8 mts)",110,"Grande",-68.840005577,-32.8678324202,4,"0",0.185148665048544
17980,"Morera","Alto (> 8 mts)",223,"Grande",-68.8398136145,-32.8678445431,4,"0",0.185148665048544
17981,"Morera","Alto (> 8 mts)",220,"Grande",-68.8397210122,-32.8678473964,4,"0",0.185148665048544
17982,"Fresno americano","Medio (4 - 8 mts)",90,"Grande",-68.8396404896,-32.867786877,4,"0",0.0512455516014235
17989,"Conifera","Alto (> 8 mts)",85,"Grande",-68.8396129525,-32.8673355408,4,"0",0.021505376344086
17990,"Morera","Medio (4 - 8 mts)",140,"Grande",-68.8396143681,-32.8672982215,4,"0",0.185148665048544
17991,"Conifera","Alto (> 8 mts)",80,"Grande",-68.8396133506,-32.8672699069,4,"0",0.021505376344086
17992,"Morera","Alto (> 8 mts)",162,"Grande",-68.8400418885,-32.8672939123,4,"0",0.185148665048544
17993,"Morera","Alto (> 8 mts)",164,"Grande",-68.8400649865,-32.8673295462,4,"0",0.185148665048544
17994,"Fresno americano","Bajo (2 - 4 mts)",37,"Mediano",-68.8400814561,-32.8673900321,4,"0",0.0512455516014235
17996,"Olmo bola","Medio (4 - 8 mts)",70,"Grande",-68.8401055159,-32.8674887471,4,"0",0.0231481481481481
18001,"Morera","Alto (> 8 mts)",220,"Grande",-68.8402728929,-32.8678148334,4,"0",0.185148665048544
18003,"Morera","Alto (> 8 mts)",190,"Grande",-68.8404217456,-32.8678059162,4,"0",0.185148665048544
18007,"Morera","Alto (> 8 mts)",140,"Grande",-68.8406826984,-32.867786682,4,"0",0.185148665048544
18009,"Morera","Alto (> 8 mts)",160,"Grande",-68.8408757919,-32.8677741237,4,"0",0.185148665048544
18013,"Morera","Alto (> 8 mts)",180,"Grande",-68.8411551743,-32.867753738,4,"0",0.185148665048544
18016,"Morera","Medio (4 - 8 mts)",92,"Grande",-68.8413313632,-32.8676609491,4,"0",0.185148665048544
18019,"Morera","Alto (> 8 mts)",240,"Grande",-68.8412330614,-32.8673079506,4,"0",0.185148665048544
18021,"Morera","Alto (> 8 mts)",178,"Grande",-68.8410510347,-32.8671571256,4,"0",0.185148665048544
18026,"Morera","Alto (> 8 mts)",210,"Grande",-68.8405850631,-32.8671771924,4,"0",0.185148665048544
18027,"Morera","Alto (> 8 mts)",178,"Grande",-68.8405068476,-32.8671797978,4,"0",0.185148665048544
18033,"Morera","Medio (4 - 8 mts)",160,"Grande",-68.8401292883,-32.8671949945,4,"1",0.185148665048544
18034,"Fresno europeo","Muy bajo (1 - 2 mts)",16,"Chico",-68.840299832,-32.8679263172,4,"0",0.0420032310177706
18036,"Morera","Alto (> 8 mts)",150,"Grande",-68.8402615591,-32.8680577354,4,"0",0.185148665048544
18037,"Morera","Alto (> 8 mts)",130,"Grande",-68.8403001942,-32.8681993634,4,"0",0.185148665048544
18040,"Morera","Alto (> 8 mts)",96,"Grande",-68.8403662042,-32.8684312346,4,"1",0.185148665048544
18051,"Fresno europeo","Medio (4 - 8 mts)",138,"Grande",-68.8411266574,-32.868498323,4,"0",0.0420032310177706
18054,"Morera","Alto (> 8 mts)",180,"Grande",-68.8413625683,-32.8684796327,4,"1",0.185148665048544
18055,"Caducifolio","Bajo (2 - 4 mts)",35,"Mediano",-68.8415143412,-32.868354183,4,"0",0.0512249443207127
18059,"Morera","Bajo (2 - 4 mts)",35,"Mediano",-68.8414268637,-32.8680371264,4,"0",0.185148665048544
18061,"Fresno europeo","Alto (> 8 mts)",57,"Mediano",-68.8413081561,-32.8678620066,4,"0",0.0420032310177706
18062,"Morera","Medio (4 - 8 mts)",61,"Grande",-68.8411158019,-32.8678751481,4,"0",0.185148665048544
18065,"Morera","Alto (> 8 mts)",150,"Grande",-68.8406513987,-32.8679026903,4,"1",0.185148665048544
18067,"Morera","Alto (> 8 mts)",158,"Grande",-68.8404853976,-32.8679166227,4,"0",0.185148665048544
18068,"Morera","Alto (> 8 mts)",148,"Grande",-68.8404376769,-32.867919009,4,"0",0.185148665048544
18072,"Paraiso","Alto (> 8 mts)",180,"Grande",-68.8396558356,-32.8682418079,4,"1",0.0859023207481815
18074,"Paraiso","Alto (> 8 mts)",112,"Grande",-68.839661395,-32.8683586747,4,"0",0.0859023207481815
18077,"Fresno europeo","Medio (4 - 8 mts)",110,"Grande",-68.83967686,-32.8685362057,4,"0",0.0420032310177706
18078,"Morera","Alto (> 8 mts)",116,"Grande",-68.8398177325,-32.8685849298,4,"0",0.185148665048544
18079,"Morera","Alto (> 8 mts)",155,"Grande",-68.8398819563,-32.8685801428,4,"1",0.185148665048544
18083,"Morera","Medio (4 - 8 mts)",60,"Mediano",-68.8402354755,-32.8684821298,4,"0",0.185148665048544
18084,"Ligustro","Muy bajo (1 - 2 mts)",20,"Chico",-68.840225285,-32.8684448768,4,"0",0.0138888888888889
18087,"Morera","Medio (4 - 8 mts)",96,"Grande",-68.8401710076,-32.8682514192,4,"1",0.185148665048544
18088,"Paraiso","Alto (> 8 mts)",128,"Grande",-68.8401642553,-32.8682178423,4,"1",0.0859023207481815
18094,"Morera","Alto (> 8 mts)",200,"Grande",-68.8397455587,-32.8679604138,4,"0",0.185148665048544
18096,"Ailanthus","Medio (4 - 8 mts)",26,"Mediano",-68.8404504706,-32.8687698644,4,"0",0.0380952380952381
18097,"Morera","Alto (> 8 mts)",185,"Grande",-68.8404776287,-32.8688786434,4,"0",0.185148665048544
18100,"Paraiso","Alto (> 8 mts)",175,"Grande",-68.8405439717,-32.8691226363,4,"0",0.0859023207481815
18101,"Paraiso","Alto (> 8 mts)",190,"Grande",-68.8405572326,-32.869175763,4,"0",0.0859023207481815
18103,"Morera","Alto (> 8 mts)",180,"Grande",-68.8406033196,-32.869335061,4,"1",0.185148665048544
18106,"Paraiso","Medio (4 - 8 mts)",90,"Grande",-68.8406445449,-32.8694592047,4,"1",0.0859023207481815
18107,"Paraiso","Medio (4 - 8 mts)",64,"Grande",-68.8406625726,-32.8695266023,4,"1",0.0859023207481815
18108,"Morera","Medio (4 - 8 mts)",58,"Mediano",-68.8406709866,-32.8695560443,4,"0",0.185148665048544
18111,"Morera","Alto (> 8 mts)",160,"Grande",-68.8407087632,-32.8697099557,4,"1",0.185148665048544
18112,"Paraiso","Alto (> 8 mts)",220,"Grande",-68.840723359,-32.8697857004,4,"0",0.0859023207481815
18114,"Morera","Alto (> 8 mts)",120,"Grande",-68.8408659521,-32.8698135639,4,"1",0.185148665048544
18115,"Morera","Alto (> 8 mts)",145,"Grande",-68.8409529365,-32.8698081742,4,"0",0.185148665048544
18116,"Paraiso","Medio (4 - 8 mts)",116,"Grande",-68.8410854982,-32.8697949949,4,"0",0.0859023207481815
18117,"Morera","Alto (> 8 mts)",210,"Grande",-68.8411996876,-32.8697870111,4,"0",0.185148665048544
18118,"Paraiso","Medio (4 - 8 mts)",114,"Grande",-68.8412587161,-32.869783399,4,"0",0.0859023207481815
18121,"Morera","Medio (4 - 8 mts)",117,"Grande",-68.8415775756,-32.8697594656,4,"1",0.185148665048544
18124,"Fresno europeo","Medio (4 - 8 mts)",35,"Mediano",-68.8418108646,-32.8697419217,4,"0",0.0420032310177706
18126,"Morera","Alto (> 8 mts)",75,"Grande",-68.8417961875,-32.8694388634,4,"1",0.185148665048544
18129,"Morera","Alto (> 8 mts)",175,"Grande",-68.8417594255,-32.8692913809,4,"0",0.185148665048544
18130,"Morera","Alto (> 8 mts)",185,"Grande",-68.8417536845,-32.8692643435,4,"1",0.185148665048544
18131,"Morera","Medio (4 - 8 mts)",89,"Grande",-68.8417430995,-32.8692081753,4,"1",0.185148665048544
18132,"Morera","Alto (> 8 mts)",92,"Grande",-68.8417185525,-32.8691352684,4,"1",0.185148665048544
18135,"Morera","Alto (> 8 mts)",130,"Grande",-68.8416609053,-32.8689402473,4,"1",0.185148665048544
18137,"Prunas","Medio (4 - 8 mts)",26,"Mediano",-68.841634831,-32.8688334293,4,"0",0.0321782178217822
18143,"Ailanthus","Alto (> 8 mts)",180,"Grande",-68.8413895359,-32.8685988349,4,"0",0.0380952380952381
18147,"Fresno europeo","Medio (4 - 8 mts)",128,"Grande",-68.8410702402,-32.8686192588,4,"0",0.0420032310177706
18149,"Morera","Alto (> 8 mts)",150,"Grande",-68.8408626073,-32.8686354057,4,"1",0.185148665048544
18150,"Paraiso","Alto (> 8 mts)",133,"Grande",-68.8407894128,-32.8686377471,4,"0",0.0859023207481815
18153,"Paraiso","Alto (> 8 mts)",108,"Grande",-68.8405981314,-32.8686516601,4,"1",0.0859023207481815
18155,"Paraiso","Alto (> 8 mts)",122,"Grande",-68.8402443201,-32.8686741118,4,"1",0.0859023207481815
18162,"Fresno europeo","Bajo (2 - 4 mts)",14,"Chico",-68.8397509439,-32.8687088272,4,"0",0.0420032310177706
18164,"Morera","Alto (> 8 mts)",170,"Grande",-68.8396854831,-32.8688072986,4,"1",0.185148665048544
18165,"Morera","Medio (4 - 8 mts)",35,"Mediano",-68.8396886665,-32.8688789233,4,"0",0.185148665048544
18166,"Morera","Alto (> 8 mts)",160,"Grande",-68.8396912202,-32.8689441831,4,"1",0.185148665048544
18173,"Morera","Alto (> 8 mts)",145,"Grande",-68.8397218605,-32.8695424507,4,"1",0.185148665048544
18174,"Morera","Alto (> 8 mts)",140,"Grande",-68.8397230304,-32.8695948082,4,"0",0.185148665048544
18179,"Morera","Alto (> 8 mts)",160,"Grande",-68.8397487202,-32.869885716,4,"1",0.185148665048544
18182,"Morera","Alto (> 8 mts)",120,"Grande",-68.8400175956,-32.8698653401,4,"1",0.185148665048544
18184,"Olmo comun","Alto (> 8 mts)",104,"Grande",-68.8401900696,-32.8698516492,4,"0",0.0227272727272727
18185,"Paraiso","Alto (> 8 mts)",168,"Grande",-68.8402528743,-32.869848559,4,"1",0.0859023207481815
18186,"Morera","Alto (> 8 mts)",135,"Grande",-68.8403265218,-32.8698444395,4,"0",0.185148665048544
18187,"Conifera","Alto (> 8 mts)",38,"Mediano",-68.8404142462,-32.869839354,4,"0",0.021505376344086
18189,"Morera","Bajo (2 - 4 mts)",34,"Mediano",-68.8405085351,-32.8698338035,4,"1",0.185148665048544
18190,"Morera","Alto (> 8 mts)",130,"Grande",-68.8405784088,-32.8697615307,4,"0",0.185148665048544
18196,"lamo criollo","Alto (> 8 mts)",190,"Grande",-68.8404438864,-32.8692842727,4,"0",0.0128205128205128
18197,"Paraiso","Medio (4 - 8 mts)",130,"Grande",-68.8404309898,-32.8692150999,4,"0",0.0859023207481815
18198,"Morera","Alto (> 8 mts)",110,"Grande",-68.8404229131,-32.8691823545,4,"1",0.185148665048544
18203,"Morera","Alto (> 8 mts)",96,"Grande",-68.8403632787,-32.8689512642,4,"1",0.185148665048544
18207,"Morera","Alto (> 8 mts)",116,"Grande",-68.8403021482,-32.8687204426,4,"1",0.185148665048544
18208,"Ligustro","Bajo (2 - 4 mts)",60,"Mediano",-68.8389580892,-32.8683806743,4,"0",0.0138888888888889
18212,"Palo borracho","Bajo (2 - 4 mts)",140,"Grande",-68.8388881668,-32.8681098956,4,"0",0
18213,"Jacarand","Medio (4 - 8 mts)",42,"Mediano",-68.8388768287,-32.8680576728,4,"0",0.103064066852368
18218,"Morera","Medio (4 - 8 mts)",83,"Grande",-68.8388164643,-32.8678192772,4,"0",0.185148665048544
18224,"Morera","Alto (> 8 mts)",147,"Grande",-68.8394966922,-32.8683648952,4,"0",0.185148665048544
18227,"Morera","Alto (> 8 mts)",155,"Grande",-68.8391694006,-32.8684106894,4,"0",0.185148665048544
18229,"Morera","Alto (> 8 mts)",152,"Grande",-68.8390439065,-32.8682517523,4,"0",0.185148665048544
18234,"Pltano","Alto (> 8 mts)",160,"Grande",-68.8389517866,-32.8678361157,4,"0",0.0903973509933775
18236,"Paraiso","Alto (> 8 mts)",150,"Grande",-68.8388789921,-32.8675561801,4,"0",0.0859023207481815
18237,"Pltano","Alto (> 8 mts)",159,"Grande",-68.8388403718,-32.8673989334,4,"0",0.0903973509933775
18239,"Pltano","Alto (> 8 mts)",150,"Grande",-68.839042247,-32.8673368907,4,"0",0.0903973509933775
18240,"Morera","Alto (> 8 mts)",140,"Grande",-68.8391057369,-32.8673273612,4,"0",0.185148665048544
18243,"Pltano","Alto (> 8 mts)",186,"Grande",-68.839304192,-32.8672929939,4,"0",0.0903973509933775
18244,"Morera","Alto (> 8 mts)",165,"Grande",-68.8393804309,-32.8672785935,4,"0",0.185148665048544
18248,"Morera","Alto (> 8 mts)",160,"Grande",-68.8394807055,-32.867631458,4,"1",0.185148665048544
18250,"Fresno europeo","Alto (> 8 mts)",140,"Grande",-68.8394917878,-32.8678216919,4,"1",0.0420032310177706
18254,"Fresno europeo","Alto (> 8 mts)",143,"Grande",-68.8395192543,-32.8681404626,4,"0",0.0420032310177706
18257,"Morera","Muy bajo (1 - 2 mts)",30,"Mediano",-68.8390411438,-32.8687163919,4,"0",0.185148665048544
18258,"Palo borracho","Bajo (2 - 4 mts)",70,"Grande",-68.839083392,-32.8689070645,4,"0",0
18260,"Ligustro","Bajo (2 - 4 mts)",50,"Mediano",-68.8391288965,-32.8690956673,4,"0",0.0138888888888889
18262,"Morera","Bajo (2 - 4 mts)",14,"Chico",-68.8391599083,-32.8692487743,4,"0",0.185148665048544
18267,"Morera","Alto (> 8 mts)",90,"Grande",-68.8394230711,-32.869756458,4,"0",0.185148665048544
18271,"Morera","Alto (> 8 mts)",120,"Grande",-68.8393431417,-32.8694615626,4,"0",0.185148665048544
18275,"Morera","Alto (> 8 mts)",185,"Grande",-68.8392322989,-32.8690036137,4,"1",0.185148665048544
18278,"Ailanthus","Alto (> 8 mts)",140,"Grande",-68.8391487384,-32.8686575595,4,"0",0.0380952380952381
18279,"Paraiso","Alto (> 8 mts)",155,"Grande",-68.8391278355,-32.8685767408,4,"1",0.0859023207481815
18280,"Caducifolio","Muy bajo (1 - 2 mts)",5,"Chico",-68.8391638075,-32.8685372026,4,"0",0.0512249443207127
18283,"Morera","Alto (> 8 mts)",140,"Grande",-68.8393966064,-32.868501305,4,"1",0.185148665048544
18284,"Paraiso","Alto (> 8 mts)",140,"Grande",-68.8394357397,-32.8684956845,4,"0",0.0859023207481815
18285,"Morera","Alto (> 8 mts)",135,"Grande",-68.8394937331,-32.8684879592,4,"0",0.185148665048544
18289,"Morera","Alto (> 8 mts)",180,"Grande",-68.8395699905,-32.8687426793,4,"0",0.185148665048544
18292,"Morera","Alto (> 8 mts)",110,"Grande",-68.8395799767,-32.8689526066,4,"0",0.185148665048544
18293,"Morera","Alto (> 8 mts)",135,"Grande",-68.8395829551,-32.8689991758,4,"1",0.185148665048544
18294,"Morera","Alto (> 8 mts)",200,"Grande",-68.839587525,-32.8691517105,4,"0",0.185148665048544
18297,"Morera","Alto (> 8 mts)",130,"Grande",-68.8395972066,-32.8694121322,4,"0",0.185148665048544
18298,"Morera","Alto (> 8 mts)",125,"Grande",-68.8396004862,-32.8694896821,4,"1",0.185148665048544
18299,"Morera","Alto (> 8 mts)",130,"Grande",-68.8396047528,-32.8696124082,4,"0",0.185148665048544
18308,"Pltano","Alto (> 8 mts)",250,"Grande",-68.8382527353,-32.8685301669,4,"0",0.0903973509933775
18309,"Pltano","Alto (> 8 mts)",190,"Grande",-68.8381716792,-32.8685394596,4,"0",0.0903973509933775
18313,"Morera","Alto (> 8 mts)",105,"Grande",-68.8378557179,-32.8685744672,4,"1",0.185148665048544
18314,"Morera","Alto (> 8 mts)",140,"Grande",-68.8377042679,-32.8685642647,4,"1",0.185148665048544
18317,"Pltano","Alto (> 8 mts)",240,"Grande",-68.837655201,-32.8683792608,4,"0",0.0903973509933775
18319,"Morera","Alto (> 8 mts)",150,"Grande",-68.8375983824,-32.8681316719,4,"0",0.185148665048544
18320,"Pltano","Alto (> 8 mts)",230,"Grande",-68.8375607112,-32.8679894258,4,"0",0.0903973509933775
18321,"Pltano","Alto (> 8 mts)",180,"Grande",-68.8375347371,-32.8678779426,4,"0",0.0903973509933775
18322,"Pltano","Alto (> 8 mts)",198,"Grande",-68.837520645,-32.8678130023,4,"0",0.0903973509933775
18327,"Morera","Alto (> 8 mts)",170,"Grande",-68.8378119379,-32.8675616271,4,"1",0.185148665048544
18328,"Pltano","Alto (> 8 mts)",190,"Grande",-68.8379003342,-32.8675425356,4,"0",0.0903973509933775
18330,"Fresno europeo","Alto (> 8 mts)",160,"Grande",-68.8380952794,-32.8675104172,4,"0",0.0420032310177706
18331,"Morera","Alto (> 8 mts)",130,"Grande",-68.8381821634,-32.8675003405,4,"0",0.185148665048544
18332,"Morera","Alto (> 8 mts)",160,"Grande",-68.8382610374,-32.8674883597,4,"1",0.185148665048544
18334,"Pltano","Alto (> 8 mts)",148,"Grande",-68.8384860179,-32.8674496972,4,"1",0.0903973509933775
18337,"Morera","Alto (> 8 mts)",142,"Grande",-68.8386230796,-32.8675204768,4,"0",0.185148665048544
18340,"Morera","Alto (> 8 mts)",160,"Grande",-68.8387087534,-32.8678837899,4,"0",0.185148665048544
18341,"Paraiso","Medio (4 - 8 mts)",80,"Grande",-68.8387376815,-32.8680169173,4,"1",0.0859023207481815
18346,"Pltano","Alto (> 8 mts)",205,"Grande",-68.8373209854,-32.8686651949,4,"1",0.0903973509933775
18347,"Morera","Alto (> 8 mts)",105,"Grande",-68.8370553144,-32.8687012325,4,"1",0.185148665048544
18350,"Morera","Alto (> 8 mts)",175,"Grande",-68.8367514871,-32.8687384028,4,"1",0.185148665048544
18351,"Paraiso","Alto (> 8 mts)",150,"Grande",-68.8365469362,-32.8687659142,4,"0",0.0859023207481815
18353,"Pltano","Alto (> 8 mts)",215,"Grande",-68.83639481,-32.8685676058,4,"0",0.0903973509933775
18356,"Pltano","Alto (> 8 mts)",210,"Grande",-68.8363351448,-32.8683009869,4,"0",0.0903973509933775
18358,"Pltano","Alto (> 8 mts)",225,"Grande",-68.8362696973,-32.8680414837,4,"1",0.0903973509933775
18359,"Paraiso sombrilla","Alto (> 8 mts)",115,"Grande",-68.8362551861,-32.8679724851,4,"0",0.022887323943662
18361,"Morera","Bajo (2 - 4 mts)",25,"Mediano",-68.8364407461,-32.8678153822,4,"0",0.185148665048544
18363,"Caducifolio","Muy bajo (1 - 2 mts)",6,"Chico",-68.8366579707,-32.8677758282,4,"0",0.0512249443207127
18365,"Pltano","Alto (> 8 mts)",170,"Grande",-68.8368700884,-32.8677383068,4,"1",0.0903973509933775
18366,"Pltano","Alto (> 8 mts)",155,"Grande",-68.8369535552,-32.867727415,4,"0",0.0903973509933775
18367,"Pltano","Alto (> 8 mts)",168,"Grande",-68.8370242096,-32.8677114569,4,"0",0.0903973509933775
18369,"Pltano","Alto (> 8 mts)",165,"Grande",-68.8371371923,-32.8676860861,4,"1",0.0903973509933775
18372,"Morera","Alto (> 8 mts)",102,"Grande",-68.8373641079,-32.8677585168,4,"0",0.185148665048544
18373,"Caducifolio","Bajo (2 - 4 mts)",25,"Mediano",-68.8373975157,-32.8678918848,4,"0",0.0512249443207127
18378,"Paraiso","Alto (> 8 mts)",160,"Grande",-68.8374616591,-32.8681681031,4,"1",0.0859023207481815
18379,"Morera","Medio (4 - 8 mts)",50,"Mediano",-68.8374954762,-32.8683144921,4,"0",0.185148665048544
18381,"Paraiso","Medio (4 - 8 mts)",145,"Grande",-68.8375408606,-32.8685031017,4,"0",0.0859023207481815
18382,"Morera","Alto (> 8 mts)",145,"Grande",-68.8375525597,-32.8685602987,4,"0",0.185148665048544
18384,"Caducifolio","Medio (4 - 8 mts)",120,"Grande",-68.8385127577,-32.8698202496,4,"0",0.0512249443207127
18386,"Morera","Alto (> 8 mts)",150,"Grande",-68.8391285896,-32.8695792456,4,"1",0.185148665048544
18387,"Morera","Alto (> 8 mts)",155,"Grande",-68.8391015119,-32.8694858854,4,"0",0.185148665048544
18388,"Morera","Alto (> 8 mts)",168,"Grande",-68.839078479,-32.8694010965,4,"0",0.185148665048544
18390,"Morera","Alto (> 8 mts)",115,"Grande",-68.8390446195,-32.8692173778,4,"0",0.185148665048544
18392,"Morera","Alto (> 8 mts)",150,"Grande",-68.8389369502,-32.869028685,4,"1",0.185148665048544
18397,"Caducifolio","Bajo (2 - 4 mts)",50,"Mediano",-68.8382485083,-32.8686809248,4,"1",0.0512249443207127
18400,"Jacarand","Bajo (2 - 4 mts)",50,"Mediano",-68.8401710331,-32.8734328897,4,"0",0.103064066852368
18402,"Jacarand","Bajo (2 - 4 mts)",60,"Mediano",-68.8400836138,-32.8734404424,4,"0",0.103064066852368
18404,"Conifera","Medio (4 - 8 mts)",30,"Mediano",-68.8399540721,-32.8735609585,4,"0",0.021505376344086
18407,"Caducifolio","Bajo (2 - 4 mts)",60,"Mediano",-68.8401196141,-32.8736241634,4,"0",0.0512249443207127
18408,"Conifera","Alto (> 8 mts)",180,"Grande",-68.8401953819,-32.8736787225,4,"0",0.021505376344086
18410,"Morera","Alto (> 8 mts)",148,"Grande",-68.8395657668,-32.8737751471,4,"1",0.185148665048544
18413,"Morera","Alto (> 8 mts)",180,"Grande",-68.8393953033,-32.873894465,4,"1",0.185148665048544
18416,"lamo blanco","Alto (> 8 mts)",180,"Grande",-68.8392045599,-32.8740385153,4,"0",0.046875
18417,"Paraiso","Medio (4 - 8 mts)",145,"Grande",-68.8391021458,-32.8739894866,4,"0",0.0859023207481815
18418,"Morera","Alto (> 8 mts)",140,"Grande",-68.8390902049,-32.8739433514,4,"0",0.185148665048544
18419,"Olmo comun","Medio (4 - 8 mts)",70,"Grande",-68.8390380086,-32.8737632602,4,"0",0.0227272727272727
18420,"Morera","Alto (> 8 mts)",150,"Grande",-68.8390288688,-32.8737411596,4,"0",0.185148665048544
18423,"Morera","Alto (> 8 mts)",180,"Grande",-68.8389483213,-32.8734293377,4,"0",0.185148665048544
18425,"Paraiso","Alto (> 8 mts)",140,"Grande",-68.838928676,-32.8733615952,4,"0",0.0859023207481815
18431,"Paraiso","Medio (4 - 8 mts)",100,"Grande",-68.8389494096,-32.8730047315,4,"0",0.0859023207481815
18432,"Paraiso","Bajo (2 - 4 mts)",52,"Mediano",-68.8389809424,-32.8729984602,4,"1",0.0859023207481815
18433,"Paraiso","Alto (> 8 mts)",160,"Grande",-68.8390771433,-32.8729797386,4,"0",0.0859023207481815
18436,"Morera","Alto (> 8 mts)",105,"Grande",-68.8392422937,-32.8729446045,4,"0",0.185148665048544
18438,"Morera","Alto (> 8 mts)",130,"Grande",-68.8393340037,-32.8729275902,4,"0",0.185148665048544
18440,"Morera","Alto (> 8 mts)",110,"Grande",-68.8394296584,-32.87291545,4,"0",0.185148665048544
18444,"Morera","Alto (> 8 mts)",180,"Grande",-68.8396794809,-32.8728741275,4,"0",0.185148665048544
18447,"Morera","Bajo (2 - 4 mts)",28,"Mediano",-68.8397496842,-32.8729731179,4,"0",0.185148665048544
18449,"Morera","Alto (> 8 mts)",150,"Grande",-68.8397671776,-32.8731682669,4,"0",0.185148665048544
18451,"Morera","Alto (> 8 mts)",145,"Grande",-68.8397714488,-32.8732886485,4,"0",0.185148665048544
18452,"Acer","Alto (> 8 mts)",220,"Grande",-68.8397767593,-32.8733659305,4,"0",0.0204081632653061
18455,"Morera","Alto (> 8 mts)",170,"Grande",-68.8397517137,-32.8735675171,4,"0",0.185148665048544
18468,"Paraiso","Alto (> 8 mts)",220,"Grande",-68.8389360403,-32.8738982027,4,"0",0.0859023207481815
18469,"Morera","Alto (> 8 mts)",190,"Grande",-68.8389619195,-32.8740049965,4,"1",0.185148665048544
18470,"Morera","Alto (> 8 mts)",150,"Grande",-68.8389777223,-32.8740704798,4,"1",0.185148665048544
18471,"Fresno europeo","Bajo (2 - 4 mts)",40,"Mediano",-68.8389936258,-32.8741393897,4,"0",0.0420032310177706
18473,"Paraiso","Medio (4 - 8 mts)",145,"Grande",-68.8389583358,-32.8742140947,1,"0",0.0859023207481815
18474,"lamo blanco","Alto (> 8 mts)",115,"Grande",-68.8389333068,-32.8742280387,1,"0",0.046875
18476,"Morera","Alto (> 8 mts)",155,"Grande",-68.8388034389,-32.874326523,1,"0",0.185148665048544
18477,"Morera","Alto (> 8 mts)",195,"Grande",-68.8387625978,-32.8743811067,1,"0",0.185148665048544
18480,"Morera","Medio (4 - 8 mts)",42,"Mediano",-68.8385119082,-32.8743865542,1,"0",0.185148665048544
18482,"Paraiso","Alto (> 8 mts)",94,"Grande",-68.8384800398,-32.8742829986,4,"0",0.0859023207481815
18490,"Paraiso","Alto (> 8 mts)",180,"Grande",-68.838347794,-32.8737902325,4,"0",0.0859023207481815
18493,"Fresno europeo","Alto (> 8 mts)",105,"Grande",-68.838229534,-32.8733636686,4,"0",0.0420032310177706
18495,"Morera","Alto (> 8 mts)",190,"Grande",-68.8382219292,-32.8731384156,4,"0",0.185148665048544
18504,"Paraiso","Alto (> 8 mts)",210,"Grande",-68.8383051508,-32.874677985,1,"0",0.0859023207481815
18505,"Paraiso","Alto (> 8 mts)",96,"Grande",-68.8382733686,-32.874703552,1,"1",0.0859023207481815
18508,"Morera","Alto (> 8 mts)",168,"Grande",-68.8379767385,-32.8748221917,1,"1",0.185148665048544
18509,"Morera","Alto (> 8 mts)",155,"Grande",-68.8379646608,-32.874765189,1,"1",0.185148665048544
18511,"Morera","Alto (> 8 mts)",160,"Grande",-68.8379270588,-32.8746417886,1,"1",0.185148665048544
18513,"Morera","Alto (> 8 mts)",180,"Grande",-68.8378944785,-32.8745187554,1,"0",0.185148665048544
18522,"Paraiso","Alto (> 8 mts)",120,"Grande",-68.8377595129,-32.8739955079,4,"0",0.0859023207481815
18524,"Fresno americano","Medio (4 - 8 mts)",70,"Grande",-68.8377215533,-32.8738341456,4,"0",0.0512455516014235
18531,"Paraiso","Alto (> 8 mts)",300,"Grande",-68.8375718727,-32.8732951893,4,"0",0.0859023207481815
18532,"Morera","Alto (> 8 mts)",125,"Grande",-68.8376100871,-32.8732579088,4,"1",0.185148665048544
18533,"Morera","Alto (> 8 mts)",140,"Grande",-68.8377040399,-32.8732418904,4,"0",0.185148665048544
18539,"Fresno europeo","Medio (4 - 8 mts)",65,"Grande",-68.8381574095,-32.8733630343,4,"0",0.0420032310177706
18550,"Paraiso","Alto (> 8 mts)",240,"Grande",-68.8384087898,-32.8746044361,1,"0",0.0859023207481815
18552,"Paraiso","Alto (> 8 mts)",140,"Grande",-68.8375747726,-32.8738144785,4,"1",0.0859023207481815
18553,"Paraiso","Alto (> 8 mts)",130,"Grande",-68.837553656,-32.8737337495,4,"0",0.0859023207481815
18555,"Paraiso","Alto (> 8 mts)",150,"Grande",-68.83750378,-32.8735363995,4,"0",0.0859023207481815
18557,"Paraiso","Alto (> 8 mts)",102,"Grande",-68.8374554683,-32.8733766414,4,"0",0.0859023207481815
18560,"Morera","Medio (4 - 8 mts)",110,"Grande",-68.8372225056,-32.8733309833,4,"1",0.185148665048544
18561,"Morera","Alto (> 8 mts)",180,"Grande",-68.8371467205,-32.8733454921,4,"1",0.185148665048544
18565,"Morera","Alto (> 8 mts)",220,"Grande",-68.8369085687,-32.8733911682,4,"0",0.185148665048544
18568,"Morera","Alto (> 8 mts)",160,"Grande",-68.8366569518,-32.8734376378,4,"1",0.185148665048544
18570,"Morera","Alto (> 8 mts)",150,"Grande",-68.8364858183,-32.873471408,4,"0",0.185148665048544
18574,"Morera","Alto (> 8 mts)",150,"Grande",-68.8363859111,-32.8737039144,4,"1",0.185148665048544
18575,"Morera","Alto (> 8 mts)",150,"Grande",-68.8364051228,-32.8737740011,4,"0",0.185148665048544
18576,"Morera","Alto (> 8 mts)",180,"Grande",-68.8364153002,-32.8738178367,4,"0",0.185148665048544
18578,"Morera","Alto (> 8 mts)",128,"Grande",-68.8364789619,-32.8740631807,4,"0",0.185148665048544
18579,"Morera","Alto (> 8 mts)",140,"Grande",-68.8364946575,-32.8741278526,4,"1",0.185148665048544
18580,"Morera","Alto (> 8 mts)",110,"Grande",-68.83651248,-32.8741981179,4,"1",0.185148665048544
18582,"Morera","Alto (> 8 mts)",125,"Grande",-68.8365549977,-32.8743561952,4,"0",0.185148665048544
18584,"Morera","Alto (> 8 mts)",148,"Grande",-68.8365989619,-32.874527349,4,"1",0.185148665048544
18585,"Morera","Alto (> 8 mts)",138,"Grande",-68.8366198433,-32.8746194392,4,"0",0.185148665048544
18586,"Morera","Alto (> 8 mts)",136,"Grande",-68.8366343942,-32.8746675185,4,"1",0.185148665048544
18593,"Morera","Alto (> 8 mts)",140,"Grande",-68.8368739911,-32.8755850339,1,"1",0.185148665048544
18597,"Fresno europeo","Alto (> 8 mts)",73,"Grande",-68.8369469282,-32.8758431936,1,"0",0.0420032310177706
18600,"Paraiso","Alto (> 8 mts)",180,"Grande",-68.8371903796,-32.8757370018,1,"0",0.0859023207481815
18601,"Morera","Alto (> 8 mts)",86,"Grande",-68.8372438155,-32.8756787877,1,"1",0.185148665048544
18603,"Morera","Alto (> 8 mts)",155,"Grande",-68.8374424,-32.8754810755,1,"0",0.185148665048544
18610,"Paraiso","Medio (4 - 8 mts)",115,"Grande",-68.8378543122,-32.8748649537,1,"0",0.0859023207481815
18611,"Morera","Alto (> 8 mts)",140,"Grande",-68.8378319026,-32.8747898135,1,"1",0.185148665048544
18612,"Morera","Alto (> 8 mts)",190,"Grande",-68.8378098999,-32.8747254356,1,"1",0.185148665048544
18613,"Morera","Alto (> 8 mts)",190,"Grande",-68.8377980718,-32.8746822256,1,"1",0.185148665048544
18614,"Morera","Medio (4 - 8 mts)",40,"Mediano",-68.8377928382,-32.8746481068,1,"1",0.185148665048544
18615,"Morera","Alto (> 8 mts)",130,"Grande",-68.8377777358,-32.8745962696,1,"1",0.185148665048544
18618,"Paraiso","Alto (> 8 mts)",185,"Grande",-68.8377244245,-32.8743977494,4,"1",0.0859023207481815
18620,"Morera","Alto (> 8 mts)",136,"Grande",-68.8377060511,-32.8743079656,4,"0",0.185148665048544
18621,"Paraiso","Alto (> 8 mts)",210,"Grande",-68.837675225,-32.874197634,4,"0",0.0859023207481815
18624,"Pltano","Alto (> 8 mts)",230,"Grande",-68.835726487,-32.8762152667,1,"1",0.0903973509933775
18627,"Pltano","Alto (> 8 mts)",320,"Grande",-68.8356709672,-32.8759566701,1,"1",0.0903973509933775
18631,"Fresno americano","Alto (> 8 mts)",190,"Grande",-68.8355712165,-32.8755229147,4,"0",0.0512455516014235
18632,"Pltano","Alto (> 8 mts)",350,"Grande",-68.8355207568,-32.8753547573,4,"0",0.0903973509933775
18638,"Morera","Alto (> 8 mts)",138,"Grande",-68.8360209466,-32.8762326869,1,"0",0.185148665048544
18645,"Pltano","Alto (> 8 mts)",180,"Grande",-68.8368604272,-32.8760480358,1,"0",0.0903973509933775
18647,"Paraiso","Medio (4 - 8 mts)",55,"Mediano",-68.8368248605,-32.8759224737,1,"0",0.0859023207481815
18654,"Fresno europeo","Alto (> 8 mts)",190,"Grande",-68.8366976369,-32.8754334094,1,"0",0.0420032310177706
18657,"Morera","Alto (> 8 mts)",88,"Grande",-68.8366396762,-32.8752249524,1,"0",0.185148665048544
18660,"Morera","Alto (> 8 mts)",47,"Mediano",-68.8365906395,-32.8750449103,1,"0",0.185148665048544
18661,"Morera","Alto (> 8 mts)",140,"Grande",-68.8365790736,-32.875000622,1,"0",0.185148665048544
18666,"Morera","Alto (> 8 mts)",150,"Grande",-68.836515425,-32.8747476138,4,"1",0.185148665048544
18668,"Morera","Alto (> 8 mts)",124,"Grande",-68.8365006825,-32.8746875418,4,"0",0.185148665048544
18669,"Morera","Alto (> 8 mts)",86,"Grande",-68.8364932678,-32.8746520955,4,"0",0.185148665048544
18670,"Morera","Alto (> 8 mts)",185,"Grande",-68.8364813867,-32.8746049214,4,"0",0.185148665048544
18672,"Morera","Alto (> 8 mts)",170,"Grande",-68.836446881,-32.8744822667,4,"1",0.185148665048544
18673,"Morera","Medio (4 - 8 mts)",97,"Grande",-68.8364287423,-32.8744114393,4,"1",0.185148665048544
18675,"Morera","Alto (> 8 mts)",121,"Grande",-68.8364023223,-32.8743097839,4,"0",0.185148665048544
18678,"Morera","Alto (> 8 mts)",180,"Grande",-68.8363414247,-32.8740704109,4,"1",0.185148665048544
18679,"Morera","Alto (> 8 mts)",107,"Grande",-68.8363264525,-32.8740191751,4,"0",0.185148665048544
18682,"Morera","Alto (> 8 mts)",92,"Grande",-68.8362676968,-32.8737808545,4,"0",0.185148665048544
18683,"Morera","Alto (> 8 mts)",133,"Grande",-68.836251978,-32.8737288964,4,"1",0.185148665048544
18689,"Morera","Alto (> 8 mts)",115,"Grande",-68.8359210042,-32.8735815768,4,"1",0.185148665048544
18691,"Morera","Alto (> 8 mts)",155,"Grande",-68.8357726424,-32.8736085231,4,"1",0.185148665048544
18692,"Morera","Muy bajo (1 - 2 mts)",12,"Chico",-68.8356939718,-32.8736230272,4,"0",0.185148665048544
18693,"Morera","Alto (> 8 mts)",145,"Grande",-68.8356129443,-32.8736407743,4,"1",0.185148665048544
18694,"Morera","Alto (> 8 mts)",93,"Grande",-68.8355210175,-32.8736586873,4,"1",0.185148665048544
18695,"Morera","Alto (> 8 mts)",155,"Grande",-68.8354284425,-32.8736803865,4,"0",0.185148665048544
18698,"Morera","Alto (> 8 mts)",160,"Grande",-68.8351734011,-32.8737288324,4,"1",0.185148665048544
18701,"Fresno americano","Alto (> 8 mts)",100,"Grande",-68.8354044189,-32.8749426359,4,"0",0.0512455516014235
18702,"Fresno americano","Medio (4 - 8 mts)",75,"Grande",-68.8353865877,-32.8748775101,4,"1",0.0512455516014235
18709,"Caducifolio","Muy bajo (1 - 2 mts)",10,"Chico",-68.835251802,-32.8743692743,4,"0",0.0512249443207127
18714,"Fresno europeo","Alto (> 8 mts)",260,"Grande",-68.8351750546,-32.8740738721,4,"0",0.0420032310177706
18717,"Fresno americano","Alto (> 8 mts)",150,"Grande",-68.8351081674,-32.873815309,4,"0",0.0512455516014235
18718,"Fresno americano","Medio (4 - 8 mts)",152,"Grande",-68.8350959584,-32.8737725526,4,"0",0.0512455516014235
18722,"Morera","Alto (> 8 mts)",162,"Grande",-68.8366109894,-32.873329645,4,"0",0.185148665048544
18723,"Morera","Alto (> 8 mts)",164,"Grande",-68.8365600072,-32.8733369723,4,"0",0.185148665048544
18724,"Morera","Alto (> 8 mts)",190,"Grande",-68.836422864,-32.8733647455,4,"0",0.185148665048544
18726,"Morera","Alto (> 8 mts)",140,"Grande",-68.8362933238,-32.8733254425,4,"1",0.185148665048544
18727,"Morera","Alto (> 8 mts)",120,"Grande",-68.8362726844,-32.8732182943,4,"1",0.185148665048544
18731,"Paraiso","Alto (> 8 mts)",240,"Grande",-68.8362214446,-32.8730315685,4,"0",0.0859023207481815
18736,"Paraiso","Alto (> 8 mts)",220,"Grande",-68.8367553504,-32.8730366026,4,"0",0.0859023207481815
18738,"Morera","Bajo (2 - 4 mts)",36,"Mediano",-68.8372774878,-32.8727296773,4,"0",0.185148665048544
18740,"Morera","Alto (> 8 mts)",100,"Grande",-68.8373349098,-32.8729241049,4,"0",0.185148665048544
18742,"Paraiso","Alto (> 8 mts)",110,"Grande",-68.8373652356,-32.873052275,4,"0",0.0859023207481815
18743,"Paraiso","Medio (4 - 8 mts)",80,"Grande",-68.8373841336,-32.8731189348,4,"0",0.0859023207481815
18744,"Morera","Alto (> 8 mts)",150,"Grande",-68.8373652073,-32.873184824,4,"0",0.185148665048544
18747,"Morera","Alto (> 8 mts)",100,"Grande",-68.8371137037,-32.8732282289,4,"1",0.185148665048544
18750,"Morera","Alto (> 8 mts)",130,"Grande",-68.8369292008,-32.8732692861,4,"0",0.185148665048544
18752,"Fresno europeo","Alto (> 8 mts)",80,"Grande",-68.8367973699,-32.872905461,4,"0",0.0420032310177706
18755,"Morera","Alto (> 8 mts)",120,"Grande",-68.836972053,-32.8726994398,4,"0",0.185148665048544
18760,"Morera","Alto (> 8 mts)",120,"Grande",-68.8375516938,-32.8725831856,4,"0",0.185148665048544
18765,"Morera","Alto (> 8 mts)",129,"Grande",-68.8380867856,-32.8724797833,4,"0",0.185148665048544
18767,"Morera","Alto (> 8 mts)",90,"Grande",-68.8382377139,-32.8724503128,4,"0",0.185148665048544
18773,"Morera","Alto (> 8 mts)",195,"Grande",-68.8385586296,-32.872544454,4,"0",0.185148665048544
18774,"Morera","Alto (> 8 mts)",140,"Grande",-68.8385678472,-32.8725877472,4,"0",0.185148665048544
18776,"Morera","Alto (> 8 mts)",140,"Grande",-68.8385931306,-32.8726691126,4,"0",0.185148665048544
18778,"Paraiso","Medio (4 - 8 mts)",80,"Grande",-68.8386451668,-32.8728464528,4,"0",0.0859023207481815
18779,"Paraiso","Alto (> 8 mts)",160,"Grande",-68.8386635441,-32.8729061686,4,"0",0.0859023207481815
18781,"Morera","Alto (> 8 mts)",122,"Grande",-68.8384521676,-32.8729775805,4,"0",0.185148665048544
18783,"Morera","Bajo (2 - 4 mts)",6,"Chico",-68.8382423764,-32.8730178171,4,"0",0.185148665048544
18786,"Morera","Alto (> 8 mts)",80,"Grande",-68.8379782165,-32.8730667681,4,"0",0.185148665048544
18787,"Morera","Bajo (2 - 4 mts)",30,"Mediano",-68.8379241037,-32.8730788483,4,"0",0.185148665048544
18788,"Morera","Alto (> 8 mts)",144,"Grande",-68.8378801268,-32.8730880238,4,"0",0.185148665048544
18791,"Morera","Alto (> 8 mts)",138,"Grande",-68.837630833,-32.8731357833,4,"0",0.185148665048544
18793,"Morera","Alto (> 8 mts)",167,"Grande",-68.8375093559,-32.8730652664,4,"1",0.185148665048544
18794,"Paraiso","Alto (> 8 mts)",166,"Grande",-68.8374823183,-32.8729502653,4,"0",0.0859023207481815
18795,"Paraiso","Alto (> 8 mts)",135,"Grande",-68.8374605903,-32.8728533951,4,"0",0.0859023207481815
18797,"Paraiso","Alto (> 8 mts)",145,"Grande",-68.8374316142,-32.8727467772,4,"0",0.0859023207481815
18798,"Paraiso","Medio (4 - 8 mts)",120,"Grande",-68.8374047445,-32.8726570238,4,"0",0.0859023207481815
18807,"Morera","Alto (> 8 mts)",180,"Grande",-68.8358627838,-32.869746235,4,"1",0.185148665048544
18811,"Morera","Medio (4 - 8 mts)",70,"Grande",-68.8354453485,-32.8697344154,4,"0",0.185148665048544
18814,"Morera","Alto (> 8 mts)",160,"Grande",-68.8353448047,-32.8695606168,4,"0",0.185148665048544
18818,"Morera","Alto (> 8 mts)",200,"Grande",-68.8352755493,-32.8692697373,4,"0",0.185148665048544
18821,"Morera","Alto (> 8 mts)",192,"Grande",-68.8352684859,-32.8690562888,4,"0",0.185148665048544
18822,"Morera","Alto (> 8 mts)",180,"Grande",-68.8353758901,-32.8690442574,4,"0",0.185148665048544
18823,"Morera","Alto (> 8 mts)",150,"Grande",-68.8354820962,-32.8690347039,4,"0",0.185148665048544
18824,"Morera","Medio (4 - 8 mts)",83,"Grande",-68.835612937,-32.8690123786,4,"0",0.185148665048544
18836,"Morera","Alto (> 8 mts)",180,"Grande",-68.8364072614,-32.8692161081,4,"0",0.185148665048544
18837,"Palo borracho","Bajo (2 - 4 mts)",16,"Chico",-68.8364184388,-32.869257433,4,"0",0
18844,"Pltano","Alto (> 8 mts)",160,"Grande",-68.8396031834,-32.8705303915,4,"0",0.0903973509933775
18848,"Conifera","Muy bajo (1 - 2 mts)",30,"Mediano",-68.8394993743,-32.8702792564,4,"0",0.021505376344086
18853,"Acacia SP","Alto (> 8 mts)",160,"Grande",-68.8396256698,-32.8701606652,4,"0",0.150492264416315
18861,"Ligustro","Bajo (2 - 4 mts)",20,"Chico",-68.8401989316,-32.8699719727,4,"0",0.0138888888888889
18863,"Morera","Alto (> 8 mts)",170,"Grande",-68.8400983907,-32.8699787764,4,"0",0.185148665048544
18864,"Morera","Alto (> 8 mts)",90,"Grande",-68.8400431468,-32.8699817012,4,"1",0.185148665048544
18865,"Morera","Alto (> 8 mts)",160,"Grande",-68.839990664,-32.8699833185,4,"1",0.185148665048544
18866,"Morera","Alto (> 8 mts)",160,"Grande",-68.8399130704,-32.8699904824,4,"1",0.185148665048544
18869,"Caducifolio","Medio (4 - 8 mts)",39,"Mediano",-68.8407587223,-32.8704452447,4,"1",0.0512249443207127
18870,"Morera","Alto (> 8 mts)",148,"Grande",-68.8407369617,-32.870377534,4,"1",0.185148665048544
18872,"Morera","Medio (4 - 8 mts)",65,"Grande",-68.8407080603,-32.8702829771,4,"0",0.185148665048544
18877,"Morera","Alto (> 8 mts)",124,"Grande",-68.8406808741,-32.8706244466,4,"0",0.185148665048544
18882,"Morera","Alto (> 8 mts)",220,"Grande",-68.8402476376,-32.8706375556,4,"1",0.185148665048544
18886,"Morera","Alto (> 8 mts)",185,"Grande",-68.8399052392,-32.8706440429,4,"0",0.185148665048544
18888,"Ailanthus","Alto (> 8 mts)",160,"Grande",-68.8397627154,-32.870591371,4,"0",0.0380952380952381
18894,"Morera","Alto (> 8 mts)",98,"Grande",-68.8397372359,-32.8701150761,4,"1",0.185148665048544
18900,"Paraiso","Alto (> 8 mts)",360,"Grande",-68.840862274,-32.870317426,4,"0",0.0859023207481815
18901,"Fresno europeo","Alto (> 8 mts)",147,"Grande",-68.8408848974,-32.8703909032,4,"0",0.0420032310177706
18903,"Morera","Alto (> 8 mts)",170,"Grande",-68.8409256122,-32.8705698908,4,"0",0.185148665048544
18905,"Pltano","Alto (> 8 mts)",300,"Grande",-68.8410775102,-32.8706119847,4,"0",0.0903973509933775
18907,"Morera","Medio (4 - 8 mts)",100,"Grande",-68.841240077,-32.8706099053,4,"0",0.185148665048544
18913,"Morera","Alto (> 8 mts)",120,"Grande",-68.8419645333,-32.8705826339,4,"0",0.185148665048544
18922,"Caducifolio","Bajo (2 - 4 mts)",30,"Mediano",-68.8419799385,-32.8701244376,4,"0",0.0512249443207127
18925,"Acer","Alto (> 8 mts)",220,"Grande",-68.8419402508,-32.8699701075,4,"0",0.0204081632653061
18927,"Fresno americano","Medio (4 - 8 mts)",90,"Grande",-68.8418409121,-32.8698643448,4,"0",0.0512455516014235
18929,"Morera","Medio (4 - 8 mts)",130,"Grande",-68.8417398613,-32.8698702259,4,"0",0.185148665048544
18930,"Morera","Alto (> 8 mts)",130,"Grande",-68.8416873323,-32.8698732523,4,"1",0.185148665048544
18932,"Paraiso","Alto (> 8 mts)",100,"Grande",-68.8415903775,-32.8698782331,4,"0",0.0859023207481815
18938,"Paraiso sombrilla","Medio (4 - 8 mts)",100,"Grande",-68.8411880129,-32.8699077088,4,"0",0.022887323943662
18941,"Paraiso","Alto (> 8 mts)",118,"Grande",-68.8410370447,-32.8699158397,4,"0",0.0859023207481815
18945,"Paraiso","Alto (> 8 mts)",240,"Grande",-68.8408304906,-32.8699263208,4,"1",0.0859023207481815
18947,"Morera","Alto (> 8 mts)",180,"Grande",-68.8366358667,-32.8695529318,4,"0",0.185148665048544
18950,"Morera","Alto (> 8 mts)",240,"Grande",-68.836568155,-32.8692452755,4,"0",0.185148665048544
18953,"Morera","Medio (4 - 8 mts)",42,"Mediano",-68.8365254536,-32.8690500028,4,"0",0.185148665048544
18955,"Morera","Alto (> 8 mts)",140,"Grande",-68.8367669547,-32.8688612329,4,"1",0.185148665048544
18956,"Morera","Alto (> 8 mts)",160,"Grande",-68.8368352492,-32.8688508623,4,"1",0.185148665048544
18962,"Morera","Alto (> 8 mts)",190,"Grande",-68.8373311489,-32.8687809956,4,"0",0.185148665048544
18963,"Morera","Muy bajo (1 - 2 mts)",8,"Chico",-68.8374001925,-32.8687699043,4,"0",0.185148665048544
18964,"Morera","Alto (> 8 mts)",200,"Grande",-68.8374676298,-32.8687607947,4,"0",0.185148665048544
18965,"Morera","Alto (> 8 mts)",190,"Grande",-68.8375444665,-32.8687534104,4,"0",0.185148665048544
18967,"Morera","Alto (> 8 mts)",250,"Grande",-68.8376299076,-32.8688908494,4,"0",0.185148665048544
18970,"Morera","Alto (> 8 mts)",200,"Grande",-68.8376888565,-32.8691424085,4,"0",0.185148665048544
18974,"Morera","Medio (4 - 8 mts)",50,"Mediano",-68.8377679364,-32.8694875895,4,"0",0.185148665048544
18975,"Morera","Alto (> 8 mts)",200,"Grande",-68.8377888368,-32.86956922,4,"0",0.185148665048544
18976,"Morera","Alto (> 8 mts)",185,"Grande",-68.8377974081,-32.8696150372,4,"0",0.185148665048544
18977,"Morera","Alto (> 8 mts)",180,"Grande",-68.8378118029,-32.8696900768,4,"0",0.185148665048544
18978,"Morera","Alto (> 8 mts)",80,"Grande",-68.8377400475,-32.8698204463,4,"0",0.185148665048544
18981,"Morera","Alto (> 8 mts)",160,"Grande",-68.8374617725,-32.8698044082,4,"1",0.185148665048544
18984,"Morera","Alto (> 8 mts)",187,"Grande",-68.8371457785,-32.8697962291,4,"0",0.185148665048544
18992,"Morera","Alto (> 8 mts)",145,"Grande",-68.8410731916,-32.8716366212,4,"0",0.185148665048544
18994,"Morera","Alto (> 8 mts)",148,"Grande",-68.8410428588,-32.8715096954,4,"1",0.185148665048544
18995,"Morera","Alto (> 8 mts)",167,"Grande",-68.8410266162,-32.8714505236,4,"1",0.185148665048544
18996,"Morera","Alto (> 8 mts)",168,"Grande",-68.8410104957,-32.8713828761,4,"1",0.185148665048544
18998,"Morera","Alto (> 8 mts)",125,"Grande",-68.8409739623,-32.8712578548,4,"0",0.185148665048544
19003,"Morera","Alto (> 8 mts)",160,"Grande",-68.8408985276,-32.8709577652,4,"1",0.185148665048544
19004,"Morera","Alto (> 8 mts)",198,"Grande",-68.8408836613,-32.8709058989,4,"1",0.185148665048544
19005,"Morera","Alto (> 8 mts)",150,"Grande",-68.8408720101,-32.8708486265,4,"1",0.185148665048544
19007,"Morera","Alto (> 8 mts)",145,"Grande",-68.8407866234,-32.8707367078,4,"1",0.185148665048544
19015,"Pltano","Alto (> 8 mts)",209,"Grande",-68.8397889888,-32.8707647355,4,"0",0.0903973509933775
19017,"Olmo comun","Medio (4 - 8 mts)",100,"Grande",-68.8397760208,-32.8709528908,4,"0",0.0227272727272727
19020,"Acer","Alto (> 8 mts)",90,"Grande",-68.8397851897,-32.8712290951,4,"1",0.0204081632653061
19024,"Morera","Alto (> 8 mts)",134,"Grande",-68.8397981863,-32.8715521103,4,"0",0.185148665048544
19026,"Olmo bola","Alto (> 8 mts)",108,"Grande",-68.8398050497,-32.8716570763,4,"0",0.0231481481481481
19031,"Morera","Alto (> 8 mts)",190,"Grande",-68.8399182644,-32.8720031958,4,"1",0.185148665048544
19033,"Morera","Alto (> 8 mts)",145,"Grande",-68.8401299874,-32.871971359,4,"1",0.185148665048544
19034,"Morera","Alto (> 8 mts)",170,"Grande",-68.8402073358,-32.8719589369,4,"1",0.185148665048544
19035,"Morera","Alto (> 8 mts)",160,"Grande",-68.8402637997,-32.8719461229,4,"1",0.185148665048544
19036,"Morera","Alto (> 8 mts)",170,"Grande",-68.8403424456,-32.8719310668,4,"1",0.185148665048544
19039,"Morera","Alto (> 8 mts)",160,"Grande",-68.8406224927,-32.8718767812,4,"0",0.185148665048544
19042,"Morera","Alto (> 8 mts)",160,"Grande",-68.8409025337,-32.8718257411,4,"0",0.185148665048544
19046,"Morera","Bajo (2 - 4 mts)",38,"Mediano",-68.8414755916,-32.8724773114,4,"0",0.185148665048544
19047,"Morera","Bajo (2 - 4 mts)",45,"Mediano",-68.8414839712,-32.8725119471,4,"0",0.185148665048544
19050,"Morera","Bajo (2 - 4 mts)",66,"Grande",-68.8415030559,-32.8725954682,4,"0",0.185148665048544
19054,"Fresno europeo","Medio (4 - 8 mts)",75,"Grande",-68.8413397236,-32.8720906731,4,"0",0.0420032310177706
19055,"Perenne","Bajo (2 - 4 mts)",22,"Mediano",-68.8413086218,-32.8719752168,4,"0",0.0364741641337386
19056,"Acacia SP","Alto (> 8 mts)",145,"Grande",-68.8412986328,-32.8719443662,4,"0",0.150492264416315
19057,"Jacarand","Bajo (2 - 4 mts)",30,"Mediano",-68.8412821379,-32.8719067446,4,"0",0.103064066852368
19061,"Morera","Alto (> 8 mts)",178,"Grande",-68.8415136216,-32.871821828,4,"0",0.185148665048544
19063,"Morera","Alto (> 8 mts)",165,"Grande",-68.8416791919,-32.8717891259,4,"1",0.185148665048544
19064,"Morera","Alto (> 8 mts)",200,"Grande",-68.8417384073,-32.8717779296,4,"0",0.185148665048544
19066,"Morera","Alto (> 8 mts)",190,"Grande",-68.8419511056,-32.8717413192,4,"0",0.185148665048544
19067,"Morera","Alto (> 8 mts)",135,"Grande",-68.8419438795,-32.8727427315,4,"0",0.185148665048544
19069,"Morera","Alto (> 8 mts)",105,"Grande",-68.8422306526,-32.8726925085,4,"0",0.185148665048544
19072,"Morera","Medio (4 - 8 mts)",142,"Grande",-68.8425581657,-32.8726859781,4,"1",0.185148665048544
19074,"Morera","Alto (> 8 mts)",110,"Grande",-68.8426975846,-32.8726990477,4,"0",0.185148665048544
19078,"Morera","Alto (> 8 mts)",150,"Grande",-68.8430380557,-32.8727367154,4,"0",0.185148665048544
19085,"Eucalyptus","Medio (4 - 8 mts)",168,"Grande",-68.8434976623,-32.8707701553,4,"1",0.0909090909090909
19086,"Fresno americano","Alto (> 8 mts)",115,"Grande",-68.843109342,-32.870664892,4,"0",0.0512455516014235
19094,"Pltano","Alto (> 8 mts)",180,"Grande",-68.8421369461,-32.8707011791,4,"1",0.0903973509933775
19100,"Caducifolio","Muy bajo (1 - 2 mts)",8,"Chico",-68.8413622539,-32.8707192249,4,"0",0.0512249443207127
19101,"Morera","Alto (> 8 mts)",160,"Grande",-68.8413001397,-32.8707230008,4,"1",0.185148665048544
19105,"Morera","Alto (> 8 mts)",150,"Grande",-68.8409838823,-32.8707885356,4,"1",0.185148665048544
19108,"Morera","Alto (> 8 mts)",120,"Grande",-68.8410373072,-32.8709681308,4,"0",0.185148665048544
19111,"Morera","Alto (> 8 mts)",180,"Grande",-68.8410826012,-32.8711536669,4,"0",0.185148665048544
19112,"Morera","Alto (> 8 mts)",175,"Grande",-68.8411197856,-32.8712731886,4,"0",0.185148665048544
19113,"Fresno europeo","Bajo (2 - 4 mts)",25,"Mediano",-68.8411549944,-32.871422103,4,"0",0.0420032310177706
19114,"Morera","Alto (> 8 mts)",160,"Grande",-68.841174744,-32.8714920094,4,"1",0.185148665048544
19115,"Morera","Alto (> 8 mts)",180,"Grande",-68.8411905991,-32.8715288186,4,"0",0.185148665048544
19117,"Morera","Alto (> 8 mts)",125,"Grande",-68.8412251834,-32.871668535,4,"1",0.185148665048544
19119,"Perenne","Muy bajo (1 - 2 mts)",22,"Mediano",-68.8412704487,-32.8717506466,4,"0",0.0364741641337386
19120,"Morera","Alto (> 8 mts)",155,"Grande",-68.8413105342,-32.87174141,4,"0",0.185148665048544
19122,"Morera","Alto (> 8 mts)",150,"Grande",-68.8414548287,-32.8717157143,4,"1",0.185148665048544
19124,"Morera","Alto (> 8 mts)",200,"Grande",-68.8416003028,-32.8716875854,4,"1",0.185148665048544
19125,"Morera","Alto (> 8 mts)",240,"Grande",-68.8417567925,-32.8716537896,4,"1",0.185148665048544
19128,"Morera","Alto (> 8 mts)",122,"Grande",-68.8410924943,-32.8718971263,4,"0",0.185148665048544
19129,"Morera","Alto (> 8 mts)",145,"Grande",-68.8410326337,-32.8719105756,4,"1",0.185148665048544
19132,"Morera","Alto (> 8 mts)",122,"Grande",-68.8408720499,-32.8719473391,4,"1",0.185148665048544
19134,"Morera","Alto (> 8 mts)",180,"Grande",-68.8407574618,-32.8719693335,4,"1",0.185148665048544
19139,"Morera","Alto (> 8 mts)",190,"Grande",-68.8403549608,-32.8720427125,4,"0",0.185148665048544
19141,"Morera","Alto (> 8 mts)",100,"Grande",-68.8402042454,-32.8720734481,4,"1",0.185148665048544
19144,"Morera","Alto (> 8 mts)",112,"Grande",-68.8400246765,-32.8721061305,4,"1",0.185148665048544
19151,"Morera","Alto (> 8 mts)",134,"Grande",-68.8399265892,-32.8725805665,4,"1",0.185148665048544
19153,"Morera","Alto (> 8 mts)",145,"Grande",-68.8399477434,-32.8727008796,4,"0",0.185148665048544
19159,"Olmo comun","Alto (> 8 mts)",104,"Grande",-68.8400189102,-32.8729816373,4,"0",0.0227272727272727
19165,"Morera","Alto (> 8 mts)",125,"Grande",-68.8403046177,-32.8733033967,4,"0",0.185148665048544
19169,"Morera","Alto (> 8 mts)",125,"Grande",-68.8405729544,-32.8732272754,4,"1",0.185148665048544
19170,"Morera","Alto (> 8 mts)",140,"Grande",-68.8406531557,-32.8731927525,4,"0",0.185148665048544
19172,"Morera","Alto (> 8 mts)",150,"Grande",-68.840766531,-32.8731304095,4,"0",0.185148665048544
19173,"Morera","Alto (> 8 mts)",123,"Grande",-68.8408339121,-32.8730946078,4,"0",0.185148665048544
19174,"Morera","Alto (> 8 mts)",115,"Grande",-68.8408884521,-32.8730692494,4,"1",0.185148665048544
19175,"Morera","Alto (> 8 mts)",110,"Grande",-68.8410242712,-32.8730040493,4,"0",0.185148665048544
19177,"Morera","Alto (> 8 mts)",107,"Grande",-68.8411675478,-32.8729511215,4,"1",0.185148665048544
19179,"Morera","Alto (> 8 mts)",87,"Grande",-68.841326862,-32.8728926235,4,"0",0.185148665048544
19180,"Morera","Alto (> 8 mts)",165,"Grande",-68.841208482,-32.8721664292,4,"0",0.185148665048544
19181,"Morera","Medio (4 - 8 mts)",87,"Grande",-68.8411947132,-32.8720980633,4,"0",0.185148665048544
19183,"Morera","Alto (> 8 mts)",113,"Grande",-68.8411578868,-32.8719422589,4,"1",0.185148665048544
19185,"Morera","Medio (4 - 8 mts)",84,"Grande",-68.8412455116,-32.8723731445,4,"0",0.185148665048544
19186,"Tipa","Alto (> 8 mts)",158,"Grande",-68.8412550508,-32.8724166183,4,"1",0.101123595505618
19187,"Morera","Alto (> 8 mts)",102,"Grande",-68.8412688325,-32.8724777706,4,"0",0.185148665048544
19191,"Paraiso","Alto (> 8 mts)",100,"Grande",-68.8413186754,-32.8726896418,4,"0",0.0859023207481815
19192,"Paraiso","Medio (4 - 8 mts)",100,"Grande",-68.8413420462,-32.8727664056,4,"0",0.0859023207481815
19194,"Paraiso","Alto (> 8 mts)",53,"Mediano",-68.8395962972,-32.8727591333,4,"1",0.0859023207481815
19197,"Morera","Alto (> 8 mts)",195,"Grande",-68.8393577213,-32.8728111218,4,"1",0.185148665048544
19200,"Morera","Alto (> 8 mts)",123,"Grande",-68.8391997281,-32.872837406,4,"1",0.185148665048544
19203,"Paraiso","Alto (> 8 mts)",115,"Grande",-68.8390830282,-32.8728570256,4,"1",0.0859023207481815
19210,"Paraiso","Medio (4 - 8 mts)",105,"Grande",-68.8387679188,-32.872799182,4,"0",0.0859023207481815
19212,"Morera","Medio (4 - 8 mts)",69,"Grande",-68.8387373253,-32.8726891296,4,"1",0.185148665048544
19214,"Morera","Alto (> 8 mts)",180,"Grande",-68.8387027906,-32.8725564152,4,"0",0.185148665048544
19216,"Morera","Alto (> 8 mts)",110,"Grande",-68.8386755801,-32.8724553372,4,"1",0.185148665048544
19217,"Morera","Alto (> 8 mts)",180,"Grande",-68.8386660392,-32.8724134863,4,"0",0.185148665048544
19221,"Morera","Alto (> 8 mts)",148,"Grande",-68.8390455698,-32.872298919,4,"0",0.185148665048544
19223,"Morera","Alto (> 8 mts)",185,"Grande",-68.8393053129,-32.8722469547,4,"1",0.185148665048544
19224,"Morera","Alto (> 8 mts)",180,"Grande",-68.8393844077,-32.8722332604,4,"0",0.185148665048544
19225,"Olmo comun","Medio (4 - 8 mts)",63,"Grande",-68.8394249275,-32.8722257851,4,"0",0.0227272727272727
19227,"Morera","Alto (> 8 mts)",112,"Grande",-68.8395853697,-32.872188163,4,"0",0.185148665048544
19228,"Jacarand","Bajo (2 - 4 mts)",26,"Mediano",-68.839617278,-32.8722698974,4,"0",0.103064066852368
19229,"Morera","Alto (> 8 mts)",128,"Grande",-68.8396427375,-32.8724176907,4,"0",0.185148665048544
19232,"Paraiso","Medio (4 - 8 mts)",88,"Grande",-68.8396859766,-32.8726566923,4,"1",0.0859023207481815
19242,"Pltano","Alto (> 8 mts)",300,"Grande",-68.8374353748,-32.8699248402,4,"0",0.0903973509933775
19244,"Pltano","Alto (> 8 mts)",317,"Grande",-68.8376544024,-32.8699316169,4,"0",0.0903973509933775
19245,"Pltano","Alto (> 8 mts)",320,"Grande",-68.8378050408,-32.8699416408,4,"0",0.0903973509933775
19247,"Morera","Alto (> 8 mts)",200,"Grande",-68.8379020932,-32.8700405922,4,"0",0.185148665048544
19249,"Morera","Alto (> 8 mts)",160,"Grande",-68.8379296671,-32.8701542415,4,"0",0.185148665048544
19254,"Morera","Alto (> 8 mts)",110,"Grande",-68.8379975558,-32.8704262804,4,"0",0.185148665048544
19258,"Ailanthus","Medio (4 - 8 mts)",20,"Chico",-68.8377495327,-32.8704990863,4,"0",0.0380952380952381
19259,"Fresno americano","Alto (> 8 mts)",110,"Grande",-68.8376224021,-32.8704880109,4,"0",0.0512455516014235
19264,"Morera","Medio (4 - 8 mts)",125,"Grande",-68.8371512541,-32.8704563802,4,"0",0.185148665048544
19266,"Fresno americano","Medio (4 - 8 mts)",40,"Mediano",-68.8370203017,-32.8704463983,4,"0",0.0512455516014235
19268,"Pltano","Alto (> 8 mts)",200,"Grande",-68.8369250289,-32.870435048,4,"0",0.0903973509933775
19269,"Morera","Alto (> 8 mts)",140,"Grande",-68.8368160012,-32.8703176234,4,"0",0.185148665048544
19272,"Morera","Medio (4 - 8 mts)",120,"Grande",-68.8367725221,-32.8701380393,4,"0",0.185148665048544
19277,"Morera","Medio (4 - 8 mts)",150,"Grande",-68.8366902053,-32.8703993655,4,"0",0.185148665048544
19279,"Morera","Alto (> 8 mts)",160,"Grande",-68.8366484423,-32.870211636,4,"0",0.185148665048544
19284,"Morera","Alto (> 8 mts)",180,"Grande",-68.836262262,-32.869877955,4,"0",0.185148665048544
19285,"Morera","Alto (> 8 mts)",200,"Grande",-68.8362013612,-32.8698763424,4,"0",0.185148665048544
19289,"Morera","Alto (> 8 mts)",96,"Grande",-68.8358188673,-32.8698631271,4,"0",0.185148665048544
19290,"Morera","Alto (> 8 mts)",70,"Grande",-68.8357462079,-32.8698643843,4,"0",0.185148665048544
19300,"Morera","Medio (4 - 8 mts)",80,"Grande",-68.8355157194,-32.8702781394,4,"0",0.185148665048544
19301,"Morera","Alto (> 8 mts)",160,"Grande",-68.8355295365,-32.8703178322,4,"0",0.185148665048544
19302,"Morera","Alto (> 8 mts)",180,"Grande",-68.8355433452,-32.8703621235,4,"1",0.185148665048544
19303,"Morera","Alto (> 8 mts)",140,"Grande",-68.8355934078,-32.8704162296,4,"0",0.185148665048544
19309,"Morera","Alto (> 8 mts)",110,"Grande",-68.8359781072,-32.87042428,4,"1",0.185148665048544
19311,"Morera","Alto (> 8 mts)",180,"Grande",-68.8360913629,-32.8704267729,4,"0",0.185148665048544
19312,"Perenne","Muy bajo (1 - 2 mts)",200,"Grande",-68.8361594432,-32.8704255194,4,"0",0.0364741641337386
19313,"Morera","Alto (> 8 mts)",210,"Grande",-68.8362060657,-32.8704267148,4,"0",0.185148665048544
19317,"Morera","Alto (> 8 mts)",116,"Grande",-68.8365433301,-32.8704297087,4,"1",0.185148665048544
19320,"Morera","Muy bajo (1 - 2 mts)",2,"Chico",-68.8357905902,-32.8712918245,4,"0",0.185148665048544
19325,"Morera","Alto (> 8 mts)",190,"Grande",-68.8357205649,-32.8710229375,4,"0",0.185148665048544
19327,"Morera","Alto (> 8 mts)",150,"Grande",-68.8356866299,-32.8708835812,4,"0",0.185148665048544
19329,"Morera","Alto (> 8 mts)",123,"Grande",-68.8356590739,-32.8707616359,4,"0",0.185148665048544
19330,"Morera","Alto (> 8 mts)",130,"Grande",-68.8356463319,-32.8707182477,4,"0",0.185148665048544
19333,"Morera","Alto (> 8 mts)",115,"Grande",-68.8356123333,-32.8706135164,4,"0",0.185148665048544
19338,"Fresno europeo","Alto (> 8 mts)",83,"Grande",-68.8359437386,-32.8705202654,4,"0",0.0420032310177706
19339,"Morera","Alto (> 8 mts)",183,"Grande",-68.8361296458,-32.8705261897,4,"0",0.185148665048544
19342,"Morera","Alto (> 8 mts)",160,"Grande",-68.8363991235,-32.870533646,4,"0",0.185148665048544
19347,"Morera","Alto (> 8 mts)",80,"Grande",-68.8369317043,-32.8713179334,4,"0",0.185148665048544
19348,"Paraiso","Medio (4 - 8 mts)",42,"Mediano",-68.8369189635,-32.8712735535,4,"0",0.0859023207481815
19349,"Morera","Alto (> 8 mts)",153,"Grande",-68.8369040846,-32.8712298019,4,"0",0.185148665048544
19351,"Morera","Alto (> 8 mts)",140,"Grande",-68.8368818188,-32.8711354557,4,"0",0.185148665048544
19352,"Morera","Alto (> 8 mts)",80,"Grande",-68.8368701434,-32.8710927903,4,"0",0.185148665048544
19356,"Paraiso sombrilla","Medio (4 - 8 mts)",60,"Mediano",-68.8368037337,-32.870854908,4,"0",0.022887323943662
19361,"Morera","Alto (> 8 mts)",165,"Grande",-68.836735487,-32.8705964069,4,"0",0.185148665048544
19371,"Fresno americano","Bajo (2 - 4 mts)",15,"Chico",-68.8360354666,-32.871466628,4,"0",0.0512455516014235
19375,"Pltano","Alto (> 8 mts)",230,"Grande",-68.8349980518,-32.8734420429,4,"0",0.0903973509933775
19376,"Pltano","Alto (> 8 mts)",225,"Grande",-68.8349714771,-32.8733672575,4,"0",0.0903973509933775
19377,"Pltano","Alto (> 8 mts)",220,"Grande",-68.8349343182,-32.8732379957,4,"0",0.0903973509933775
19379,"Pltano","Alto (> 8 mts)",210,"Grande",-68.8348644087,-32.8729071621,4,"1",0.0903973509933775
19380,"Pltano","Alto (> 8 mts)",230,"Grande",-68.8348269404,-32.8727870377,4,"0",0.0903973509933775
19381,"Acer","Muy bajo (1 - 2 mts)",200,"Grande",-68.8348070608,-32.8727171897,4,"0",0.0204081632653061
19382,"Pltano","Alto (> 8 mts)",200,"Grande",-68.8347900666,-32.8726620738,4,"0",0.0903973509933775
19384,"Pltano","Alto (> 8 mts)",208,"Grande",-68.8347561245,-32.8725270454,4,"0",0.0903973509933775
19386,"Pltano","Alto (> 8 mts)",280,"Grande",-68.8347126019,-32.8723725277,4,"0",0.0903973509933775
19387,"Catalpa","Alto (> 8 mts)",160,"Grande",-68.8346988126,-32.8723178668,4,"1",0.161290322580645
19388,"Catalpa","Alto (> 8 mts)",200,"Grande",-68.8346882077,-32.8722746617,4,"1",0.161290322580645
19390,"Pltano","Alto (> 8 mts)",260,"Grande",-68.8346266938,-32.872026885,4,"0",0.0903973509933775
19391,"Pltano","Alto (> 8 mts)",240,"Grande",-68.834595901,-32.871922338,4,"1",0.0903973509933775
19392,"Fresno europeo","Alto (> 8 mts)",150,"Grande",-68.8345789263,-32.8718569427,4,"0",0.0420032310177706
19394,"Morera","Alto (> 8 mts)",100,"Grande",-68.835196507,-32.8735994698,4,"0",0.185148665048544
19398,"Perenne","Bajo (2 - 4 mts)",100,"Grande",-68.8353995943,-32.8735635792,4,"0",0.0364741641337386
19400,"Morera","Alto (> 8 mts)",140,"Grande",-68.8355898494,-32.8735329014,4,"1",0.185148665048544
19402,"Morera","Alto (> 8 mts)",128,"Grande",-68.8357220331,-32.8735050819,4,"0",0.185148665048544
19404,"Morera","Alto (> 8 mts)",130,"Grande",-68.8360035241,-32.8734495869,4,"0",0.185148665048544
19408,"Acer","Medio (4 - 8 mts)",50,"Mediano",-68.8361222941,-32.8732005685,4,"0",0.0204081632653061
19414,"Paraiso","Alto (> 8 mts)",140,"Grande",-68.8359836194,-32.8726534553,4,"0",0.0859023207481815
19419,"Paraiso","Medio (4 - 8 mts)",60,"Mediano",-68.8358531661,-32.8721245308,4,"0",0.0859023207481815
19421,"Morera","Alto (> 8 mts)",120,"Grande",-68.8357948228,-32.8718939813,4,"1",0.185148665048544
19423,"Fresno europeo","Medio (4 - 8 mts)",72,"Grande",-68.8357481631,-32.8717015887,4,"0",0.0420032310177706
19424,"Morera","Medio (4 - 8 mts)",70,"Grande",-68.8356613215,-32.8716162646,4,"0",0.185148665048544
19425,"Morera","Medio (4 - 8 mts)",60,"Mediano",-68.8356114509,-32.8716209419,4,"1",0.185148665048544
19426,"Fresno europeo","Alto (> 8 mts)",115,"Grande",-68.8355591753,-32.8716266801,4,"0",0.0420032310177706
19434,"Fresno europeo","Alto (> 8 mts)",130,"Grande",-68.8348132421,-32.8716886356,4,"0",0.0420032310177706
19436,"Fresno europeo","Alto (> 8 mts)",180,"Grande",-68.8345980209,-32.8717071182,4,"0",0.0420032310177706
19438,"Caducifolio","Medio (4 - 8 mts)",34,"Mediano",-68.839700242,-32.871887415,4,"0",0.0512249443207127
19444,"Tipa","Alto (> 8 mts)",130,"Grande",-68.8396816996,-32.8715035401,4,"0",0.101123595505618
19445,"Tipa","Alto (> 8 mts)",200,"Grande",-68.8396775209,-32.8714506053,4,"1",0.101123595505618
19447,"Perenne","Medio (4 - 8 mts)",64,"Grande",-68.8396651341,-32.871208755,4,"0",0.0364741641337386
19450,"Perenne","Alto (> 8 mts)",80,"Grande",-68.8396560228,-32.8709280459,4,"0",0.0364741641337386
19454,"Morera","Alto (> 8 mts)",85,"Grande",-68.8382320315,-32.8707527266,4,"0",0.185148665048544
19458,"Morera","Alto (> 8 mts)",150,"Grande",-68.8384746987,-32.870669234,4,"1",0.185148665048544
19459,"Morera","Alto (> 8 mts)",150,"Grande",-68.8385360562,-32.8706732663,4,"1",0.185148665048544
19460,"Morera","Alto (> 8 mts)",75,"Grande",-68.838606,-32.8706767559,4,"1",0.185148665048544
19461,"Olmo comun","Alto (> 8 mts)",170,"Grande",-68.8388775005,-32.8706992777,4,"0",0.0227272727272727
19463,"Fresno europeo","Alto (> 8 mts)",85,"Grande",-68.8390088082,-32.870710433,4,"0",0.0420032310177706
19464,"Fresno europeo","Bajo (2 - 4 mts)",30,"Mediano",-68.8390847591,-32.8707157749,4,"0",0.0420032310177706
19467,"Fresno europeo","Alto (> 8 mts)",123,"Grande",-68.8393048373,-32.8707335507,4,"0",0.0420032310177706
19468,"Morera","Alto (> 8 mts)",140,"Grande",-68.8393915424,-32.8707437944,4,"0",0.185148665048544
19469,"Morera","Alto (> 8 mts)",166,"Grande",-68.8394364123,-32.8707476391,4,"0",0.185148665048544
19476,"Morera","Alto (> 8 mts)",149,"Grande",-68.839548266,-32.871252359,4,"0",0.185148665048544
19477,"Morera","Alto (> 8 mts)",115,"Grande",-68.8395492319,-32.8713093473,4,"0",0.185148665048544
19478,"Morera","Alto (> 8 mts)",158,"Grande",-68.839552665,-32.8713621693,4,"0",0.185148665048544
19482,"Morera","Alto (> 8 mts)",148,"Grande",-68.8395744457,-32.8717274735,4,"0",0.185148665048544
19483,"Morera","Medio (4 - 8 mts)",40,"Mediano",-68.8395753098,-32.8718409979,4,"0",0.185148665048544
19484,"Paraiso sombrilla","Medio (4 - 8 mts)",120,"Grande",-68.8395794641,-32.8719074581,4,"0",0.022887323943662
19486,"Morera","Alto (> 8 mts)",198,"Grande",-68.8393174013,-32.8721087694,4,"0",0.185148665048544
19489,"Morera","Alto (> 8 mts)",163,"Grande",-68.8389752647,-32.8721789033,4,"0",0.185148665048544
19492,"Paraiso sombrilla","Medio (4 - 8 mts)",80,"Grande",-68.8387283464,-32.8722294407,4,"0",0.022887323943662
19493,"Morera","Alto (> 8 mts)",153,"Grande",-68.8386160008,-32.872193339,4,"0",0.185148665048544
19494,"Morera","Alto (> 8 mts)",135,"Grande",-68.8386066441,-32.8721695916,4,"0",0.185148665048544
19496,"Paraiso","Alto (> 8 mts)",185,"Grande",-68.8385790635,-32.872058828,4,"0",0.0859023207481815
19502,"Morera","Alto (> 8 mts)",70,"Grande",-68.8384845992,-32.87170948,4,"0",0.185148665048544
19505,"Morera","Alto (> 8 mts)",147,"Grande",-68.8384007733,-32.8713862947,4,"0",0.185148665048544
19511,"Morera","Alto (> 8 mts)",140,"Grande",-68.8383222592,-32.8710803386,4,"0",0.185148665048544
19519,"Morera","Alto (> 8 mts)",210,"Grande",-68.8372148872,-32.87188664,4,"0",0.185148665048544
19521,"Morera","Alto (> 8 mts)",220,"Grande",-68.837159703,-32.8716796294,4,"0",0.185148665048544
19523,"Morera","Medio (4 - 8 mts)",120,"Grande",-68.8371321116,-32.8715758085,4,"0",0.185148665048544
19524,"Morera","Medio (4 - 8 mts)",160,"Grande",-68.8371225874,-32.8715253012,4,"0",0.185148665048544
19528,"Morera","Alto (> 8 mts)",200,"Grande",-68.8370737697,-32.8713429151,4,"0",0.185148665048544
19529,"Morera","Alto (> 8 mts)",200,"Grande",-68.8370461758,-32.8712405369,4,"0",0.185148665048544
19531,"Morera","Medio (4 - 8 mts)",100,"Grande",-68.837018656,-32.8711415573,4,"0",0.185148665048544
19536,"Morera","Alto (> 8 mts)",210,"Grande",-68.836908255,-32.8707027671,4,"0",0.185148665048544
19544,"Morera","Medio (4 - 8 mts)",80,"Grande",-68.8374544606,-32.8705910368,4,"1",0.185148665048544
19548,"Pltano","Medio (4 - 8 mts)",160,"Grande",-68.8378529605,-32.8706178834,4,"0",0.0903973509933775
19549,"Morera","Medio (4 - 8 mts)",140,"Grande",-68.8380142736,-32.8706342327,4,"1",0.185148665048544
19553,"Morera","Alto (> 8 mts)",200,"Grande",-68.8381345198,-32.8709059787,4,"1",0.185148665048544
19558,"Paraiso","Alto (> 8 mts)",160,"Grande",-68.8382257921,-32.8712466666,4,"0",0.0859023207481815
19559,"Morera","Alto (> 8 mts)",200,"Grande",-68.8382438196,-32.8713221617,4,"0",0.185148665048544
19561,"Morera","Alto (> 8 mts)",220,"Grande",-68.8382862796,-32.8714764965,4,"0",0.185148665048544
19562,"Morera","Alto (> 8 mts)",200,"Grande",-68.8383329798,-32.8716495018,4,"0",0.185148665048544
19570,"Morera","Alto (> 8 mts)",160,"Grande",-68.8384794072,-32.8722157744,4,"0",0.185148665048544
19572,"Morera","Bajo (2 - 4 mts)",52,"Mediano",-68.8383894894,-32.8723053769,4,"0",0.185148665048544
19573,"Morera","Alto (> 8 mts)",140,"Grande",-68.838042115,-32.8723640787,4,"0",0.185148665048544
19576,"Morera","Alto (> 8 mts)",210,"Grande",-68.8377299986,-32.8724242681,4,"0",0.185148665048544
19578,"Morera","Alto (> 8 mts)",176,"Grande",-68.8375472202,-32.872458205,4,"0",0.185148665048544
19581,"Morera","Alto (> 8 mts)",180,"Grande",-68.8361204253,-32.8726342482,4,"1",0.185148665048544
19582,"Morera","Alto (> 8 mts)",170,"Grande",-68.8360949558,-32.8725391763,4,"1",0.185148665048544
19583,"Morera","Alto (> 8 mts)",158,"Grande",-68.8360748152,-32.8724515052,4,"1",0.185148665048544
19587,"Morera","Alto (> 8 mts)",60,"Mediano",-68.8359995078,-32.872148798,4,"0",0.185148665048544
19590,"Morera","Alto (> 8 mts)",160,"Grande",-68.8359422341,-32.8719174384,4,"0",0.185148665048544
19591,"Olmo bola","Alto (> 8 mts)",150,"Grande",-68.8359242284,-32.8718311227,4,"0",0.0231481481481481
19592,"Morera","Alto (> 8 mts)",108,"Grande",-68.835905118,-32.8717644624,4,"1",0.185148665048544
19593,"Fresno americano","Alto (> 8 mts)",127,"Grande",-68.8358767255,-32.8716439057,4,"0",0.0512455516014235
19595,"Morera","Alto (> 8 mts)",200,"Grande",-68.836036828,-32.8715861448,4,"0",0.185148665048544
19597,"Prunas","Bajo (2 - 4 mts)",18,"Chico",-68.8361651551,-32.8715794862,4,"0",0.0321782178217822
19598,"Fresno europeo","Alto (> 8 mts)",131,"Grande",-68.8362260682,-32.8715750575,4,"1",0.0420032310177706
19599,"Fresno europeo","Alto (> 8 mts)",118,"Grande",-68.8362930816,-32.8715675701,4,"0",0.0420032310177706
19600,"Fresno europeo","Alto (> 8 mts)",78,"Grande",-68.8365149973,-32.871544465,4,"0",0.0420032310177706
19601,"Morera","Alto (> 8 mts)",180,"Grande",-68.8365853678,-32.8715347248,4,"1",0.185148665048544
19605,"Morera","Alto (> 8 mts)",77,"Grande",-68.8369131748,-32.8715172738,4,"1",0.185148665048544
19607,"Morera","Alto (> 8 mts)",80,"Grande",-68.8369902714,-32.8715653877,4,"0",0.185148665048544
19608,"Morera","Alto (> 8 mts)",98,"Grande",-68.8370006498,-32.871595204,4,"1",0.185148665048544
19609,"Morera","Alto (> 8 mts)",108,"Grande",-68.8370208403,-32.8716559144,4,"1",0.185148665048544
19610,"Morera","Alto (> 8 mts)",130,"Grande",-68.8370378002,-32.8717304164,4,"0",0.185148665048544
19612,"Morera","Medio (4 - 8 mts)",50,"Mediano",-68.8370915149,-32.8719549523,4,"1",0.185148665048544
19617,"Morera","Alto (> 8 mts)",93,"Grande",-68.8371703645,-32.8722771058,4,"1",0.185148665048544
19618,"Morera","Alto (> 8 mts)",138,"Grande",-68.8371896176,-32.8723387832,4,"1",0.185148665048544
19619,"Morera","Medio (4 - 8 mts)",52,"Mediano",-68.837203373,-32.8723882717,4,"1",0.185148665048544
19620,"Morera","Alto (> 8 mts)",117,"Grande",-68.8372153334,-32.8724207284,4,"1",0.185148665048544
19621,"Morera","Alto (> 8 mts)",56,"Mediano",-68.8372218217,-32.8724521681,4,"1",0.185148665048544
19629,"Fresno europeo","Medio (4 - 8 mts)",77,"Grande",-68.8365296316,-32.8726542602,4,"0",0.0420032310177706
19633,"Acer","Alto (> 8 mts)",150,"Grande",-68.8345973571,-32.869931301,4,"0",0.0204081632653061
19637,"Olmo comun","Medio (4 - 8 mts)",111,"Grande",-68.8342551028,-32.8699965897,4,"0",0.0227272727272727
19642,"Fresno americano","Alto (> 8 mts)",85,"Grande",-68.8341493634,-32.8702587244,4,"0",0.0512455516014235
19643,"Caducifolio","Alto (> 8 mts)",142,"Grande",-68.8341605983,-32.8703105245,4,"0",0.0512249443207127
19645,"Morera","Alto (> 8 mts)",108,"Grande",-68.834281058,-32.8703995209,4,"1",0.185148665048544
19646,"Morera","Alto (> 8 mts)",123,"Grande",-68.8343376943,-32.8704002072,4,"1",0.185148665048544
19647,"Morera","Alto (> 8 mts)",104,"Grande",-68.8344288745,-32.8704005876,4,"1",0.185148665048544
19650,"Morera","Alto (> 8 mts)",150,"Grande",-68.8346748548,-32.8703992304,4,"1",0.185148665048544
19653,"Morera","Alto (> 8 mts)",110,"Grande",-68.8351000255,-32.8704048663,4,"1",0.185148665048544
19654,"Paraiso","Alto (> 8 mts)",158,"Grande",-68.8352019815,-32.87040519,4,"0",0.0859023207481815
19655,"Morera","Alto (> 8 mts)",100,"Grande",-68.8352779564,-32.8704064984,4,"1",0.185148665048544
19656,"Morera","Alto (> 8 mts)",97,"Grande",-68.8353324501,-32.8704062094,4,"1",0.185148665048544
19657,"Morera","Alto (> 8 mts)",112,"Grande",-68.835394493,-32.8703681494,4,"1",0.185148665048544
19662,"Fresno europeo","Medio (4 - 8 mts)",13,"Chico",-68.8352989086,-32.8699967059,4,"0",0.0420032310177706
19663,"Morera","Alto (> 8 mts)",87,"Grande",-68.8352697546,-32.8698714483,4,"0",0.185148665048544
19666,"Morera","Alto (> 8 mts)",70,"Grande",-68.8354795405,-32.8706020706,4,"0",0.185148665048544
19667,"Morera","Alto (> 8 mts)",170,"Grande",-68.835494642,-32.8706405928,4,"0",0.185148665048544
19669,"Morera","Alto (> 8 mts)",80,"Grande",-68.8355180699,-32.8707412527,4,"0",0.185148665048544
19670,"Morera","Alto (> 8 mts)",108,"Grande",-68.8355272165,-32.8707752595,4,"1",0.185148665048544
19672,"Fresno europeo","Alto (> 8 mts)",140,"Grande",-68.8355596408,-32.870911457,4,"0",0.0420032310177706
19674,"Morera","Alto (> 8 mts)",150,"Grande",-68.8355814684,-32.8710108524,4,"1",0.185148665048544
19676,"Paraiso","Alto (> 8 mts)",153,"Grande",-68.8356062867,-32.8711108829,4,"1",0.0859023207481815
19677,"Morera","Alto (> 8 mts)",120,"Grande",-68.8356126673,-32.8711371919,4,"1",0.185148665048544
19679,"Morera","Alto (> 8 mts)",178,"Grande",-68.8356415982,-32.8712570425,4,"1",0.185148665048544
19680,"Morera","Alto (> 8 mts)",150,"Grande",-68.8356569196,-32.8713056198,4,"1",0.185148665048544
19684,"Morera","Alto (> 8 mts)",122,"Grande",-68.8356228554,-32.8714979902,4,"0",0.185148665048544
19687,"Paraiso","Alto (> 8 mts)",110,"Grande",-68.8354015993,-32.8715139352,4,"0",0.0859023207481815
19693,"Jacarand","Alto (> 8 mts)",90,"Grande",-68.8350674899,-32.8715406541,4,"0",0.103064066852368
19694,"Fresno europeo","Medio (4 - 8 mts)",89,"Grande",-68.8349815188,-32.8715482024,4,"0",0.0420032310177706
19695,"Jacarand","Medio (4 - 8 mts)",38,"Mediano",-68.8349231109,-32.8715546131,4,"0",0.103064066852368
19696,"Morera","Alto (> 8 mts)",120,"Grande",-68.8348655168,-32.8715566452,4,"1",0.185148665048544
19697,"Morera","Alto (> 8 mts)",120,"Grande",-68.8348114825,-32.8715606099,4,"1",0.185148665048544
19698,"Fresno europeo","Medio (4 - 8 mts)",85,"Grande",-68.8347566518,-32.8715630577,4,"0",0.0420032310177706
19700,"Morera","Alto (> 8 mts)",108,"Grande",-68.8345734544,-32.8715761408,4,"1",0.185148665048544
19702,"Morera","Alto (> 8 mts)",140,"Grande",-68.834468741,-32.8714661831,4,"1",0.185148665048544
19703,"Fresno americano","Alto (> 8 mts)",160,"Grande",-68.8344437803,-32.8713858993,4,"0",0.0512455516014235
19705,"Pltano","Alto (> 8 mts)",250,"Grande",-68.8344018857,-32.8712183993,4,"0",0.0903973509933775
19707,"Morera","Medio (4 - 8 mts)",92,"Grande",-68.8343545517,-32.8710456622,4,"1",0.185148665048544
19708,"Pltano","Alto (> 8 mts)",190,"Grande",-68.8343394088,-32.8709762189,4,"1",0.0903973509933775
19711,"Pltano","Alto (> 8 mts)",280,"Grande",-68.8342817015,-32.8707439914,4,"1",0.0903973509933775
19712,"Pltano","Alto (> 8 mts)",280,"Grande",-68.8342574209,-32.8706458216,4,"1",0.0903973509933775
19713,"Morera","Alto (> 8 mts)",76,"Grande",-68.8342303449,-32.8705489906,4,"1",0.185148665048544
19715,"Pltano","Alto (> 8 mts)",185,"Grande",-68.8349520906,-32.8705085915,4,"0",0.0903973509933775
19716,"Pltano","Alto (> 8 mts)",190,"Grande",-68.8350280633,-32.8705065547,4,"0",0.0903973509933775
19717,"Pltano","Alto (> 8 mts)",74,"Grande",-68.8351491169,-32.8705061814,4,"0",0.0903973509933775
19723,"Fresno americano","Medio (4 - 8 mts)",160,"Grande",-68.8337598011,-32.8687676444,4,"0",0.0512455516014235
19736,"Morera","Alto (> 8 mts)",160,"Grande",-68.834496023,-32.8681689036,4,"1",0.185148665048544
19737,"Pltano","Alto (> 8 mts)",105,"Grande",-68.8346135868,-32.8681513859,4,"0",0.0903973509933775
19740,"Morera","Alto (> 8 mts)",150,"Grande",-68.8348468611,-32.8681938032,4,"0",0.185148665048544
19743,"Morera","Medio (4 - 8 mts)",86,"Grande",-68.8349192767,-32.8684387088,4,"0",0.185148665048544
19745,"Morera","Medio (4 - 8 mts)",87,"Grande",-68.8349548684,-32.8686054791,4,"1",0.185148665048544
19746,"Morera","Alto (> 8 mts)",170,"Grande",-68.8349897926,-32.8687449885,4,"0",0.185148665048544
19749,"Morera","Medio (4 - 8 mts)",97,"Grande",-68.8348641405,-32.8689932746,4,"1",0.185148665048544
19751,"Morera","Alto (> 8 mts)",165,"Grande",-68.8346481415,-32.8690152323,4,"0",0.185148665048544
19754,"Morera","Muy bajo (1 - 2 mts)",4,"Chico",-68.8344028467,-32.8690505176,4,"0",0.185148665048544
19756,"Morera","Alto (> 8 mts)",120,"Grande",-68.8342169941,-32.8690761419,4,"1",0.185148665048544
19757,"Morera","Alto (> 8 mts)",150,"Grande",-68.8341683274,-32.8690857634,4,"1",0.185148665048544
19759,"Morera","Alto (> 8 mts)",180,"Grande",-68.8340074974,-32.8690987149,4,"1",0.185148665048544
19760,"Morera","Medio (4 - 8 mts)",145,"Grande",-68.833927881,-32.8691067244,4,"0",0.185148665048544
19762,"Morera","Alto (> 8 mts)",168,"Grande",-68.8352110475,-32.8695613415,4,"0",0.185148665048544
19765,"Morera","Alto (> 8 mts)",200,"Grande",-68.8351589415,-32.8693588434,4,"0",0.185148665048544
19766,"Morera","Alto (> 8 mts)",160,"Grande",-68.835133425,-32.8692901908,4,"0",0.185148665048544
19767,"Morera","Alto (> 8 mts)",180,"Grande",-68.835116344,-32.8692245249,4,"0",0.185148665048544
19771,"Paraiso","Bajo (2 - 4 mts)",30,"Mediano",-68.8348551665,-32.8691147977,4,"0",0.0859023207481815
19772,"Morera","Alto (> 8 mts)",160,"Grande",-68.8347762583,-32.869124668,4,"0",0.185148665048544
19774,"Morera","Alto (> 8 mts)",160,"Grande",-68.8346425246,-32.8691395009,4,"1",0.185148665048544
19777,"Morera","Alto (> 8 mts)",180,"Grande",-68.834193601,-32.8692018008,4,"1",0.185148665048544
19781,"Fresno americano","Alto (> 8 mts)",220,"Grande",-68.8339013585,-32.8692916204,4,"0",0.0512455516014235
19782,"Fresno americano","Alto (> 8 mts)",90,"Grande",-68.8339097388,-32.8693299545,4,"0",0.0512455516014235
19786,"Fresno americano","Alto (> 8 mts)",160,"Grande",-68.8340113755,-32.8697125935,4,"0",0.0512455516014235
19787,"Fresno americano","Alto (> 8 mts)",140,"Grande",-68.8340314753,-32.8697828919,4,"0",0.0512455516014235
19790,"Olmo comun","Alto (> 8 mts)",140,"Grande",-68.8343196561,-32.8698555086,4,"0",0.0227272727272727
19792,"Fresno americano","Bajo (2 - 4 mts)",34,"Mediano",-68.8344357708,-32.8698312778,4,"0",0.0512455516014235
19799,"Morera","Alto (> 8 mts)",168,"Grande",-68.8352207462,-32.8643651672,4,"0",0.185148665048544
19801,"Morera","Alto (> 8 mts)",195,"Grande",-68.8351888332,-32.8642319367,4,"1",0.185148665048544
19803,"Fresno europeo","Medio (4 - 8 mts)",118,"Grande",-68.8351440783,-32.8640522601,4,"0",0.0420032310177706
19805,"Morera","Alto (> 8 mts)",195,"Grande",-68.8351126842,-32.8639002831,4,"1",0.185148665048544
19807,"Fresno europeo","Alto (> 8 mts)",97,"Grande",-68.8350690613,-32.8637712832,4,"1",0.0420032310177706
19808,"Morera","Alto (> 8 mts)",138,"Grande",-68.8350189789,-32.8637571507,4,"0",0.185148665048544
19809,"Morera","Alto (> 8 mts)",195,"Grande",-68.8348999248,-32.8637454781,4,"1",0.185148665048544
19812,"Morera","Alto (> 8 mts)",116,"Grande",-68.8345679365,-32.8637289587,4,"0",0.185148665048544
19815,"Morera","Alto (> 8 mts)",120,"Grande",-68.8342519303,-32.8637183558,4,"1",0.185148665048544
19816,"Morera","Alto (> 8 mts)",107,"Grande",-68.8341306797,-32.8637107111,4,"1",0.185148665048544
19817,"Fresno europeo","Alto (> 8 mts)",210,"Grande",-68.8340176582,-32.8637018147,4,"0",0.0420032310177706
19822,"Morera","Alto (> 8 mts)",210,"Grande",-68.8339786999,-32.8640824587,4,"1",0.185148665048544
19827,"Morera","Alto (> 8 mts)",180,"Grande",-68.8340843795,-32.864486258,4,"1",0.185148665048544
19831,"Caducifolio","Muy bajo (1 - 2 mts)",4,"Chico",-68.8343433396,-32.8646671485,4,"0",0.0512249443207127
19833,"Fresno europeo","Alto (> 8 mts)",175,"Grande",-68.8345966471,-32.8646912262,4,"0",0.0420032310177706
19834,"Morera","Alto (> 8 mts)",110,"Grande",-68.8347326049,-32.864700036,4,"0",0.185148665048544
19835,"Morera","Alto (> 8 mts)",105,"Grande",-68.8348208538,-32.8647015952,4,"0",0.185148665048544
19838,"Fresno europeo","Medio (4 - 8 mts)",40,"Mediano",-68.8351802429,-32.8647149598,4,"0",0.0420032310177706
19839,"Jacarand","Muy bajo (1 - 2 mts)",6,"Chico",-68.8352495023,-32.8647173242,4,"1",0.103064066852368
19840,"Jacarand","Alto (> 8 mts)",69,"Grande",-68.8349073748,-32.863620907,4,"0",0.103064066852368
19842,"Morera","Alto (> 8 mts)",162,"Grande",-68.8346800053,-32.8636081057,4,"0",0.185148665048544
19844,"Pltano","Alto (> 8 mts)",175,"Grande",-68.8344809757,-32.8636003981,4,"0",0.0903973509933775
19846,"Pltano","Alto (> 8 mts)",170,"Grande",-68.8343859639,-32.8635964068,4,"0",0.0903973509933775
19849,"Fresno europeo","Medio (4 - 8 mts)",45,"Mediano",-68.8340928267,-32.8635903224,4,"0",0.0420032310177706
19852,"Morera","Alto (> 8 mts)",165,"Grande",-68.8338342908,-32.8634302512,4,"1",0.185148665048544
19854,"Morera","Alto (> 8 mts)",157,"Grande",-68.8337917355,-32.8632759147,4,"1",0.185148665048544
19857,"Morera","Alto (> 8 mts)",155,"Grande",-68.8337335598,-32.8630186739,4,"0",0.185148665048544
19864,"Morera","Muy bajo (1 - 2 mts)",2,"Chico",-68.8336516742,-32.8623564502,4,"0",0.185148665048544
19866,"Paraiso","Alto (> 8 mts)",160,"Grande",-68.8337847928,-32.8623583403,4,"0",0.0859023207481815
19870,"Morera","Alto (> 8 mts)",96,"Grande",-68.8341507579,-32.8623739916,4,"1",0.185148665048544
19871,"Paraiso","Alto (> 8 mts)",150,"Grande",-68.8342753925,-32.8629354341,4,"0",0.0859023207481815
19872,"Morera","Alto (> 8 mts)",174,"Grande",-68.8343247811,-32.8624029511,4,"0",0.185148665048544
19873,"Morera","Alto (> 8 mts)",167,"Grande",-68.8344161199,-32.8624095823,4,"0",0.185148665048544
19874,"Morera","Alto (> 8 mts)",90,"Grande",-68.8345010536,-32.8624116784,4,"1",0.185148665048544
19875,"Morera","Alto (> 8 mts)",170,"Grande",-68.8345796761,-32.8624179139,4,"1",0.185148665048544
19876,"Morera","Alto (> 8 mts)",148,"Grande",-68.8346744213,-32.8624243816,4,"0",0.185148665048544
19878,"Fresno europeo","Alto (> 8 mts)",120,"Grande",-68.8348010654,-32.8625064995,4,"0",0.0420032310177706
19881,"Morera","Alto (> 8 mts)",185,"Grande",-68.8348443348,-32.862703467,4,"0",0.185148665048544
19882,"Morera","Alto (> 8 mts)",158,"Grande",-68.8348567594,-32.8627610278,4,"0",0.185148665048544
19888,"Morera","Medio (4 - 8 mts)",80,"Grande",-68.8349358859,-32.8631067385,4,"0",0.185148665048544
19894,"Tilo","Medio (4 - 8 mts)",48,"Mediano",-68.835042694,-32.8635553979,4,"0",0
19895,"Perenne","Bajo (2 - 4 mts)",26,"Mediano",-68.8349721697,-32.8636209366,4,"0",0.0364741641337386
19898,"Paraiso","Alto (> 8 mts)",205,"Grande",-68.8329073144,-32.8623008949,4,"0",0.0859023207481815
19902,"Morera","Alto (> 8 mts)",180,"Grande",-68.8333342921,-32.8623358298,4,"0",0.185148665048544
19903,"Morera","Alto (> 8 mts)",198,"Grande",-68.8333865283,-32.8623403177,4,"0",0.185148665048544
19906,"Morera","Alto (> 8 mts)",177,"Grande",-68.8334735199,-32.8624989516,4,"0",0.185148665048544
19908,"Acacia SP","Alto (> 8 mts)",165,"Grande",-68.8335174405,-32.862665463,4,"1",0.150492264416315
19909,"Morera","Alto (> 8 mts)",146,"Grande",-68.8335431237,-32.8627575602,4,"1",0.185148665048544
19911,"Morera","Medio (4 - 8 mts)",85,"Grande",-68.8335827592,-32.8629303778,4,"0",0.185148665048544
19912,"Morera","Medio (4 - 8 mts)",102,"Grande",-68.8335982099,-32.8630096573,4,"0",0.185148665048544
19913,"Morera","Alto (> 8 mts)",105,"Grande",-68.8336105603,-32.8630899246,4,"0",0.185148665048544
19918,"Morera","Alto (> 8 mts)",125,"Grande",-68.8337017041,-32.8634859802,4,"1",0.185148665048544
19921,"Fresno europeo","Medio (4 - 8 mts)",48,"Mediano",-68.8335824648,-32.8635605712,4,"0",0.0420032310177706
19925,"Morera","Alto (> 8 mts)",180,"Grande",-68.8331215873,-32.8635339209,4,"1",0.185148665048544
19928,"Morera","Alto (> 8 mts)",181,"Grande",-68.8326807892,-32.8635121207,4,"0",0.185148665048544
19929,"Fresno europeo","Alto (> 8 mts)",115,"Grande",-68.8325940267,-32.8634024487,4,"0",0.0420032310177706
19931,"Morera","Alto (> 8 mts)",180,"Grande",-68.8326791445,-32.8625672321,4,"0",0.185148665048544
19934,"Fresno europeo","Alto (> 8 mts)",152,"Grande",-68.8326914268,-32.8624130234,4,"0",0.0420032310177706
19936,"Morera","Alto (> 8 mts)",158,"Grande",-68.832643094,-32.8636382102,4,"1",0.185148665048544
19938,"Morera","Medio (4 - 8 mts)",82,"Grande",-68.8328218047,-32.8636475364,4,"1",0.185148665048544
19939,"Paraiso","Medio (4 - 8 mts)",47,"Mediano",-68.8328740169,-32.8636492364,4,"0",0.0859023207481815
19940,"Morera","Alto (> 8 mts)",185,"Grande",-68.8329820926,-32.8636546899,4,"1",0.185148665048544
19942,"Morera","Alto (> 8 mts)",190,"Grande",-68.8330994134,-32.8636623441,4,"0",0.185148665048544
19944,"Morera","Alto (> 8 mts)",150,"Grande",-68.8333212285,-32.8636755088,4,"0",0.185148665048544
19946,"Morera","Alto (> 8 mts)",165,"Grande",-68.8335059473,-32.8636875507,4,"0",0.185148665048544
19948,"Morera","Medio (4 - 8 mts)",122,"Grande",-68.8336100845,-32.8636926531,4,"1",0.185148665048544
19949,"Morera","Alto (> 8 mts)",165,"Grande",-68.8337602021,-32.8637423197,4,"0",0.185148665048544
19956,"Morera","Alto (> 8 mts)",104,"Grande",-68.8338838204,-32.8643138881,4,"1",0.185148665048544
19957,"Morera","Alto (> 8 mts)",133,"Grande",-68.8339138486,-32.864409449,4,"1",0.185148665048544
19958,"Morera","Medio (4 - 8 mts)",73,"Grande",-68.8339202688,-32.8644380818,4,"1",0.185148665048544
19959,"Morera","Medio (4 - 8 mts)",73,"Grande",-68.8339383998,-32.8645126761,4,"0",0.185148665048544
19960,"Morera","Medio (4 - 8 mts)",38,"Mediano",-68.833957373,-32.8645888611,4,"0",0.185148665048544
19961,"Morera","Alto (> 8 mts)",144,"Grande",-68.8338697761,-32.8646536326,4,"1",0.185148665048544
19963,"Morera","Medio (4 - 8 mts)",115,"Grande",-68.8337230143,-32.8646467146,4,"1",0.185148665048544
19964,"Morera","Medio (4 - 8 mts)",42,"Mediano",-68.8336665396,-32.8646381194,4,"1",0.185148665048544
19966,"Morera","Alto (> 8 mts)",103,"Grande",-68.8335144072,-32.8646321462,4,"1",0.185148665048544
19967,"Morera","Alto (> 8 mts)",165,"Grande",-68.8333582272,-32.8646241233,4,"1",0.185148665048544
19969,"Morera","Medio (4 - 8 mts)",111,"Grande",-68.833219019,-32.8646156124,4,"1",0.185148665048544
19970,"Prunas","Bajo (2 - 4 mts)",35,"Mediano",-68.8331229833,-32.8646072789,4,"0",0.0321782178217822
19972,"Paraiso","Alto (> 8 mts)",93,"Grande",-68.8329368222,-32.8645993372,4,"1",0.0859023207481815
19973,"Morera","Alto (> 8 mts)",170,"Grande",-68.8328887927,-32.8645997104,4,"1",0.185148665048544
19974,"Morera","Alto (> 8 mts)",180,"Grande",-68.8328399115,-32.8645955929,4,"0",0.185148665048544
19979,"Morera","Alto (> 8 mts)",170,"Grande",-68.8325498574,-32.8640768665,4,"0",0.185148665048544
19983,"Fresno europeo","Alto (> 8 mts)",128,"Grande",-68.8325619411,-32.8637613706,4,"0",0.0420032310177706
19993,"Morera","Alto (> 8 mts)",158,"Grande",-68.8346117915,-32.8672190313,4,"1",0.185148665048544
19996,"Morera","Medio (4 - 8 mts)",122,"Grande",-68.8345568904,-32.8669794686,4,"1",0.185148665048544
19997,"Morera","Alto (> 8 mts)",210,"Grande",-68.8345369578,-32.8668963962,4,"1",0.185148665048544
19999,"Morera","Alto (> 8 mts)",133,"Grande",-68.8344817224,-32.8667219354,4,"1",0.185148665048544
20000,"Morera","Alto (> 8 mts)",90,"Grande",-68.8344561407,-32.8666315517,4,"1",0.185148665048544
20004,"Morera","Medio (4 - 8 mts)",74,"Grande",-68.8341410252,-32.8665250202,4,"0",0.185148665048544
20008,"Morera","Medio (4 - 8 mts)",60,"Mediano",-68.8336023319,-32.8666249971,4,"1",0.185148665048544
20012,"Fresno americano","Alto (> 8 mts)",122,"Grande",-68.833237027,-32.8668176528,4,"0",0.0512455516014235
20015,"Fresno americano","Medio (4 - 8 mts)",160,"Grande",-68.8333213909,-32.8671196652,4,"0",0.0512455516014235
20017,"Fresno americano","Medio (4 - 8 mts)",100,"Grande",-68.8333622283,-32.8672876196,4,"1",0.0512455516014235
20021,"Fresno americano","Medio (4 - 8 mts)",128,"Grande",-68.8335269931,-32.8678781289,4,"0",0.0512455516014235
20022,"Fresno americano","Alto (> 8 mts)",170,"Grande",-68.8335453128,-32.867925081,4,"0",0.0512455516014235
20025,"Morera","Alto (> 8 mts)",170,"Grande",-68.8336925214,-32.868191237,4,"1",0.185148665048544
20028,"Morera","Alto (> 8 mts)",100,"Grande",-68.8339854466,-32.8681403287,4,"1",0.185148665048544
20029,"Pltano","Alto (> 8 mts)",185,"Grande",-68.8340449936,-32.8681275495,4,"0",0.0903973509933775
20032,"Morera","Alto (> 8 mts)",135,"Grande",-68.8343595003,-32.868076632,4,"1",0.185148665048544
20033,"Morera","Alto (> 8 mts)",135,"Grande",-68.8344285461,-32.8680648661,4,"1",0.185148665048544
20036,"Morera","Medio (4 - 8 mts)",54,"Mediano",-68.8346836067,-32.868017126,4,"0",0.185148665048544
20039,"Morera","Alto (> 8 mts)",180,"Grande",-68.8328168176,-32.8647339271,4,"0",0.185148665048544
20041,"Paraiso","Medio (4 - 8 mts)",125,"Grande",-68.8329587776,-32.8647422176,4,"1",0.0859023207481815
20042,"Pltano","Alto (> 8 mts)",250,"Grande",-68.8330562665,-32.8647465018,4,"0",0.0903973509933775
20044,"Fresno europeo","Medio (4 - 8 mts)",85,"Grande",-68.8332700568,-32.8647508022,4,"1",0.0420032310177706
20048,"Tipa","Alto (> 8 mts)",280,"Grande",-68.8335884072,-32.8647689416,4,"0",0.101123595505618
20053,"Morera","Alto (> 8 mts)",160,"Grande",-68.8340034676,-32.8648614785,4,"0",0.185148665048544
20055,"Morera","Alto (> 8 mts)",115,"Grande",-68.834039534,-32.8650016877,4,"0",0.185148665048544
20056,"Acacia SP","Bajo (2 - 4 mts)",41,"Mediano",-68.8340542558,-32.8650683208,4,"0",0.150492264416315
20057,"Acacia SP","Bajo (2 - 4 mts)",25,"Mediano",-68.8340650065,-32.8650986329,4,"0",0.150492264416315
20058,"Morera","Alto (> 8 mts)",150,"Grande",-68.8340743219,-32.8651435091,4,"1",0.185148665048544
20060,"Paraiso","Alto (> 8 mts)",250,"Grande",-68.8341156809,-32.8653224954,4,"0",0.0859023207481815
20061,"Paraiso","Medio (4 - 8 mts)",73,"Grande",-68.8341299278,-32.8653774031,4,"1",0.0859023207481815
20063,"Morera","Medio (4 - 8 mts)",57,"Mediano",-68.8341648593,-32.8655351838,4,"0",0.185148665048544
20064,"Morera","Alto (> 8 mts)",107,"Grande",-68.8341769937,-32.8655826985,4,"1",0.185148665048544
20066,"Morera","Alto (> 8 mts)",122,"Grande",-68.8341280652,-32.8657035852,4,"0",0.185148665048544
20067,"Morera","Alto (> 8 mts)",108,"Grande",-68.8340617926,-32.8657050789,4,"1",0.185148665048544
20068,"Morera","Alto (> 8 mts)",145,"Grande",-68.833866521,-32.8656843512,4,"0",0.185148665048544
20071,"Olmo comun","Medio (4 - 8 mts)",91,"Grande",-68.8335249114,-32.8656372164,4,"0",0.0227272727272727
20073,"Paraiso","Bajo (2 - 4 mts)",46,"Mediano",-68.8333702381,-32.8656184293,4,"0",0.0859023207481815
20074,"Olmo comun","Medio (4 - 8 mts)",168,"Grande",-68.8332204772,-32.8655981165,4,"1",0.0227272727272727
20076,"Olmo comun","Medio (4 - 8 mts)",118,"Grande",-68.8330021556,-32.8655705787,4,"0",0.0227272727272727
20077,"Paraiso","Medio (4 - 8 mts)",180,"Grande",-68.8329176975,-32.8655161064,4,"0",0.0859023207481815
20080,"Morera","Alto (> 8 mts)",180,"Grande",-68.8328232383,-32.8652046331,4,"1",0.185148665048544
20081,"Morera","Alto (> 8 mts)",250,"Grande",-68.832799027,-32.8651161147,4,"0",0.185148665048544
20082,"Olmo comun","Alto (> 8 mts)",160,"Grande",-68.8327619781,-32.8650239435,4,"1",0.0227272727272727
20085,"Fresno europeo","Alto (> 8 mts)",150,"Grande",-68.8326800196,-32.8647749625,4,"0",0.0420032310177706
20086,"Morera","Alto (> 8 mts)",180,"Grande",-68.8343227249,-32.8660964898,4,"0",0.185148665048544
20090,"Morera","Alto (> 8 mts)",185,"Grande",-68.8342619007,-32.8658827977,4,"1",0.185148665048544
20091,"Paraiso","Alto (> 8 mts)",113,"Grande",-68.8341837323,-32.86584684,4,"1",0.0859023207481815
20094,"Fresno europeo","Muy bajo (1 - 2 mts)",5,"Chico",-68.8338693036,-32.8658119421,4,"0",0.0420032310177706
20103,"Morera","Alto (> 8 mts)",180,"Grande",-68.8329895714,-32.8657211432,4,"1",0.185148665048544
20107,"Morera","Alto (> 8 mts)",190,"Grande",-68.8330758809,-32.8661197507,4,"0",0.185148665048544
20111,"Fresno europeo","Alto (> 8 mts)",195,"Grande",-68.8331841301,-32.8665163387,4,"0",0.0420032310177706
20113,"Morera","Medio (4 - 8 mts)",87,"Grande",-68.8333861013,-32.8665457217,4,"1",0.185148665048544
20115,"Morera","Alto (> 8 mts)",97,"Grande",-68.833634631,-32.8664962492,4,"1",0.185148665048544
20116,"Pltano","Alto (> 8 mts)",280,"Grande",-68.8337023393,-32.8664826352,4,"1",0.0903973509933775
20117,"Fresno americano","Medio (4 - 8 mts)",30,"Mediano",-68.8338710806,-32.8664479125,4,"0",0.0512455516014235
20120,"Morera","Alto (> 8 mts)",118,"Grande",-68.8341900041,-32.8663922655,4,"1",0.185148665048544
20122,"Morera","Alto (> 8 mts)",145,"Grande",-68.8343618959,-32.8662908569,4,"1",0.185148665048544
20127,"Morera","Alto (> 8 mts)",135,"Grande",-68.8619400813,-32.8914666231,5,"0",0.185148665048544
20128,"Morera","Alto (> 8 mts)",150,"Grande",-68.8618346369,-32.8914643922,5,"1",0.185148665048544
20129,"Jacarand","Alto (> 8 mts)",30,"Mediano",-68.861747006,-32.891460355,5,"0",0.103064066852368
20130,"Jacarand","Alto (> 8 mts)",40,"Mediano",-68.8616376786,-32.8914569438,5,"0",0.103064066852368
20133,"Pltano","Alto (> 8 mts)",180,"Grande",-68.8605041414,-32.891336525,5,"0",0.0903973509933775
20141,"Pltano","Alto (> 8 mts)",150,"Grande",-68.8613650335,-32.8911875311,5,"0",0.0903973509933775
20144,"Morera","Medio (4 - 8 mts)",128,"Grande",-68.8615804473,-32.8911476444,5,"1",0.185148665048544
20145,"Fresno europeo","Medio (4 - 8 mts)",68,"Grande",-68.8616495098,-32.8911336544,5,"1",0.0420032310177706
20147,"Pltano","Muy bajo (1 - 2 mts)",10,"Chico",-68.8618415692,-32.8910998802,5,"0",0.0903973509933775
20148,"lamo criollo","Alto (> 8 mts)",185,"Grande",-68.8619033046,-32.8910898612,5,"0",0.0128205128205128
20150,"Morera","Medio (4 - 8 mts)",48,"Mediano",-68.8620502685,-32.8912152494,5,"0",0.185148665048544
20151,"lamo criollo","Alto (> 8 mts)",220,"Grande",-68.8620684029,-32.8913063403,5,"0",0.0128205128205128
20155,"Fresno americano","Medio (4 - 8 mts)",75,"Grande",-68.8590163252,-32.8917519791,5,"0",0.0512455516014235
20160,"Morera","Alto (> 8 mts)",168,"Grande",-68.8590070154,-32.8921642219,5,"1",0.185148665048544
20162,"Fresno europeo","Alto (> 8 mts)",132,"Grande",-68.8590093083,-32.8923359967,5,"0",0.0420032310177706
20164,"Fresno europeo","Alto (> 8 mts)",115,"Grande",-68.8590717872,-32.8924707393,5,"0",0.0420032310177706
20165,"Fresno europeo","Medio (4 - 8 mts)",86,"Grande",-68.859153206,-32.8924742647,5,"0",0.0420032310177706
20167,"Fresno europeo","Alto (> 8 mts)",123,"Grande",-68.8593190264,-32.8924794395,5,"0",0.0420032310177706
20168,"Fresno europeo","Medio (4 - 8 mts)",90,"Grande",-68.8594051222,-32.8924848987,5,"0",0.0420032310177706
20169,"Fresno europeo","Medio (4 - 8 mts)",70,"Grande",-68.8595155971,-32.8924927242,5,"0",0.0420032310177706
20171,"Fresno europeo","Medio (4 - 8 mts)",64,"Grande",-68.8596437868,-32.8924983838,5,"1",0.0420032310177706
20174,"Fresno europeo","Medio (4 - 8 mts)",96,"Grande",-68.8599246331,-32.8925126316,5,"0",0.0420032310177706
20175,"Fresno europeo","Medio (4 - 8 mts)",57,"Mediano",-68.8600036673,-32.8925149906,5,"0",0.0420032310177706
20177,"Fresno europeo","Alto (> 8 mts)",120,"Grande",-68.8602516503,-32.8925279187,5,"1",0.0420032310177706
20179,"Morera","Alto (> 8 mts)",132,"Grande",-68.8603431636,-32.8923639473,5,"0",0.185148665048544
20182,"Fresno europeo","Alto (> 8 mts)",74,"Grande",-68.8603468456,-32.8920219011,5,"0",0.0420032310177706
20183,"Morera","Alto (> 8 mts)",135,"Grande",-68.8603458404,-32.8918492305,5,"0",0.185148665048544
20185,"Morera","Alto (> 8 mts)",123,"Grande",-68.8603452677,-32.8915446583,5,"1",0.185148665048544
20186,"Morera","Alto (> 8 mts)",90,"Grande",-68.8602910674,-32.8914178831,5,"1",0.185148665048544
20189,"Morera","Alto (> 8 mts)",114,"Grande",-68.8600852781,-32.8914546882,5,"1",0.185148665048544
20192,"Pltano","Medio (4 - 8 mts)",115,"Grande",-68.8596581638,-32.8915249581,5,"0",0.0903973509933775
20195,"Pltano","Alto (> 8 mts)",160,"Grande",-68.8593477325,-32.8915728507,5,"0",0.0903973509933775
20196,"Pltano","Alto (> 8 mts)",180,"Grande",-68.8592717475,-32.8915872031,5,"0",0.0903973509933775
20199,"Morera","Alto (> 8 mts)",140,"Grande",-68.8591482795,-32.8948141813,5,"0",0.185148665048544
20206,"Fresno europeo","Medio (4 - 8 mts)",80,"Grande",-68.8599896477,-32.8946658963,5,"0",0.0420032310177706
20207,"Fresno europeo","Medio (4 - 8 mts)",85,"Grande",-68.8600691916,-32.8946491237,5,"0",0.0420032310177706
20208,"Morera","Medio (4 - 8 mts)",50,"Mediano",-68.8602197119,-32.8946265694,5,"0",0.185148665048544
20209,"Fresno europeo","Alto (> 8 mts)",90,"Grande",-68.8603096235,-32.8946094476,5,"0",0.0420032310177706
20211,"Morera","Alto (> 8 mts)",140,"Grande",-68.8605610369,-32.8945186574,5,"0",0.185148665048544
20212,"Morera","Alto (> 8 mts)",140,"Grande",-68.8605536322,-32.8944695971,5,"1",0.185148665048544
20215,"Olmo bola","Medio (4 - 8 mts)",72,"Grande",-68.8605321663,-32.8943225975,5,"0",0.0231481481481481
20219,"Morera","Alto (> 8 mts)",160,"Grande",-68.8604759229,-32.8939298041,5,"1",0.185148665048544
20220,"Morera","Medio (4 - 8 mts)",110,"Grande",-68.8604712812,-32.8938909802,5,"1",0.185148665048544
20222,"Morera","Alto (> 8 mts)",125,"Grande",-68.8604601669,-32.8938221688,5,"1",0.185148665048544
20224,"Morera","Alto (> 8 mts)",74,"Grande",-68.860442032,-32.8937321597,5,"1",0.185148665048544
20231,"Morera","Alto (> 8 mts)",122,"Grande",-68.8601371261,-32.893654454,5,"1",0.185148665048544
20236,"Morera","Bajo (2 - 4 mts)",51,"Mediano",-68.8595637892,-32.8937521859,5,"1",0.185148665048544
20238,"Fresno europeo","Medio (4 - 8 mts)",80,"Grande",-68.8594675754,-32.8937674968,5,"0",0.0420032310177706
20259,"Fresno europeo","Alto (> 8 mts)",140,"Grande",-68.859671115,-32.8925865097,5,"0",0.0420032310177706
20262,"Morera","Alto (> 8 mts)",132,"Grande",-68.8594252156,-32.8925724376,5,"0",0.185148665048544
20263,"Acer","Medio (4 - 8 mts)",62,"Grande",-68.8590056562,-32.8927523937,5,"0",0.0204081632653061
20264,"Olmo comun","Alto (> 8 mts)",90,"Grande",-68.8590015002,-32.8928121712,5,"0",0.0227272727272727
20266,"Olmo comun","Bajo (2 - 4 mts)",60,"Mediano",-68.8590055274,-32.8929686192,5,"0",0.0227272727272727
20268,"Morera","Alto (> 8 mts)",150,"Grande",-68.8590057214,-32.8930485994,5,"1",0.185148665048544
20269,"Morera","Medio (4 - 8 mts)",100,"Grande",-68.8590086224,-32.8931064065,5,"1",0.185148665048544
20276,"Fresno americano","Medio (4 - 8 mts)",85,"Grande",-68.8590231103,-32.893676106,5,"0",0.0512455516014235
20277,"Pltano","Alto (> 8 mts)",160,"Grande",-68.8591966819,-32.8936952082,5,"0",0.0903973509933775
20279,"Morera","Alto (> 8 mts)",110,"Grande",-68.8593301731,-32.8936732959,5,"0",0.185148665048544
20280,"Morera","Alto (> 8 mts)",110,"Grande",-68.8593977405,-32.8936600268,5,"0",0.185148665048544
20281,"Fresno americano","Bajo (2 - 4 mts)",31,"Mediano",-68.8594933192,-32.8936407479,5,"0",0.0512455516014235
20283,"Morera","Bajo (2 - 4 mts)",32,"Mediano",-68.8596534242,-32.8936138562,5,"0",0.185148665048544
20286,"Caducifolio","Alto (> 8 mts)",230,"Grande",-68.8600335233,-32.8935506418,5,"0",0.0512249443207127
20287,"Morera","Alto (> 8 mts)",100,"Grande",-68.8600836491,-32.8935422048,5,"1",0.185148665048544
20288,"Morera","Alto (> 8 mts)",150,"Grande",-68.8601999682,-32.8935194509,5,"0",0.185148665048544
20290,"Acer","Medio (4 - 8 mts)",54,"Mediano",-68.8603809174,-32.8934473374,5,"0",0.0204081632653061
20293,"Acacia SP","Alto (> 8 mts)",94,"Grande",-68.860358996,-32.8932503835,5,"0",0.150492264416315
20294,"Acacia SP","Bajo (2 - 4 mts)",30,"Mediano",-68.8603551,-32.8932131393,5,"0",0.150492264416315
20295,"Acacia SP","Alto (> 8 mts)",140,"Grande",-68.8603484423,-32.8931649816,5,"0",0.150492264416315
20297,"Morera","Alto (> 8 mts)",170,"Grande",-68.8603064024,-32.8928482606,5,"0",0.185148665048544
20302,"Fresno europeo","Alto (> 8 mts)",115,"Grande",-68.8604465775,-32.8925371533,5,"0",0.0420032310177706
20306,"Morera","Alto (> 8 mts)",97,"Grande",-68.8608207448,-32.8925528368,5,"0",0.185148665048544
20307,"Morera","Medio (4 - 8 mts)",103,"Grande",-68.8609346465,-32.8925563953,5,"1",0.185148665048544
20308,"Morera","Alto (> 8 mts)",76,"Grande",-68.860991764,-32.8925572027,5,"0",0.185148665048544
20313,"Jacarand","Medio (4 - 8 mts)",53,"Mediano",-68.8613227682,-32.8925696863,5,"0",0.103064066852368
20315,"Jacarand","Medio (4 - 8 mts)",38,"Mediano",-68.861505156,-32.8925801641,5,"0",0.103064066852368
20317,"Paraiso","Alto (> 8 mts)",165,"Grande",-68.8618701311,-32.8925952374,5,"1",0.0859023207481815
20319,"Morera","Alto (> 8 mts)",140,"Grande",-68.8620427743,-32.8926028543,5,"1",0.185148665048544
20321,"Olmo comun","Alto (> 8 mts)",115,"Grande",-68.8622131197,-32.8926125099,5,"0",0.0227272727272727
20327,"lamo criollo","Alto (> 8 mts)",200,"Grande",-68.8622453756,-32.892211473,5,"0",0.0128205128205128
20328,"lamo criollo","Alto (> 8 mts)",107,"Grande",-68.8622331999,-32.8921371602,5,"0",0.0128205128205128
20329,"lamo criollo","Alto (> 8 mts)",260,"Grande",-68.8622133517,-32.8920483217,5,"0",0.0128205128205128
20332,"lamo criollo","Alto (> 8 mts)",80,"Grande",-68.8621426409,-32.8916770174,5,"0",0.0128205128205128
20333,"lamo criollo","Alto (> 8 mts)",280,"Grande",-68.8621143283,-32.8915330762,5,"0",0.0128205128205128
20334,"Morera","Alto (> 8 mts)",150,"Grande",-68.8617033025,-32.8915238759,5,"1",0.185148665048544
20335,"Morera","Alto (> 8 mts)",138,"Grande",-68.8615440252,-32.8915216934,5,"1",0.185148665048544
20341,"Jacarand","Medio (4 - 8 mts)",23,"Mediano",-68.8604329017,-32.8915501014,5,"0",0.103064066852368
20343,"Morera","Alto (> 8 mts)",160,"Grande",-68.8604273895,-32.8918238939,5,"1",0.185148665048544
20345,"Morera","Alto (> 8 mts)",115,"Grande",-68.8604176401,-32.892043535,5,"1",0.185148665048544
20346,"Morera","Alto (> 8 mts)",87,"Grande",-68.8604202448,-32.8920863683,5,"0",0.185148665048544
20347,"Pltano","Alto (> 8 mts)",107,"Grande",-68.8604192853,-32.8921441296,5,"1",0.0903973509933775
20348,"Fresno europeo","Muy bajo (1 - 2 mts)",3,"Chico",-68.8604158139,-32.8921857298,5,"0",0.0420032310177706
20351,"Pltano","Alto (> 8 mts)",150,"Grande",-68.860413248,-32.8923907715,5,"1",0.0903973509933775
20353,"Morera","Alto (> 8 mts)",130,"Grande",-68.8605749869,-32.8936642304,5,"1",0.185148665048544
20354,"Fresno europeo","Medio (4 - 8 mts)",20,"Chico",-68.8605805805,-32.8937095015,5,"0",0.0420032310177706
20356,"Morera","Alto (> 8 mts)",108,"Grande",-68.8605982667,-32.8938131255,5,"1",0.185148665048544
20366,"Morera","Medio (4 - 8 mts)",30,"Mediano",-68.8606813851,-32.8944032001,5,"0",0.185148665048544
20370,"Pltano","Alto (> 8 mts)",127,"Grande",-68.8608997287,-32.8944995662,5,"0",0.0903973509933775
20371,"Pltano","Alto (> 8 mts)",148,"Grande",-68.8611315471,-32.8944540098,5,"0",0.0903973509933775
20374,"Fresno europeo","Medio (4 - 8 mts)",83,"Grande",-68.8614796369,-32.8943934416,5,"0",0.0420032310177706
20375,"Prunas","Muy bajo (1 - 2 mts)",16,"Chico",-68.8615003384,-32.8940711099,5,"0",0.0321782178217822
20383,"Acacia SP","Muy bajo (1 - 2 mts)",8,"Chico",-68.8620239123,-32.89429098,5,"0",0.150492264416315
20385,"Morera","Alto (> 8 mts)",148,"Grande",-68.8621871558,-32.8942646503,5,"0",0.185148665048544
20390,"Morera","Alto (> 8 mts)",116,"Grande",-68.8626084633,-32.8940605201,5,"0",0.185148665048544
20394,"Morera","Alto (> 8 mts)",160,"Grande",-68.8625305706,-32.8936315902,5,"1",0.185148665048544
20396,"Prunas","Medio (4 - 8 mts)",20,"Chico",-68.8624622964,-32.8933418017,5,"0",0.0321782178217822
20397,"lamo criollo","Alto (> 8 mts)",210,"Grande",-68.8624476322,-32.8932758457,5,"0",0.0128205128205128
20404,"Morera","Alto (> 8 mts)",170,"Grande",-68.8618525926,-32.8933501014,5,"1",0.185148665048544
20408,"Morera","Alto (> 8 mts)",82,"Grande",-68.8615398496,-32.8934056415,5,"0",0.185148665048544
20410,"Fresno europeo","Medio (4 - 8 mts)",66,"Grande",-68.8613100989,-32.893447788,5,"0",0.0420032310177706
20411,"Pltano","Alto (> 8 mts)",170,"Grande",-68.8612551458,-32.8934595996,5,"0",0.0903973509933775
20414,"Morera","Alto (> 8 mts)",123,"Grande",-68.8608856319,-32.8935296184,5,"1",0.185148665048544
20415,"Morera","Alto (> 8 mts)",123,"Grande",-68.8608179546,-32.8935389207,5,"1",0.185148665048544
20416,"Morera","Alto (> 8 mts)",123,"Grande",-68.8606756901,-32.893563015,5,"1",0.185148665048544
20417,"Pltano","Alto (> 8 mts)",131,"Grande",-68.8606298524,-32.8935720485,5,"0",0.0903973509933775
20421,"Morera","Alto (> 8 mts)",97,"Grande",-68.8610124569,-32.8933767965,5,"0",0.185148665048544
20423,"Acacia SP","Medio (4 - 8 mts)",74,"Grande",-68.8612613363,-32.8933319089,5,"0",0.150492264416315
20424,"Pltano","Alto (> 8 mts)",180,"Grande",-68.8613492919,-32.8933153108,5,"0",0.0903973509933775
20426,"Morera","Alto (> 8 mts)",145,"Grande",-68.8615561435,-32.8932809267,5,"1",0.185148665048544
20429,"Acacia SP","Medio (4 - 8 mts)",65,"Grande",-68.8618027377,-32.893238609,5,"0",0.150492264416315
20432,"Pltano","Alto (> 8 mts)",178,"Grande",-68.8620427132,-32.8931939129,5,"1",0.0903973509933775
20434,"Fresno europeo","Alto (> 8 mts)",102,"Grande",-68.8622653902,-32.893159804,5,"0",0.0420032310177706
20435,"lamo criollo","Alto (> 8 mts)",175,"Grande",-68.8624090984,-32.893053485,5,"0",0.0128205128205128
20440,"Morera","Alto (> 8 mts)",195,"Grande",-68.8621878799,-32.8926925522,5,"1",0.185148665048544
20444,"Morera","Alto (> 8 mts)",120,"Grande",-68.8617573075,-32.89267233,5,"0",0.185148665048544
20451,"Fresno europeo","Alto (> 8 mts)",101,"Grande",-68.861104815,-32.8926532593,5,"0",0.0420032310177706
20452,"Pltano","Alto (> 8 mts)",200,"Grande",-68.8610433034,-32.8926499007,5,"0",0.0903973509933775
20456,"Morera","Medio (4 - 8 mts)",104,"Grande",-68.860704961,-32.8926325914,5,"0",0.185148665048544
20457,"Fresno europeo","Medio (4 - 8 mts)",67,"Grande",-68.8605697415,-32.8926270991,5,"0",0.0420032310177706
20459,"Fresno europeo","Muy bajo (1 - 2 mts)",15,"Chico",-68.8604093518,-32.892673965,5,"0",0.0420032310177706
20460,"Fresno americano","Alto (> 8 mts)",121,"Grande",-68.8604066962,-32.8927521621,5,"1",0.0512455516014235
20461,"Morera","Alto (> 8 mts)",128,"Grande",-68.8604084667,-32.8927817396,5,"1",0.185148665048544
20462,"Fresno americano","Alto (> 8 mts)",100,"Grande",-68.8604092551,-32.8928569803,5,"1",0.0512455516014235
20463,"Fresno americano","Alto (> 8 mts)",78,"Grande",-68.8604098984,-32.8928911164,5,"1",0.0512455516014235
20464,"Fresno europeo","Medio (4 - 8 mts)",40,"Mediano",-68.8604107038,-32.8930774067,5,"0",0.0420032310177706
20466,"Morera","Alto (> 8 mts)",160,"Grande",-68.8606614706,-32.8969556938,5,"0",0.185148665048544
20467,"Olmo comun","Alto (> 8 mts)",155,"Grande",-68.8606141783,-32.8969567186,5,"0",0.0227272727272727
20468,"Olmo comun","Medio (4 - 8 mts)",115,"Grande",-68.860545358,-32.8969536564,5,"0",0.0227272727272727
20477,"Fresno europeo","Medio (4 - 8 mts)",50,"Mediano",-68.8594751232,-32.8971100738,5,"0",0.0420032310177706
20478,"Morera","Bajo (2 - 4 mts)",44,"Mediano",-68.8594861009,-32.89719746,5,"0",0.185148665048544
20479,"Fresno europeo","Medio (4 - 8 mts)",96,"Grande",-68.8594931322,-32.8972797021,5,"0",0.0420032310177706
20481,"Morera","Alto (> 8 mts)",115,"Grande",-68.8595085659,-32.8974557294,5,"0",0.185148665048544
20482,"Fresno europeo","Alto (> 8 mts)",112,"Grande",-68.8595266943,-32.897617423,5,"0",0.0420032310177706
20484,"Fresno europeo","Medio (4 - 8 mts)",90,"Grande",-68.8595379747,-32.8977839779,5,"0",0.0420032310177706
20485,"Morera","Alto (> 8 mts)",150,"Grande",-68.8595452573,-32.8978424156,5,"0",0.185148665048544
20487,"Morera","Medio (4 - 8 mts)",85,"Grande",-68.8595603978,-32.8980012204,5,"0",0.185148665048544
20488,"Morera","Alto (> 8 mts)",145,"Grande",-68.8596844229,-32.8980427472,5,"0",0.185148665048544
20491,"Morera","Alto (> 8 mts)",150,"Grande",-68.8599471484,-32.8980374513,5,"0",0.185148665048544
20492,"Fresno europeo","Alto (> 8 mts)",85,"Grande",-68.8600057157,-32.8980402219,5,"0",0.0420032310177706
20493,"Fresno europeo","Medio (4 - 8 mts)",50,"Mediano",-68.8600679686,-32.8980379851,5,"0",0.0420032310177706
20498,"Morera","Alto (> 8 mts)",110,"Grande",-68.8606006332,-32.898034214,5,"1",0.185148665048544
20500,"Fresno europeo","Bajo (2 - 4 mts)",40,"Mediano",-68.8608469001,-32.8980280863,5,"0",0.0420032310177706
20503,"Morera","Alto (> 8 mts)",75,"Grande",-68.8608908668,-32.8977911006,5,"1",0.185148665048544
20504,"Paraiso","Medio (4 - 8 mts)",120,"Grande",-68.8608837177,-32.8977225443,5,"1",0.0859023207481815
20510,"Morera","Alto (> 8 mts)",180,"Grande",-68.8608211022,-32.8971646888,5,"0",0.185148665048544
20514,"Fresno europeo","Bajo (2 - 4 mts)",22,"Mediano",-68.8583035178,-32.8980991687,5,"0",0.0420032310177706
20518,"Fresno europeo","Alto (> 8 mts)",140,"Grande",-68.858740914,-32.898078564,5,"0",0.0420032310177706
20520,"Morera","Alto (> 8 mts)",140,"Grande",-68.859023522,-32.8980719399,5,"0",0.185148665048544
20521,"Fresno europeo","Medio (4 - 8 mts)",50,"Mediano",-68.8591126938,-32.8980667439,5,"0",0.0420032310177706
20523,"Paraiso","Medio (4 - 8 mts)",77,"Grande",-68.8592726898,-32.898060431,5,"0",0.0859023207481815
20524,"Morera","Alto (> 8 mts)",96,"Grande",-68.8593729092,-32.8980584987,5,"0",0.185148665048544
20526,"Paraiso sombrilla","Muy bajo (1 - 2 mts)",18,"Chico",-68.8594270308,-32.8979654312,5,"0",0.022887323943662
20527,"Fresno europeo","Medio (4 - 8 mts)",57,"Mediano",-68.8594256754,-32.8979424888,5,"0",0.0420032310177706
20528,"Morera","Alto (> 8 mts)",150,"Grande",-68.8594201005,-32.8979086394,5,"1",0.185148665048544
20529,"Morera","Alto (> 8 mts)",130,"Grande",-68.8594141422,-32.8978237836,5,"0",0.185148665048544
20530,"Morera","Alto (> 8 mts)",140,"Grande",-68.8594112574,-32.8977629334,5,"0",0.185148665048544
20532,"Morera","Alto (> 8 mts)",150,"Grande",-68.8593979399,-32.8976607397,5,"0",0.185148665048544
20536,"Fresno europeo","Alto (> 8 mts)",70,"Grande",-68.8593567066,-32.8972403252,5,"0",0.0420032310177706
20537,"Morera","Alto (> 8 mts)",130,"Grande",-68.8593529365,-32.8971911788,5,"1",0.185148665048544
20540,"Pltano","Alto (> 8 mts)",200,"Grande",-68.8592815991,-32.8969704376,5,"1",0.0903973509933775
20547,"Morera","Alto (> 8 mts)",82,"Grande",-68.8587058417,-32.8969757765,5,"0",0.185148665048544
20550,"Fresno europeo","Medio (4 - 8 mts)",65,"Grande",-68.8584795149,-32.8969807305,5,"0",0.0420032310177706
20551,"Fresno europeo","Medio (4 - 8 mts)",70,"Grande",-68.858417201,-32.8969821027,5,"0",0.0420032310177706
20552,"Fresno europeo","Medio (4 - 8 mts)",70,"Grande",-68.8583696708,-32.8969815277,5,"0",0.0420032310177706
20555,"Fresno europeo","Medio (4 - 8 mts)",90,"Grande",-68.8581831621,-32.8970297173,5,"0",0.0420032310177706
20557,"Acer","Medio (4 - 8 mts)",110,"Grande",-68.8581970562,-32.8971641751,5,"0",0.0204081632653061
20558,"Fresno europeo","Medio (4 - 8 mts)",70,"Grande",-68.8581979757,-32.8972578618,5,"0",0.0420032310177706
20561,"Morera","Bajo (2 - 4 mts)",16,"Chico",-68.8582214283,-32.897497648,5,"0",0.185148665048544
20565,"Prunas","Bajo (2 - 4 mts)",32,"Mediano",-68.858238582,-32.8977330231,5,"0",0.0321782178217822
20569,"Fresno europeo","Medio (4 - 8 mts)",83,"Grande",-68.8582622532,-32.8980369954,5,"0",0.0420032310177706
20571,"Paraiso","Medio (4 - 8 mts)",120,"Grande",-68.8623856092,-32.8980095914,5,"1",0.0859023207481815
20573,"Morera","Alto (> 8 mts)",150,"Grande",-68.8625303265,-32.8980106522,5,"0",0.185148665048544
20575,"Caducifolio","Alto (> 8 mts)",140,"Grande",-68.8627055157,-32.8980048936,5,"0",0.0512249443207127
20576,"lamo blanco","Alto (> 8 mts)",180,"Grande",-68.8628268799,-32.8979631685,5,"0",0.046875
20578,"lamo blanco","Alto (> 8 mts)",130,"Grande",-68.8628282466,-32.8979086177,5,"0",0.046875
20579,"Aguaribay","Bajo (2 - 4 mts)",65,"Grande",-68.8628294028,-32.8978380544,5,"1",0.106529209621993
20580,"Tipa","Bajo (2 - 4 mts)",45,"Mediano",-68.8628274509,-32.8978083686,5,"0",0.101123595505618
20583,"Jacarand","Medio (4 - 8 mts)",80,"Grande",-68.862795254,-32.897671637,5,"0",0.103064066852368
20584,"Paraiso sombrilla","Medio (4 - 8 mts)",67,"Grande",-68.8627725854,-32.8975891155,5,"0",0.022887323943662
20590,"Morera","Bajo (2 - 4 mts)",35,"Mediano",-68.8626716863,-32.8972783642,5,"0",0.185148665048544
20594,"Braquiquito","Bajo (2 - 4 mts)",60,"Mediano",-68.8622704914,-32.8969411883,5,"0",0
20595,"Tipa","Alto (> 8 mts)",210,"Grande",-68.862225561,-32.8969416789,5,"0",0.101123595505618
20596,"Paraiso","Alto (> 8 mts)",140,"Grande",-68.8621663467,-32.8969437858,5,"1",0.0859023207481815
20597,"Acacia SP","Alto (> 8 mts)",160,"Grande",-68.862112255,-32.8969908125,5,"1",0.150492264416315
20604,"Fresno europeo","Alto (> 8 mts)",130,"Grande",-68.8621691445,-32.8974063924,5,"0",0.0420032310177706
20606,"Acacia SP","Alto (> 8 mts)",115,"Grande",-68.8621962103,-32.8975974905,5,"0",0.150492264416315
20610,"Acacia SP","Alto (> 8 mts)",155,"Grande",-68.8622284217,-32.8978478353,5,"1",0.150492264416315
20611,"Jacarand","Muy bajo (1 - 2 mts)",8,"Chico",-68.8622389088,-32.897908711,5,"0",0.103064066852368
20613,"Fresno europeo","Alto (> 8 mts)",83,"Grande",-68.8605788728,-32.8957664707,5,"1",0.0420032310177706
20615,"Pltano","Alto (> 8 mts)",135,"Grande",-68.8604037587,-32.8957760993,5,"0",0.0903973509933775
20618,"Fresno europeo","Alto (> 8 mts)",69,"Grande",-68.8601289954,-32.8957876116,5,"1",0.0420032310177706
20623,"Morera","Alto (> 8 mts)",90,"Grande",-68.8596867974,-32.8958160488,5,"0",0.185148665048544
20625,"Fresno europeo","Medio (4 - 8 mts)",56,"Mediano",-68.8595513398,-32.895827011,5,"0",0.0420032310177706
20626,"Aguaribay","Bajo (2 - 4 mts)",47,"Mediano",-68.8595058265,-32.8958294251,5,"0",0.106529209621993
20633,"Fresno europeo","Medio (4 - 8 mts)",73,"Grande",-68.8593019256,-32.8960598601,5,"0",0.0420032310177706
20634,"Morera","Alto (> 8 mts)",128,"Grande",-68.8593139165,-32.8961146062,5,"1",0.185148665048544
20636,"Fresno europeo","Bajo (2 - 4 mts)",74,"Grande",-68.859342426,-32.8962672603,5,"1",0.0420032310177706
20639,"Fresno europeo","Medio (4 - 8 mts)",90,"Grande",-68.8594210078,-32.8966576347,5,"0",0.0420032310177706
20642,"Morera","Alto (> 8 mts)",180,"Grande",-68.8595792176,-32.8968442821,5,"1",0.185148665048544
20643,"Morera","Alto (> 8 mts)",185,"Grande",-68.8597183746,-32.8968456105,5,"0",0.185148665048544
20644,"Acer","Alto (> 8 mts)",130,"Grande",-68.8598397892,-32.8968470992,5,"0",0.0204081632653061
20647,"Fresno europeo","Medio (4 - 8 mts)",78,"Grande",-68.8601204677,-32.8968415525,5,"1",0.0420032310177706
20648,"Fresno europeo","Medio (4 - 8 mts)",47,"Mediano",-68.8602897731,-32.8968378645,5,"0",0.0420032310177706
20654,"Morera","Alto (> 8 mts)",125,"Grande",-68.8607803597,-32.8966996415,5,"1",0.185148665048544
20655,"Fresno europeo","Medio (4 - 8 mts)",25,"Mediano",-68.8607732963,-32.8966372366,5,"0",0.0420032310177706
20656,"Paraiso","Alto (> 8 mts)",150,"Grande",-68.8607713421,-32.8965882726,5,"0",0.0859023207481815
20657,"Fresno europeo","Medio (4 - 8 mts)",71,"Grande",-68.8607652142,-32.8965428206,5,"0",0.0420032310177706
20663,"Morera","Alto (> 8 mts)",114,"Grande",-68.8607171884,-32.8961303219,5,"1",0.185148665048544
20672,"Fresno europeo","Medio (4 - 8 mts)",80,"Grande",-68.861506266,-32.8969489328,5,"0",0.0420032310177706
20679,"Fresno europeo","Alto (> 8 mts)",120,"Grande",-68.8609684356,-32.8971322115,5,"0",0.0420032310177706
20681,"Fresno europeo","Medio (4 - 8 mts)",90,"Grande",-68.8609848188,-32.8973180681,5,"0",0.0420032310177706
20684,"Morera","Alto (> 8 mts)",160,"Grande",-68.8610072434,-32.8975364826,5,"1",0.185148665048544
20687,"Morera","Bajo (2 - 4 mts)",65,"Grande",-68.8610506928,-32.8979118145,5,"1",0.185148665048544
20689,"Morera","Alto (> 8 mts)",130,"Grande",-68.8611118628,-32.8980212576,5,"0",0.185148665048544
20691,"Morera","Alto (> 8 mts)",144,"Grande",-68.8613209352,-32.8980208666,5,"1",0.185148665048544
20693,"Paraiso","Alto (> 8 mts)",115,"Grande",-68.8614777696,-32.8980220332,5,"1",0.0859023207481815
20694,"Morera","Alto (> 8 mts)",140,"Grande",-68.8615431979,-32.8980232544,5,"0",0.185148665048544
20695,"Paraiso","Alto (> 8 mts)",155,"Grande",-68.8616538715,-32.8980225798,5,"0",0.0859023207481815
20696,"Paraiso","Medio (4 - 8 mts)",97,"Grande",-68.8617265539,-32.8980211273,5,"0",0.0859023207481815
20697,"Paraiso","Medio (4 - 8 mts)",111,"Grande",-68.8618145232,-32.8980178883,5,"0",0.0859023207481815
20701,"Acacia SP","Alto (> 8 mts)",120,"Grande",-68.8620992465,-32.8979564368,5,"0",0.150492264416315
20703,"Acacia SP","Alto (> 8 mts)",140,"Grande",-68.8620840211,-32.8978495697,5,"0",0.150492264416315
20711,"Acacia SP","Alto (> 8 mts)",128,"Grande",-68.8620109316,-32.8972864733,5,"0",0.150492264416315
20712,"Acacia SP","Alto (> 8 mts)",140,"Grande",-68.8620018378,-32.8972232548,5,"0",0.150492264416315
20715,"Acacia SP","Alto (> 8 mts)",136,"Grande",-68.8619792283,-32.8970536218,5,"0",0.150492264416315
20716,"Acacia SP","Alto (> 8 mts)",120,"Grande",-68.861968314,-32.8969926554,5,"0",0.150492264416315
20717,"Fresno europeo","Medio (4 - 8 mts)",55,"Mediano",-68.8619098721,-32.8969460456,5,"1",0.0420032310177706
20718,"Acer","Alto (> 8 mts)",132,"Grande",-68.8618685942,-32.8969462525,5,"0",0.0204081632653061
20721,"Morera","Medio (4 - 8 mts)",107,"Grande",-68.8630629396,-32.8979991738,5,"0",0.185148665048544
20722,"Aguaribay","Alto (> 8 mts)",220,"Grande",-68.8631137614,-32.8979983007,5,"0",0.106529209621993
20727,"Morera","Medio (4 - 8 mts)",140,"Grande",-68.8633427249,-32.8977422077,5,"0",0.185148665048544
20728,"Morera","Medio (4 - 8 mts)",97,"Grande",-68.8633269059,-32.8976729406,5,"0",0.185148665048544
20729,"Morera","Medio (4 - 8 mts)",138,"Grande",-68.8633242846,-32.8976398457,5,"0",0.185148665048544
20731,"Morera","Medio (4 - 8 mts)",65,"Grande",-68.8632806495,-32.89744891,5,"0",0.185148665048544
20733,"Morera","Medio (4 - 8 mts)",68,"Grande",-68.8632333411,-32.897214058,5,"0",0.185148665048544
20735,"Morera","Medio (4 - 8 mts)",112,"Grande",-68.8631891236,-32.8969849802,5,"0",0.185148665048544
20739,"Fresno europeo","Bajo (2 - 4 mts)",20,"Chico",-68.8609794338,-32.8968304215,5,"0",0.0420032310177706
20744,"Fresno europeo","Medio (4 - 8 mts)",53,"Mediano",-68.8615255472,-32.8968281483,5,"0",0.0420032310177706
20746,"Pltano","Alto (> 8 mts)",170,"Grande",-68.8616359588,-32.8968259262,5,"0",0.0903973509933775
20748,"Fresno europeo","Bajo (2 - 4 mts)",15,"Chico",-68.8618450185,-32.8968257065,5,"0",0.0420032310177706
20758,"Fresno europeo","Medio (4 - 8 mts)",63,"Grande",-68.861855095,-32.8961868696,5,"0",0.0420032310177706
20759,"Fresno europeo","Bajo (2 - 4 mts)",71,"Grande",-68.8618443018,-32.8961168865,5,"0",0.0420032310177706
20765,"Morera","Alto (> 8 mts)",100,"Grande",-68.8617896954,-32.8957666995,5,"0",0.185148665048544
20767,"Morera","Alto (> 8 mts)",135,"Grande",-68.8616386437,-32.8957073004,5,"0",0.185148665048544
20768,"Fresno europeo","Medio (4 - 8 mts)",67,"Grande",-68.8615521848,-32.8957132866,5,"0",0.0420032310177706
20769,"Fresno europeo","Alto (> 8 mts)",66,"Grande",-68.8614853025,-32.8957182133,5,"1",0.0420032310177706
20771,"Morera","Alto (> 8 mts)",118,"Grande",-68.8613459279,-32.8957286438,5,"1",0.185148665048544
20772,"Paraiso","Medio (4 - 8 mts)",62,"Grande",-68.861208452,-32.8957325417,5,"0",0.0859023207481815
20776,"Acer","Medio (4 - 8 mts)",58,"Mediano",-68.8609450083,-32.8957476436,5,"0",0.0204081632653061
20779,"Morera","Alto (> 8 mts)",128,"Grande",-68.8608456729,-32.8959713607,5,"0",0.185148665048544
20784,"Paraiso","Alto (> 8 mts)",107,"Grande",-68.8608839315,-32.8963550403,5,"1",0.0859023207481815
20786,"Morera","Alto (> 8 mts)",90,"Grande",-68.8609094433,-32.8965811226,5,"0",0.185148665048544
20788,"Morera","Alto (> 8 mts)",150,"Grande",-68.8609283714,-32.8967797861,5,"0",0.185148665048544
20793,"Morera","Bajo (2 - 4 mts)",18,"Chico",-68.8628836788,-32.8967959939,5,"0",0.185148665048544
20799,"Olmo comun","Medio (4 - 8 mts)",115,"Grande",-68.8630258523,-32.8964270191,5,"0",0.0227272727272727
20803,"Olmo comun","Alto (> 8 mts)",115,"Grande",-68.8629772833,-32.8961537409,5,"0",0.0227272727272727
20806,"Olmo comun","Alto (> 8 mts)",108,"Grande",-68.8629367796,-32.8959346352,5,"0",0.0227272727272727
20809,"Morera","Alto (> 8 mts)",128,"Grande",-68.8628058469,-32.8956326496,5,"1",0.185148665048544
20810,"Morera","Alto (> 8 mts)",135,"Grande",-68.8626747783,-32.8956415903,5,"1",0.185148665048544
20811,"Morera","Alto (> 8 mts)",140,"Grande",-68.8625977886,-32.8956444191,5,"1",0.185148665048544
20812,"Morera","Alto (> 8 mts)",180,"Grande",-68.8625023357,-32.8956504457,5,"1",0.185148665048544
20813,"Morera","Alto (> 8 mts)",165,"Grande",-68.8623184846,-32.8956621457,5,"1",0.185148665048544
20814,"Morera","Alto (> 8 mts)",135,"Grande",-68.8622261335,-32.8956667328,5,"1",0.185148665048544
20815,"Morera","Alto (> 8 mts)",120,"Grande",-68.862084744,-32.8956787732,5,"0",0.185148665048544
20816,"Morera","Alto (> 8 mts)",98,"Grande",-68.8620044627,-32.895682735,5,"1",0.185148665048544
20820,"Morera","Alto (> 8 mts)",160,"Grande",-68.8619617963,-32.8959576874,5,"1",0.185148665048544
20821,"Fresno europeo","Medio (4 - 8 mts)",35,"Mediano",-68.861970729,-32.8960558013,5,"0",0.0420032310177706
20825,"Morera","Alto (> 8 mts)",115,"Grande",-68.8620034047,-32.8962817109,5,"1",0.185148665048544
20826,"Morera","Alto (> 8 mts)",120,"Grande",-68.8620160514,-32.8963281619,5,"0",0.185148665048544
20835,"Morera","Alto (> 8 mts)",116,"Grande",-68.8602463572,-32.8947419255,5,"0",0.185148665048544
20836,"Morera","Alto (> 8 mts)",110,"Grande",-68.8601574108,-32.8947568843,5,"1",0.185148665048544
20838,"Morera","Alto (> 8 mts)",145,"Grande",-68.859918255,-32.8948003487,5,"0",0.185148665048544
20839,"Fresno europeo","Bajo (2 - 4 mts)",45,"Mediano",-68.8598605954,-32.894809612,5,"1",0.0420032310177706
20840,"Fresno europeo","Medio (4 - 8 mts)",70,"Grande",-68.8598100618,-32.8948206958,5,"0",0.0420032310177706
20841,"Morera","Medio (4 - 8 mts)",24,"Mediano",-68.8597682653,-32.8948250672,5,"0",0.185148665048544
20842,"Paraiso","Alto (> 8 mts)",104,"Grande",-68.8597190877,-32.8948335781,5,"1",0.0859023207481815
20843,"Morera","Medio (4 - 8 mts)",64,"Grande",-68.8596671316,-32.8948419056,5,"0",0.185148665048544
20849,"Acacia SP","Medio (4 - 8 mts)",30,"Mediano",-68.8593728106,-32.8948950452,5,"0",0.150492264416315
20850,"Acacia SP","Medio (4 - 8 mts)",97,"Grande",-68.859337633,-32.8949042029,5,"0",0.150492264416315
20853,"Morera","Medio (4 - 8 mts)",50,"Mediano",-68.8591411009,-32.8949401954,5,"0",0.185148665048544
20859,"Fresno europeo","Alto (> 8 mts)",104,"Grande",-68.8592000233,-32.8954805893,5,"0",0.0420032310177706
20861,"Fresno europeo","Alto (> 8 mts)",86,"Grande",-68.8592258779,-32.8956221839,5,"0",0.0420032310177706
20864,"Morera","Alto (> 8 mts)",113,"Grande",-68.8595226642,-32.8957008664,5,"0",0.185148665048544
20869,"Morera","Alto (> 8 mts)",123,"Grande",-68.8602859109,-32.8956556307,5,"0",0.185148665048544
20872,"Morera","Alto (> 8 mts)",148,"Grande",-68.8605048855,-32.8956354293,5,"1",0.185148665048544
20874,"Fresno europeo","Bajo (2 - 4 mts)",50,"Mediano",-68.8606621687,-32.8955950286,5,"1",0.0420032310177706
20878,"Morera","Alto (> 8 mts)",91,"Grande",-68.8606409035,-32.8953195383,5,"0",0.185148665048544
20880,"Caducifolio","Muy bajo (1 - 2 mts)",4,"Chico",-68.8606239035,-32.8951869708,5,"0",0.0512249443207127
20881,"Fresno europeo","Medio (4 - 8 mts)",66,"Grande",-68.8606211156,-32.8951244805,5,"1",0.0420032310177706
20887,"Morera","Alto (> 8 mts)",125,"Grande",-68.8604983272,-32.8946958662,5,"1",0.185148665048544
20891,"Fresno europeo","Bajo (2 - 4 mts)",23,"Mediano",-68.8611316678,-32.8956097074,5,"0",0.0420032310177706
20898,"Olmo bola","Alto (> 8 mts)",90,"Grande",-68.8617527609,-32.8955307763,5,"1",0.0231481481481481
20900,"Olmo comun","Medio (4 - 8 mts)",73,"Grande",-68.8617381912,-32.8954150732,5,"0",0.0227272727272727
20901,"Acacia SP","Medio (4 - 8 mts)",49,"Mediano",-68.8617306939,-32.895356455,5,"0",0.150492264416315
20902,"Fresno europeo","Bajo (2 - 4 mts)",42,"Mediano",-68.8617233049,-32.8952968451,5,"0",0.0420032310177706
20903,"Fresno europeo","Medio (4 - 8 mts)",53,"Mediano",-68.8617159965,-32.895254187,5,"0",0.0420032310177706
20906,"Fresno europeo","Medio (4 - 8 mts)",90,"Grande",-68.8616875975,-32.8950968105,5,"0",0.0420032310177706
20907,"Paraiso","Medio (4 - 8 mts)",104,"Grande",-68.8616755609,-32.8950018491,5,"0",0.0859023207481815
20908,"Morera","Alto (> 8 mts)",108,"Grande",-68.8616706214,-32.8949479225,5,"0",0.185148665048544
20909,"Acer","Medio (4 - 8 mts)",76,"Grande",-68.8616618616,-32.8948764087,5,"0",0.0204081632653061
20912,"Morera","Alto (> 8 mts)",133,"Grande",-68.8616332018,-32.8946806199,5,"1",0.185148665048544
20913,"Morera","Muy bajo (1 - 2 mts)",15,"Chico",-68.8616278074,-32.8946443659,5,"0",0.185148665048544
20914,"Fresno europeo","Medio (4 - 8 mts)",85,"Grande",-68.861620181,-32.8946000845,5,"0",0.0420032310177706
20916,"Morera","Alto (> 8 mts)",120,"Grande",-68.8615194143,-32.8945153239,5,"0",0.185148665048544
20922,"Fresno europeo","Medio (4 - 8 mts)",100,"Grande",-68.8609403052,-32.8946143885,5,"0",0.0420032310177706
20923,"Fresno europeo","Medio (4 - 8 mts)",95,"Grande",-68.8608493238,-32.8946322309,5,"0",0.0420032310177706
20924,"Morera","Alto (> 8 mts)",140,"Grande",-68.860722869,-32.8947008685,5,"0",0.185148665048544
20931,"Olmo comun","Alto (> 8 mts)",155,"Grande",-68.8607713958,-32.8952558439,5,"0",0.0227272727272727
20933,"Fresno europeo","Bajo (2 - 4 mts)",65,"Grande",-68.8607920392,-32.8954508125,5,"0",0.0420032310177706
20935,"Morera","Alto (> 8 mts)",140,"Grande",-68.8620617163,-32.8955522171,5,"1",0.185148665048544
20943,"Morera","Medio (4 - 8 mts)",85,"Grande",-68.862793595,-32.8948833363,5,"0",0.185148665048544
20944,"Aguaribay","Alto (> 8 mts)",300,"Grande",-68.8627764685,-32.8947830062,5,"1",0.106529209621993
20945,"Aguaribay","Alto (> 8 mts)",200,"Grande",-68.8627509885,-32.8946639081,5,"1",0.106529209621993
20946,"Eucalyptus","Alto (> 8 mts)",180,"Grande",-68.8626967929,-32.8943740468,5,"1",0.0909090909090909
20948,"Fresno europeo","Muy bajo (1 - 2 mts)",8,"Chico",-68.8622759018,-32.8943787218,5,"0",0.0420032310177706
20955,"Fresno europeo","Medio (4 - 8 mts)",72,"Grande",-68.8618414326,-32.8944538043,5,"0",0.0420032310177706
20957,"Fresno europeo","Medio (4 - 8 mts)",83,"Grande",-68.8617450464,-32.8945110453,5,"0",0.0420032310177706
20959,"Perenne","Bajo (2 - 4 mts)",22,"Mediano",-68.8617739576,-32.8946826691,5,"0",0.0364741641337386
20962,"Fresno europeo","Medio (4 - 8 mts)",90,"Grande",-68.8618010448,-32.8948637532,5,"0",0.0420032310177706
20963,"Fresno europeo","Medio (4 - 8 mts)",90,"Grande",-68.8618055446,-32.8949207505,5,"0",0.0420032310177706
20964,"Morera","Alto (> 8 mts)",140,"Grande",-68.861818369,-32.894990285,5,"0",0.185148665048544
20968,"Fresno europeo","Bajo (2 - 4 mts)",45,"Mediano",-68.8618850159,-32.8954328185,5,"0",0.0420032310177706
20969,"Fresno europeo","Alto (> 8 mts)",96,"Grande",-68.8618954502,-32.8955274174,5,"0",0.0420032310177706
20970,"Morera","Alto (> 8 mts)",70,"Grande",-68.862689155,-32.9017040263,5,"0",0.185148665048544
20972,"Morera","Alto (> 8 mts)",70,"Grande",-68.8626971049,-32.9017936071,5,"0",0.185148665048544
20973,"Morera","Alto (> 8 mts)",110,"Grande",-68.862703235,-32.901838518,5,"0",0.185148665048544
20975,"lamo criollo","Alto (> 8 mts)",220,"Grande",-68.8639958871,-32.9005026042,5,"0",0.0128205128205128
20983,"Olmo comun","Alto (> 8 mts)",185,"Grande",-68.8644199544,-32.9009900181,5,"0",0.0227272727272727
20987,"Olmo comun","Alto (> 8 mts)",180,"Grande",-68.8646230884,-32.9012407169,5,"1",0.0227272727272727
20990,"Morera","Muy bajo (1 - 2 mts)",4,"Chico",-68.8637172579,-32.9004643,5,"0",0.185148665048544
20991,"Caducifolio","Medio (4 - 8 mts)",58,"Mediano",-68.8638077932,-32.9004621444,5,"0",0.0512249443207127
20996,"Paraiso","Alto (> 8 mts)",160,"Grande",-68.8629852697,-32.9015176454,5,"1",0.0859023207481815
20998,"Morera","Alto (> 8 mts)",85,"Grande",-68.86273704,-32.9015150756,5,"0",0.185148665048544
20999,"Fresno europeo","Medio (4 - 8 mts)",90,"Grande",-68.862657412,-32.9014718405,5,"0",0.0420032310177706
21000,"Paraiso","Alto (> 8 mts)",160,"Grande",-68.8626492879,-32.9014030326,5,"0",0.0859023207481815
21002,"Fresno europeo","Alto (> 8 mts)",160,"Grande",-68.8626382153,-32.9013055477,5,"0",0.0420032310177706
21003,"Morera","Alto (> 8 mts)",148,"Grande",-68.8626277917,-32.9012031042,5,"0",0.185148665048544
21006,"Fresno europeo","Medio (4 - 8 mts)",70,"Grande",-68.8625997951,-32.9009212953,5,"0",0.0420032310177706
21007,"Fresno europeo","Alto (> 8 mts)",120,"Grande",-68.8625796267,-32.9007614936,5,"0",0.0420032310177706
21011,"Acer","Medio (4 - 8 mts)",30,"Mediano",-68.8625648297,-32.9005529894,5,"0",0.0204081632653061
21012,"Fresno europeo","Medio (4 - 8 mts)",76,"Grande",-68.8625621538,-32.9005090552,5,"0",0.0420032310177706
21017,"Morera","Alto (> 8 mts)",132,"Grande",-68.8630614884,-32.9004703254,5,"1",0.185148665048544
21022,"Aguaribay","Alto (> 8 mts)",185,"Grande",-68.863502833,-32.9006705324,5,"0",0.106529209621993
21025,"Morera","Alto (> 8 mts)",138,"Grande",-68.8638043908,-32.9010390971,5,"0",0.185148665048544
21027,"lamo blanco","Alto (> 8 mts)",300,"Grande",-68.8642015937,-32.9014081546,5,"1",0.046875
21029,"Paraiso","Bajo (2 - 4 mts)",40,"Mediano",-68.864153133,-32.9015050336,5,"0",0.0859023207481815
21033,"Prunas","Medio (4 - 8 mts)",60,"Mediano",-68.8637827659,-32.9015081473,5,"1",0.0321782178217822
21035,"Fresno europeo","Bajo (2 - 4 mts)",14,"Chico",-68.8635762594,-32.9015125235,5,"0",0.0420032310177706
21036,"Morera","Alto (> 8 mts)",120,"Grande",-68.8634998408,-32.9015131921,5,"0",0.185148665048544
21037,"Morera","Alto (> 8 mts)",100,"Grande",-68.863414533,-32.9015135164,5,"0",0.185148665048544
21041,"Morera","Bajo (2 - 4 mts)",25,"Mediano",-68.8635528062,-32.9003534625,5,"0",0.185148665048544
21043,"Ligustro","Medio (4 - 8 mts)",70,"Grande",-68.8638224385,-32.9003434916,5,"0",0.0138888888888889
21044,"lamo criollo","Alto (> 8 mts)",160,"Grande",-68.863891188,-32.9002863244,5,"1",0.0128205128205128
21045,"Ailanthus","Alto (> 8 mts)",160,"Grande",-68.8638470401,-32.9002276367,5,"0",0.0380952380952381
21046,"Fresno europeo","Medio (4 - 8 mts)",50,"Mediano",-68.8638117231,-32.900125003,5,"0",0.0420032310177706
21048,"Prunas","Bajo (2 - 4 mts)",100,"Grande",-68.8637832089,-32.8999619292,5,"0",0.0321782178217822
21049,"Fresno americano","Alto (> 8 mts)",90,"Grande",-68.8637782478,-32.8999210772,5,"0",0.0512455516014235
21052,"Morera","Alto (> 8 mts)",120,"Grande",-68.863743021,-32.8997519719,5,"1",0.185148665048544
21053,"Olmo comun","Alto (> 8 mts)",160,"Grande",-68.8637193645,-32.8996352674,5,"0",0.0227272727272727
21057,"Morera","Alto (> 8 mts)",105,"Grande",-68.8635540994,-32.8993706213,5,"0",0.185148665048544
21058,"Morera","Medio (4 - 8 mts)",125,"Grande",-68.8634896481,-32.8993707313,5,"1",0.185148665048544
21060,"Morera","Alto (> 8 mts)",90,"Grande",-68.8633028201,-32.8993748256,5,"0",0.185148665048544
21063,"Morera","Alto (> 8 mts)",205,"Grande",-68.8630448892,-32.899379893,5,"0",0.185148665048544
21068,"Morera","Medio (4 - 8 mts)",100,"Grande",-68.8630058581,-32.8998778539,5,"1",0.185148665048544
21071,"Prunas","Bajo (2 - 4 mts)",50,"Mediano",-68.8630738107,-32.9001288643,5,"0",0.0321782178217822
21074,"lamo criollo","Alto (> 8 mts)",150,"Grande",-68.8632095224,-32.9003069939,5,"0",0.0128205128205128
21080,"Fresno europeo","Alto (> 8 mts)",140,"Grande",-68.8628397712,-32.9003554776,5,"0",0.0420032310177706
21081,"Morera","Muy bajo (1 - 2 mts)",15,"Chico",-68.8627193072,-32.9003582308,5,"0",0.185148665048544
21082,"Fresno americano","Medio (4 - 8 mts)",100,"Grande",-68.8625296435,-32.9003208728,5,"0",0.0512455516014235
21083,"Fresno europeo","Bajo (2 - 4 mts)",40,"Mediano",-68.8625240718,-32.9002605436,5,"0",0.0420032310177706
21084,"Paraiso sombrilla","Medio (4 - 8 mts)",100,"Grande",-68.8625190256,-32.9002059857,5,"0",0.022887323943662
21093,"Prunas","Medio (4 - 8 mts)",63,"Grande",-68.8624618942,-32.8996190126,5,"0",0.0321782178217822
21094,"Acer","Medio (4 - 8 mts)",100,"Grande",-68.8624570719,-32.8995579629,5,"0",0.0204081632653061
21095,"Olmo bola","Alto (> 8 mts)",120,"Grande",-68.8624418689,-32.8994361278,5,"0",0.0231481481481481
21101,"Morera","Alto (> 8 mts)",140,"Grande",-68.8634439169,-32.8982463634,5,"1",0.185148665048544
21104,"lamo criollo","Alto (> 8 mts)",180,"Grande",-68.8635175231,-32.898618301,5,"0",0.0128205128205128
21112,"Morera","Alto (> 8 mts)",135,"Grande",-68.8633838111,-32.8992665426,5,"1",0.185148665048544
21113,"Morera","Alto (> 8 mts)",195,"Grande",-68.8632362364,-32.8992699673,5,"1",0.185148665048544
21114,"Morera","Alto (> 8 mts)",138,"Grande",-68.8635712218,-32.8992649619,5,"1",0.185148665048544
21116,"Morera","Alto (> 8 mts)",140,"Grande",-68.8633038139,-32.899267814,5,"1",0.185148665048544
21118,"Morera","Alto (> 8 mts)",126,"Grande",-68.8631098266,-32.8992722121,5,"1",0.185148665048544
21119,"Morera","Alto (> 8 mts)",180,"Grande",-68.8630284862,-32.8992732953,5,"0",0.185148665048544
21121,"Paraiso","Alto (> 8 mts)",111,"Grande",-68.8628568344,-32.8992707627,5,"1",0.0859023207481815
21124,"Fresno europeo","Alto (> 8 mts)",120,"Grande",-68.8625380201,-32.8992719058,5,"1",0.0420032310177706
21125,"Morera","Alto (> 8 mts)",190,"Grande",-68.8624731854,-32.8992718986,5,"1",0.185148665048544
21129,"Paraiso","Alto (> 8 mts)",138,"Grande",-68.8623958873,-32.8990351856,5,"0",0.0859023207481815
21132,"Paraiso","Alto (> 8 mts)",136,"Grande",-68.8623660439,-32.8988426418,5,"0",0.0859023207481815
21133,"Paraiso","Alto (> 8 mts)",140,"Grande",-68.8623555648,-32.8987764462,5,"1",0.0859023207481815
21134,"Paraiso","Alto (> 8 mts)",158,"Grande",-68.8623445717,-32.8986970853,5,"0",0.0859023207481815
21135,"Paraiso","Alto (> 8 mts)",129,"Grande",-68.8623393052,-32.8986489887,5,"0",0.0859023207481815
21141,"Paraiso","Medio (4 - 8 mts)",110,"Grande",-68.8622771991,-32.8982369686,5,"1",0.0859023207481815
21144,"Paraiso","Medio (4 - 8 mts)",135,"Grande",-68.8624006047,-32.8981271883,5,"1",0.0859023207481815
21151,"Paraiso","Alto (> 8 mts)",190,"Grande",-68.8633512889,-32.8981170283,5,"0",0.0859023207481815
21153,"Paraiso","Medio (4 - 8 mts)",87,"Grande",-68.8530415389,-32.8928819529,5,"0",0.0859023207481815
21156,"Paraiso","Alto (> 8 mts)",170,"Grande",-68.8530610467,-32.8930005987,5,"0",0.0859023207481815
21160,"Fresno europeo","Alto (> 8 mts)",122,"Grande",-68.8530617094,-32.8933527496,5,"0",0.0420032310177706
21161,"Fresno europeo","Alto (> 8 mts)",93,"Grande",-68.8529783407,-32.8933556272,5,"1",0.0420032310177706
21162,"Fresno europeo","Alto (> 8 mts)",110,"Grande",-68.8528550501,-32.8933611989,5,"0",0.0420032310177706
21164,"Fresno americano","Alto (> 8 mts)",100,"Grande",-68.8526808393,-32.8933620758,5,"0",0.0512455516014235
21165,"Fresno americano","Alto (> 8 mts)",102,"Grande",-68.8525957271,-32.8933625653,5,"0",0.0512455516014235
21168,"Morera","Alto (> 8 mts)",123,"Grande",-68.8519931226,-32.8933718677,5,"1",0.185148665048544
21169,"Morera","Alto (> 8 mts)",138,"Grande",-68.8519329488,-32.8933718586,5,"1",0.185148665048544
21171,"Fresno europeo","Alto (> 8 mts)",106,"Grande",-68.8516974709,-32.8933688763,5,"0",0.0420032310177706
21176,"Fresno europeo","Alto (> 8 mts)",148,"Grande",-68.8511554751,-32.8932759254,5,"1",0.0420032310177706
21179,"Ailanthus","Medio (4 - 8 mts)",25,"Mediano",-68.8514336231,-32.8930504889,5,"1",0.0380952380952381
21185,"Pltano","Alto (> 8 mts)",190,"Grande",-68.8521394748,-32.8929149059,5,"0",0.0903973509933775
21189,"Pltano","Alto (> 8 mts)",195,"Grande",-68.8525896148,-32.8928307947,5,"0",0.0903973509933775
21190,"Pltano","Alto (> 8 mts)",220,"Grande",-68.8526834036,-32.892811728,5,"0",0.0903973509933775
21191,"Pltano","Alto (> 8 mts)",195,"Grande",-68.8528084989,-32.8927826731,5,"0",0.0903973509933775
21192,"Pltano","Alto (> 8 mts)",180,"Grande",-68.8528962732,-32.8927651934,5,"0",0.0903973509933775
21195,"Morera","Alto (> 8 mts)",145,"Grande",-68.8533215631,-32.8958602066,5,"1",0.185148665048544
21196,"Morera","Alto (> 8 mts)",180,"Grande",-68.8532255733,-32.8958673075,5,"1",0.185148665048544
21197,"Morera","Alto (> 8 mts)",180,"Grande",-68.8531048988,-32.8958761214,5,"0",0.185148665048544
21198,"Morera","Alto (> 8 mts)",140,"Grande",-68.8530176698,-32.8958852161,5,"0",0.185148665048544
21200,"Morera","Alto (> 8 mts)",120,"Grande",-68.8528535897,-32.8958969255,5,"0",0.185148665048544
21203,"Morera","Alto (> 8 mts)",112,"Grande",-68.8525770519,-32.8959162278,5,"0",0.185148665048544
21205,"Morera","Alto (> 8 mts)",115,"Grande",-68.8522864131,-32.8959356318,5,"0",0.185148665048544
21207,"Acer","Alto (> 8 mts)",120,"Grande",-68.851757026,-32.8955570165,5,"0",0.0204081632653061
21208,"Paraiso","Alto (> 8 mts)",180,"Grande",-68.8517042237,-32.8953668775,5,"1",0.0859023207481815
21212,"Fresno europeo","Medio (4 - 8 mts)",32,"Mediano",-68.8515916597,-32.8949302354,5,"0",0.0420032310177706
21214,"Fresno europeo","Medio (4 - 8 mts)",29,"Mediano",-68.8515551198,-32.8947944875,5,"0",0.0420032310177706
21215,"Acer","Medio (4 - 8 mts)",145,"Grande",-68.8515382392,-32.8947266603,5,"0",0.0204081632653061
21218,"Paraiso","Alto (> 8 mts)",140,"Grande",-68.851320712,-32.8939125355,5,"0",0.0859023207481815
21219,"Paraiso","Alto (> 8 mts)",140,"Grande",-68.8513041336,-32.8938559798,5,"0",0.0859023207481815
21220,"Paraiso","Medio (4 - 8 mts)",120,"Grande",-68.8512871569,-32.8937819308,5,"0",0.0859023207481815
21221,"Paraiso","Alto (> 8 mts)",130,"Grande",-68.8512682453,-32.8937145519,5,"0",0.0859023207481815
21222,"lamo criollo","Muy bajo (1 - 2 mts)",140,"Grande",-68.8521631473,-32.8934603002,5,"0",0.0128205128205128
21223,"Morera","Medio (4 - 8 mts)",55,"Mediano",-68.852010821,-32.8934621479,5,"0",0.185148665048544
21225,"Morera","Medio (4 - 8 mts)",81,"Grande",-68.8518343662,-32.8934626603,5,"0",0.185148665048544
21226,"Morera","Medio (4 - 8 mts)",80,"Grande",-68.851683452,-32.8934650061,5,"0",0.185148665048544
21229,"Fresno europeo","Bajo (2 - 4 mts)",16,"Chico",-68.851475688,-32.893469066,5,"0",0.0420032310177706
21230,"Paraiso","Alto (> 8 mts)",180,"Grande",-68.8525406142,-32.8934597982,5,"1",0.0859023207481815
21233,"Morera","Alto (> 8 mts)",140,"Grande",-68.853135535,-32.8934982791,5,"1",0.185148665048544
21237,"Olmo bola","Alto (> 8 mts)",97,"Grande",-68.8532642082,-32.8943321969,5,"1",0.0231481481481481
21238,"Fresno europeo","Bajo (2 - 4 mts)",35,"Mediano",-68.8532747369,-32.8944416746,5,"0",0.0420032310177706
21240,"Fresno europeo","Medio (4 - 8 mts)",50,"Mediano",-68.8533377248,-32.8948118295,5,"0",0.0420032310177706
21241,"Fresno europeo","Medio (4 - 8 mts)",90,"Grande",-68.8533480646,-32.8948933545,5,"0",0.0420032310177706
21244,"Ailanthus","Alto (> 8 mts)",111,"Grande",-68.8533774179,-32.8951729131,5,"0",0.0380952380952381
21245,"Morera","Alto (> 8 mts)",150,"Grande",-68.8533885109,-32.8952513732,5,"0",0.185148665048544
21249,"Morera","Alto (> 8 mts)",180,"Grande",-68.8534608284,-32.8956980592,5,"1",0.185148665048544
21250,"Paraiso","Alto (> 8 mts)",206,"Grande",-68.8534693886,-32.895754461,5,"0",0.0859023207481815
21251,"Fresno europeo","Bajo (2 - 4 mts)",50,"Mediano",-68.853670936,-32.8972359648,5,"0",0.0420032310177706
21252,"Fresno europeo","Bajo (2 - 4 mts)",52,"Mediano",-68.8536609145,-32.8971555223,5,"0",0.0420032310177706
21256,"Fresno europeo","Bajo (2 - 4 mts)",55,"Mediano",-68.8536073277,-32.8967894633,5,"0",0.0420032310177706
21257,"Fresno europeo","Alto (> 8 mts)",113,"Grande",-68.8535921115,-32.8966833165,5,"0",0.0420032310177706
21258,"Fresno europeo","Bajo (2 - 4 mts)",46,"Mediano",-68.8535696159,-32.8965191824,5,"0",0.0420032310177706
21259,"Morera","Bajo (2 - 4 mts)",23,"Mediano",-68.8535490613,-32.8963979874,5,"0",0.185148665048544
21260,"Morera","Medio (4 - 8 mts)",66,"Grande",-68.853536605,-32.8963033854,5,"0",0.185148665048544
21261,"Morera","Alto (> 8 mts)",156,"Grande",-68.8535206209,-32.8962093203,5,"1",0.185148665048544
21270,"Morera","Alto (> 8 mts)",155,"Grande",-68.8528192656,-32.8960770375,5,"1",0.185148665048544
21271,"Morera","Alto (> 8 mts)",145,"Grande",-68.8527378138,-32.8960825321,5,"1",0.185148665048544
21272,"Morera","Medio (4 - 8 mts)",95,"Grande",-68.852663947,-32.8960901996,5,"0",0.185148665048544
21273,"Morera","Alto (> 8 mts)",130,"Grande",-68.8525760794,-32.8960974899,5,"0",0.185148665048544
21277,"Morera","Alto (> 8 mts)",123,"Grande",-68.8522522969,-32.8961230765,5,"0",0.185148665048544
21278,"Morera","Alto (> 8 mts)",138,"Grande",-68.8521689202,-32.8961291996,5,"0",0.185148665048544
21283,"Caducifolio","Medio (4 - 8 mts)",38,"Mediano",-68.8521318415,-32.8970013585,5,"0",0.0512249443207127
21285,"Prunas","Medio (4 - 8 mts)",125,"Grande",-68.8521670724,-32.897144447,5,"1",0.0321782178217822
21286,"Morera","Medio (4 - 8 mts)",100,"Grande",-68.8521816252,-32.8971985657,5,"0",0.185148665048544
21287,"Fresno europeo","Medio (4 - 8 mts)",90,"Grande",-68.852200445,-32.8972602933,5,"0",0.0420032310177706
21289,"Fresno americano","Medio (4 - 8 mts)",50,"Mediano",-68.8522420528,-32.8973845937,5,"0",0.0512455516014235
21291,"Paraiso","Alto (> 8 mts)",160,"Grande",-68.8525607074,-32.8982932463,5,"0",0.0859023207481815
21292,"Morera","Alto (> 8 mts)",135,"Grande",-68.8524572164,-32.8982188033,5,"0",0.185148665048544
21293,"Morera","Alto (> 8 mts)",106,"Grande",-68.8524344163,-32.8981426944,5,"0",0.185148665048544
21294,"Morera","Medio (4 - 8 mts)",86,"Grande",-68.8524157254,-32.8980700863,5,"0",0.185148665048544
21297,"Morera","Alto (> 8 mts)",140,"Grande",-68.8523715386,-32.8979034919,5,"0",0.185148665048544
21298,"Morera","Alto (> 8 mts)",140,"Grande",-68.8523624078,-32.8978666921,5,"0",0.185148665048544
21312,"Morera","Alto (> 8 mts)",180,"Grande",-68.8536832069,-32.8973270256,5,"0",0.185148665048544
21313,"Morera","Alto (> 8 mts)",145,"Grande",-68.8538525815,-32.8985048559,5,"0",0.185148665048544
21317,"Fresno europeo","Medio (4 - 8 mts)",52,"Mediano",-68.8539031936,-32.8988611729,5,"0",0.0420032310177706
21318,"Morera","Medio (4 - 8 mts)",50,"Mediano",-68.8539242855,-32.898977356,5,"1",0.185148665048544
21319,"Morera","Medio (4 - 8 mts)",70,"Grande",-68.8539297395,-32.8990328858,5,"0",0.185148665048544
21321,"Morera","Alto (> 8 mts)",145,"Grande",-68.8539535184,-32.8991829891,5,"1",0.185148665048544
21323,"Morera","Alto (> 8 mts)",115,"Grande",-68.8537986968,-32.8993926947,5,"0",0.185148665048544
21324,"Fresno europeo","Medio (4 - 8 mts)",80,"Grande",-68.8535639451,-32.8993809613,5,"0",0.0420032310177706
21330,"Fresno americano","Bajo (2 - 4 mts)",55,"Mediano",-68.852645074,-32.8989866546,2,"0",0.0512455516014235
21331,"Fresno americano","Medio (4 - 8 mts)",68,"Grande",-68.8526297957,-32.8989300312,2,"0",0.0512455516014235
21332,"Fresno americano","Medio (4 - 8 mts)",53,"Mediano",-68.8526141956,-32.8988625664,2,"0",0.0512455516014235
21336,"Fresno europeo","Medio (4 - 8 mts)",58,"Mediano",-68.8539389185,-32.8935904343,5,"1",0.0420032310177706
21337,"Morera","Alto (> 8 mts)",200,"Grande",-68.8538979736,-32.8935971491,5,"0",0.185148665048544
21342,"Morera","Alto (> 8 mts)",165,"Grande",-68.8535775246,-32.8936609215,5,"0",0.185148665048544
21353,"Paraiso","Alto (> 8 mts)",145,"Grande",-68.8532235313,-32.8932168745,5,"0",0.0859023207481815
21354,"Morera","Medio (4 - 8 mts)",20,"Chico",-68.8532235676,-32.8931935613,5,"0",0.185148665048544
21357,"Paraiso","Alto (> 8 mts)",175,"Grande",-68.8531850396,-32.8929674215,5,"0",0.0859023207481815
21359,"Paraiso","Alto (> 8 mts)",158,"Grande",-68.8531654728,-32.8928429651,5,"1",0.0859023207481815
21361,"Pltano","Alto (> 8 mts)",185,"Grande",-68.8533446848,-32.8926939437,5,"0",0.0903973509933775
21364,"Morera","Alto (> 8 mts)",118,"Grande",-68.8536537568,-32.8926378392,5,"1",0.185148665048544
21366,"Pltano","Alto (> 8 mts)",250,"Grande",-68.8538693665,-32.8925987009,5,"0",0.0903973509933775
21367,"Fresno europeo","Alto (> 8 mts)",155,"Grande",-68.8541670827,-32.8935437107,5,"0",0.0420032310177706
21371,"Fresno europeo","Muy bajo (1 - 2 mts)",4,"Chico",-68.8546382876,-32.8934607213,5,"0",0.0420032310177706
21375,"Morera","Alto (> 8 mts)",96,"Grande",-68.8549285678,-32.893328186,5,"1",0.185148665048544
21382,"Fresno europeo","Medio (4 - 8 mts)",90,"Grande",-68.8547418757,-32.8925944967,5,"0",0.0420032310177706
21385,"Pltano","Alto (> 8 mts)",180,"Grande",-68.854413021,-32.8925026584,5,"0",0.0903973509933775
21394,"Morera","Alto (> 8 mts)",110,"Grande",-68.8549936044,-32.8930317484,5,"1",0.185148665048544
21395,"Paraiso","Alto (> 8 mts)",135,"Grande",-68.8549740715,-32.8929504834,5,"0",0.0859023207481815
21397,"Acacia SP","Medio (4 - 8 mts)",85,"Grande",-68.8548853406,-32.8926371329,5,"0",0.150492264416315
21400,"Pltano","Alto (> 8 mts)",170,"Grande",-68.8550651786,-32.8923799104,5,"0",0.0903973509933775
21401,"Pltano","Alto (> 8 mts)",185,"Grande",-68.8551660309,-32.8923588122,5,"0",0.0903973509933775
21402,"Pltano","Alto (> 8 mts)",190,"Grande",-68.8552520284,-32.8923430537,5,"0",0.0903973509933775
21405,"Fresno europeo","Alto (> 8 mts)",95,"Grande",-68.8556158279,-32.8922764462,5,"0",0.0420032310177706
21406,"Pltano","Alto (> 8 mts)",195,"Grande",-68.8556979446,-32.8922606883,5,"0",0.0903973509933775
21409,"Olmo comun","Alto (> 8 mts)",86,"Grande",-68.8559665222,-32.8922148837,5,"0",0.0227272727272727
21410,"Fresno europeo","Alto (> 8 mts)",88,"Grande",-68.8560173983,-32.8922029218,5,"0",0.0420032310177706
21413,"Pltano","Alto (> 8 mts)",220,"Grande",-68.8563049153,-32.8921529255,5,"0",0.0903973509933775
21415,"Pltano","Alto (> 8 mts)",170,"Grande",-68.8564994679,-32.8921146566,5,"1",0.0903973509933775
21418,"Morera","Alto (> 8 mts)",107,"Grande",-68.8566386402,-32.8922140591,5,"0",0.185148665048544
21420,"Morera","Alto (> 8 mts)",104,"Grande",-68.8566656977,-32.8923369239,5,"0",0.185148665048544
21424,"Paraiso","Alto (> 8 mts)",175,"Grande",-68.8567443243,-32.892623604,5,"1",0.0859023207481815
21425,"Morera","Alto (> 8 mts)",195,"Grande",-68.8567747636,-32.8927332593,5,"1",0.185148665048544
21426,"Morera","Alto (> 8 mts)",123,"Grande",-68.8568134386,-32.8928629605,5,"0",0.185148665048544
21427,"Perenne","Bajo (2 - 4 mts)",12,"Chico",-68.8568385252,-32.8929410279,5,"0",0.0364741641337386
21430,"Morera","Alto (> 8 mts)",103,"Grande",-68.8566298089,-32.8930920177,5,"1",0.185148665048544
21431,"Morera","Alto (> 8 mts)",150,"Grande",-68.8565827446,-32.8931020194,5,"0",0.185148665048544
21434,"Morera","Alto (> 8 mts)",155,"Grande",-68.8561976817,-32.8931724781,5,"0",0.185148665048544
21439,"Fresno americano","Medio (4 - 8 mts)",150,"Grande",-68.8558241156,-32.8932457784,5,"0",0.0512455516014235
21441,"Morera","Alto (> 8 mts)",300,"Grande",-68.8556437763,-32.8932752837,5,"0",0.185148665048544
21442,"Fresno europeo","Alto (> 8 mts)",101,"Grande",-68.8555495418,-32.8932924784,5,"0",0.0420032310177706
21449,"Morera","Alto (> 8 mts)",210,"Grande",-68.8569673423,-32.8928784284,5,"1",0.185148665048544
21450,"Jacarand","Medio (4 - 8 mts)",57,"Mediano",-68.8569461082,-32.892792591,5,"0",0.103064066852368
21452,"Morera","Medio (4 - 8 mts)",45,"Mediano",-68.8569005662,-32.8926350126,5,"0",0.185148665048544
21453,"Morera","Alto (> 8 mts)",210,"Grande",-68.8568791527,-32.892555137,5,"0",0.185148665048544
21456,"Morera","Alto (> 8 mts)",115,"Grande",-68.8567694896,-32.8921339062,5,"1",0.185148665048544
21458,"Pltano","Alto (> 8 mts)",195,"Grande",-68.8569120848,-32.8920382476,5,"0",0.0903973509933775
21460,"Pltano","Alto (> 8 mts)",128,"Grande",-68.8571863459,-32.8919891105,5,"0",0.0903973509933775
21462,"Pltano","Alto (> 8 mts)",210,"Grande",-68.8574344364,-32.8919470673,5,"0",0.0903973509933775
21463,"Morera","Alto (> 8 mts)",105,"Grande",-68.8575397777,-32.8919258858,5,"0",0.185148665048544
21466,"Pltano","Alto (> 8 mts)",220,"Grande",-68.8579940734,-32.8918405984,5,"0",0.0903973509933775
21467,"Pltano","Alto (> 8 mts)",190,"Grande",-68.8580646355,-32.8918251695,5,"0",0.0903973509933775
21469,"Morera","Alto (> 8 mts)",113,"Grande",-68.8584233297,-32.8917491135,5,"1",0.185148665048544
21471,"Pltano","Muy bajo (1 - 2 mts)",8,"Chico",-68.8585744565,-32.8917146911,5,"0",0.0903973509933775
21474,"Morera","Alto (> 8 mts)",89,"Grande",-68.8588917931,-32.8917851895,5,"1",0.185148665048544
21480,"Paraiso","Alto (> 8 mts)",170,"Grande",-68.8588838054,-32.89239454,5,"1",0.0859023207481815
21481,"Paraiso","Alto (> 8 mts)",140,"Grande",-68.8588861196,-32.8924543382,5,"1",0.0859023207481815
21482,"Paraiso","Medio (4 - 8 mts)",32,"Mediano",-68.8588883289,-32.8925540002,5,"0",0.0859023207481815
21483,"Fresno europeo","Alto (> 8 mts)",137,"Grande",-68.8588856913,-32.8926119453,5,"0",0.0420032310177706
21484,"Pltano","Alto (> 8 mts)",180,"Grande",-68.8587784975,-32.8926821995,5,"0",0.0903973509933775
21487,"Fresno europeo","Medio (4 - 8 mts)",75,"Grande",-68.8582088109,-32.8927974556,5,"0",0.0420032310177706
21490,"Paraiso","Alto (> 8 mts)",130,"Grande",-68.8579305408,-32.8928494613,5,"0",0.0859023207481815
21493,"Fresno americano","Medio (4 - 8 mts)",22,"Mediano",-68.8574720579,-32.8929394036,5,"0",0.0512455516014235
21494,"Fresno americano","Alto (> 8 mts)",140,"Grande",-68.8573703308,-32.8929607235,5,"0",0.0512455516014235
21497,"Morera","Medio (4 - 8 mts)",10,"Chico",-68.8570620454,-32.8930162484,5,"0",0.185148665048544
21499,"Fresno europeo","Muy bajo (1 - 2 mts)",8,"Chico",-68.8534357652,-32.8946589275,5,"0",0.0420032310177706
21501,"Pltano","Alto (> 8 mts)",140,"Grande",-68.8534235672,-32.8945375456,5,"1",0.0903973509933775
21502,"Pltano","Alto (> 8 mts)",180,"Grande",-68.8534147781,-32.8944878521,5,"1",0.0903973509933775
21504,"Fresno americano","Alto (> 8 mts)",95,"Grande",-68.8533941653,-32.8943491479,5,"0",0.0512455516014235
21505,"Fresno europeo","Alto (> 8 mts)",105,"Grande",-68.8533687397,-32.8942125119,5,"0",0.0420032310177706
21506,"Fresno americano","Alto (> 8 mts)",101,"Grande",-68.8533585828,-32.8941497422,5,"0",0.0512455516014235
21508,"Fresno europeo","Alto (> 8 mts)",125,"Grande",-68.853337253,-32.893992282,5,"0",0.0420032310177706
21509,"Fresno europeo","Alto (> 8 mts)",75,"Grande",-68.853321297,-32.8938815356,5,"0",0.0420032310177706
21513,"Fresno europeo","Muy bajo (1 - 2 mts)",15,"Chico",-68.8535582421,-32.8937692462,5,"0",0.0420032310177706
21515,"Morera","Alto (> 8 mts)",160,"Grande",-68.853806074,-32.8937234741,5,"0",0.185148665048544
21519,"Morera","Alto (> 8 mts)",140,"Grande",-68.8540883456,-32.8936712812,5,"0",0.185148665048544
21521,"Fresno europeo","Medio (4 - 8 mts)",45,"Mediano",-68.8542477847,-32.8948959492,5,"0",0.0420032310177706
21523,"Pltano","Alto (> 8 mts)",200,"Grande",-68.8541074532,-32.8948840149,5,"0",0.0903973509933775
21525,"Pltano","Alto (> 8 mts)",210,"Grande",-68.8539053577,-32.8948733581,5,"0",0.0903973509933775
21526,"Morera","Alto (> 8 mts)",145,"Grande",-68.853865068,-32.8948712372,5,"1",0.185148665048544
21527,"Acer","Alto (> 8 mts)",192,"Grande",-68.8535997145,-32.8948552373,5,"0",0.0204081632653061
21528,"Morera","Alto (> 8 mts)",160,"Grande",-68.853549803,-32.8954392943,5,"1",0.185148665048544
21529,"Morera","Alto (> 8 mts)",155,"Grande",-68.8535317437,-32.8953073558,5,"1",0.185148665048544
21533,"Fresno europeo","Alto (> 8 mts)",140,"Grande",-68.8535058597,-32.8951242822,5,"0",0.0420032310177706
21536,"Morera","Alto (> 8 mts)",142,"Grande",-68.8535492469,-32.8949601369,5,"0",0.185148665048544
21537,"Pltano","Alto (> 8 mts)",210,"Grande",-68.8536386699,-32.8949668221,5,"0",0.0903973509933775
21538,"Morera","Alto (> 8 mts)",180,"Grande",-68.8537262972,-32.8949736693,5,"1",0.185148665048544
21539,"Morera","Alto (> 8 mts)",105,"Grande",-68.8537953154,-32.8949787562,5,"1",0.185148665048544
21544,"Morera","Alto (> 8 mts)",160,"Grande",-68.8542265695,-32.895013257,5,"0",0.185148665048544
21545,"Morera","Alto (> 8 mts)",120,"Grande",-68.8543096907,-32.8950215178,5,"1",0.185148665048544
21549,"Morera","Alto (> 8 mts)",160,"Grande",-68.8535733984,-32.8956493257,5,"0",0.185148665048544
21553,"Morera","Alto (> 8 mts)",90,"Grande",-68.8537706526,-32.8959080353,5,"1",0.185148665048544
21554,"Morera","Alto (> 8 mts)",200,"Grande",-68.8538604543,-32.8959190597,5,"1",0.185148665048544
21557,"Pltano","Alto (> 8 mts)",170,"Grande",-68.8545448814,-32.8950368535,5,"0",0.0903973509933775
21565,"Morera","Medio (4 - 8 mts)",60,"Mediano",-68.8552723375,-32.8951355364,5,"0",0.185148665048544
21569,"Fresno europeo","Bajo (2 - 4 mts)",50,"Mediano",-68.8553009141,-32.8954397098,5,"0",0.0420032310177706
21571,"Fresno europeo","Medio (4 - 8 mts)",80,"Grande",-68.8553095227,-32.8956011225,5,"0",0.0420032310177706
21575,"Morera","Alto (> 8 mts)",155,"Grande",-68.8552847306,-32.8959273255,5,"0",0.185148665048544
21580,"Fresno europeo","Medio (4 - 8 mts)",52,"Mediano",-68.8546006301,-32.8960158724,5,"0",0.0420032310177706
21586,"Morera","Medio (4 - 8 mts)",65,"Grande",-68.8542897772,-32.8936347036,5,"1",0.185148665048544
21589,"Fresno europeo","Alto (> 8 mts)",114,"Grande",-68.8544737979,-32.8936043227,5,"0",0.0420032310177706
21590,"Fresno europeo","Alto (> 8 mts)",160,"Grande",-68.854653338,-32.8935739722,5,"0",0.0420032310177706
21591,"Aguaribay","Alto (> 8 mts)",220,"Grande",-68.8547380841,-32.8935595553,5,"0",0.106529209621993
21592,"Fresno europeo","Medio (4 - 8 mts)",90,"Grande",-68.8548448342,-32.8935391586,5,"0",0.0420032310177706
21599,"Pltano","Alto (> 8 mts)",180,"Grande",-68.8551535053,-32.8941398417,5,"0",0.0903973509933775
21602,"Caducifolio","Muy bajo (1 - 2 mts)",15,"Chico",-68.855233053,-32.8944495746,5,"0",0.0512249443207127
21607,"Fresno europeo","Medio (4 - 8 mts)",75,"Grande",-68.8552766369,-32.8949056994,5,"0",0.0420032310177706
21609,"Morera","Alto (> 8 mts)",140,"Grande",-68.8551495773,-32.8949621821,5,"1",0.185148665048544
21610,"Morera","Alto (> 8 mts)",130,"Grande",-68.8550793897,-32.89495777,5,"1",0.185148665048544
21611,"Morera","Alto (> 8 mts)",142,"Grande",-68.8549921887,-32.8949503652,5,"0",0.185148665048544
21614,"Morera","Alto (> 8 mts)",140,"Grande",-68.8546778632,-32.8949230758,5,"0",0.185148665048544
21615,"Pltano","Alto (> 8 mts)",205,"Grande",-68.8545807633,-32.8949174725,5,"0",0.0903973509933775
21618,"Pltano","Alto (> 8 mts)",220,"Grande",-68.8543348341,-32.8948999126,5,"0",0.0903973509933775
21620,"Pltano","Alto (> 8 mts)",290,"Grande",-68.8542814783,-32.8960937848,5,"1",0.0903973509933775
21626,"Fresno europeo","Medio (4 - 8 mts)",50,"Mediano",-68.8537049424,-32.8960214019,5,"0",0.0420032310177706
21630,"Fresno europeo","Medio (4 - 8 mts)",75,"Grande",-68.853667529,-32.896269746,5,"1",0.0420032310177706
21632,"Acacia SP","Bajo (2 - 4 mts)",20,"Chico",-68.8536859071,-32.8963744078,5,"0",0.150492264416315
21633,"Fresno americano","Alto (> 8 mts)",150,"Grande",-68.8536997654,-32.8964718364,5,"0",0.0512455516014235
21634,"Morera","Alto (> 8 mts)",85,"Grande",-68.8537066575,-32.8965229541,5,"1",0.185148665048544
21635,"Pltano","Alto (> 8 mts)",280,"Grande",-68.8537248474,-32.8966088218,5,"0",0.0903973509933775
21638,"Paraiso","Alto (> 8 mts)",180,"Grande",-68.8543358515,-32.8966448948,5,"0",0.0859023207481815
21640,"Fresno europeo","Alto (> 8 mts)",190,"Grande",-68.8545211683,-32.8965354496,5,"0",0.0420032310177706
21643,"Morera","Alto (> 8 mts)",158,"Grande",-68.85449257,-32.8963165877,5,"1",0.185148665048544
21646,"Pltano","Alto (> 8 mts)",220,"Grande",-68.8544263847,-32.8961190206,5,"0",0.0903973509933775
21648,"Fresno europeo","Alto (> 8 mts)",180,"Grande",-68.8546099565,-32.8967302893,5,"0",0.0420032310177706
21651,"Morera","Alto (> 8 mts)",190,"Grande",-68.8545667766,-32.8963293176,5,"1",0.185148665048544
21653,"Acer","Muy bajo (1 - 2 mts)",12,"Chico",-68.8545439793,-32.8962015999,5,"0",0.0204081632653061
21655,"Fresno europeo","Alto (> 8 mts)",130,"Grande",-68.8547020743,-32.8961330253,5,"0",0.0420032310177706
21663,"Morera","Alto (> 8 mts)",125,"Grande",-68.8553542063,-32.8961880848,5,"1",0.185148665048544
21664,"Fresno europeo","Alto (> 8 mts)",79,"Grande",-68.8553560786,-32.8962855597,5,"0",0.0420032310177706
21665,"Paraiso","Alto (> 8 mts)",170,"Grande",-68.8553620215,-32.8963774489,5,"0",0.0859023207481815
21666,"Morera","Alto (> 8 mts)",150,"Grande",-68.8553698966,-32.8964642006,5,"1",0.185148665048544
21668,"Morera","Alto (> 8 mts)",64,"Grande",-68.8553881277,-32.8966895047,5,"0",0.185148665048544
21670,"Fresno europeo","Alto (> 8 mts)",95,"Grande",-68.8553750828,-32.8968901654,5,"0",0.0420032310177706
21673,"Fresno europeo","Medio (4 - 8 mts)",110,"Grande",-68.8550589012,-32.8969042687,5,"0",0.0420032310177706
21674,"Fresno europeo","Alto (> 8 mts)",130,"Grande",-68.8548690498,-32.8969072179,5,"0",0.0420032310177706
21676,"Morera","Alto (> 8 mts)",108,"Grande",-68.8555449259,-32.8950941709,5,"1",0.185148665048544
21679,"Pltano","Alto (> 8 mts)",195,"Grande",-68.8557901379,-32.8951075961,5,"0",0.0903973509933775
21683,"Morera","Alto (> 8 mts)",102,"Grande",-68.8561994081,-32.8951343517,5,"1",0.185148665048544
21687,"Morera","Alto (> 8 mts)",148,"Grande",-68.856588809,-32.8951641625,5,"1",0.185148665048544
21688,"Morera","Alto (> 8 mts)",148,"Grande",-68.8566800791,-32.8951670624,5,"1",0.185148665048544
21689,"Morera","Alto (> 8 mts)",160,"Grande",-68.8567415029,-32.895173441,5,"1",0.185148665048544
21690,"Morera","Alto (> 8 mts)",158,"Grande",-68.8568210534,-32.8951778052,5,"0",0.185148665048544
21691,"Morera","Alto (> 8 mts)",140,"Grande",-68.8569232162,-32.8951863079,5,"0",0.185148665048544
21695,"Olmo comun","Bajo (2 - 4 mts)",66,"Grande",-68.8573705452,-32.8953613863,5,"0",0.0227272727272727
21696,"Morera","Medio (4 - 8 mts)",42,"Mediano",-68.8573805233,-32.8954708629,5,"0",0.185148665048544
21697,"Morera","Bajo (2 - 4 mts)",14,"Chico",-68.8573864618,-32.8955193852,5,"0",0.185148665048544
21698,"Fresno europeo","Alto (> 8 mts)",92,"Grande",-68.8573660533,-32.89569672,5,"0",0.0420032310177706
21700,"Morera","Alto (> 8 mts)",125,"Grande",-68.8571430544,-32.8957198643,5,"1",0.185148665048544
21701,"Morera","Alto (> 8 mts)",140,"Grande",-68.8570730436,-32.8957293873,5,"0",0.185148665048544
21702,"Fresno europeo","Medio (4 - 8 mts)",78,"Grande",-68.8570006741,-32.8957367886,5,"0",0.0420032310177706
21704,"Fresno europeo","Alto (> 8 mts)",73,"Grande",-68.8568031225,-32.8957509725,5,"1",0.0420032310177706
21705,"Fresno europeo","Alto (> 8 mts)",74,"Grande",-68.8566827603,-32.8957606802,5,"0",0.0420032310177706
21707,"Fresno europeo","Alto (> 8 mts)",137,"Grande",-68.8565192207,-32.8957783461,5,"1",0.0420032310177706
21710,"Morera","Alto (> 8 mts)",150,"Grande",-68.8561995492,-32.895801797,5,"1",0.185148665048544
21712,"Fresno europeo","Alto (> 8 mts)",103,"Grande",-68.8559728968,-32.8958162202,5,"1",0.0420032310177706
21717,"Fresno europeo","Alto (> 8 mts)",145,"Grande",-68.855461018,-32.8958354668,5,"1",0.0420032310177706
21718,"Morera","Alto (> 8 mts)",100,"Grande",-68.8554613148,-32.8957843413,5,"1",0.185148665048544
21721,"Fresno europeo","Medio (4 - 8 mts)",58,"Mediano",-68.8554415996,-32.8955515019,5,"0",0.0420032310177706
21722,"Fresno europeo","Alto (> 8 mts)",105,"Grande",-68.855440305,-32.8954648326,5,"0",0.0420032310177706
21723,"Fresno europeo","Bajo (2 - 4 mts)",16,"Chico",-68.8554334158,-32.8953916226,5,"0",0.0420032310177706
21727,"Morera","Alto (> 8 mts)",155,"Grande",-68.855400298,-32.8948562504,5,"0",0.185148665048544
21730,"Acer","Medio (4 - 8 mts)",112,"Grande",-68.855374457,-32.8945785898,5,"0",0.0204081632653061
21734,"Morera","Alto (> 8 mts)",180,"Grande",-68.8556585134,-32.8944754616,5,"0",0.185148665048544
21739,"Fresno europeo","Medio (4 - 8 mts)",53,"Mediano",-68.8562975762,-32.8943533738,5,"0",0.0420032310177706
21744,"Morera","Alto (> 8 mts)",140,"Grande",-68.8567482329,-32.8942704366,5,"0",0.185148665048544
21745,"Fresno americano","Medio (4 - 8 mts)",75,"Grande",-68.8568322086,-32.8942554412,5,"0",0.0512455516014235
21749,"Morera","Alto (> 8 mts)",150,"Grande",-68.8571779519,-32.8942937446,5,"1",0.185148665048544
21754,"Morera","Alto (> 8 mts)",115,"Grande",-68.8572511783,-32.8946702436,5,"0",0.185148665048544
21755,"Fresno europeo","Alto (> 8 mts)",117,"Grande",-68.8572683907,-32.8947477591,5,"0",0.0420032310177706
21756,"Morera","Bajo (2 - 4 mts)",37,"Mediano",-68.8572884338,-32.8948363281,5,"0",0.185148665048544
21758,"Morera","Alto (> 8 mts)",100,"Grande",-68.8573342712,-32.8950541388,5,"0",0.185148665048544
21760,"Pltano","Medio (4 - 8 mts)",100,"Grande",-68.8572179409,-32.8950821965,5,"1",0.0903973509933775
21762,"Pltano","Medio (4 - 8 mts)",150,"Grande",-68.8569662675,-32.8950676477,5,"0",0.0903973509933775
21763,"Pltano","Alto (> 8 mts)",170,"Grande",-68.8569137533,-32.8950645065,5,"0",0.0903973509933775
21764,"Pltano","Medio (4 - 8 mts)",180,"Grande",-68.8568384101,-32.895060516,5,"1",0.0903973509933775
21767,"Morera","Medio (4 - 8 mts)",79,"Grande",-68.8565781513,-32.8950393274,5,"1",0.185148665048544
21770,"Morera","Medio (4 - 8 mts)",84,"Grande",-68.8563227215,-32.8950260435,5,"1",0.185148665048544
21778,"Morera","Alto (> 8 mts)",120,"Grande",-68.8555764131,-32.8949706116,5,"0",0.185148665048544
21784,"Fresno americano","Medio (4 - 8 mts)",50,"Mediano",-68.8558772504,-32.8933474142,5,"0",0.0512455516014235
21785,"Paraiso","Alto (> 8 mts)",190,"Grande",-68.8559330844,-32.8933366123,5,"0",0.0859023207481815
21786,"Morera","Alto (> 8 mts)",158,"Grande",-68.8560448791,-32.8933145026,5,"0",0.185148665048544
21788,"Paraiso","Alto (> 8 mts)",190,"Grande",-68.8562447465,-32.8932746433,5,"0",0.0859023207481815
21790,"Prunas","Bajo (2 - 4 mts)",25,"Mediano",-68.8564933122,-32.8932300931,5,"0",0.0321782178217822
21794,"Morera","Alto (> 8 mts)",160,"Grande",-68.8569087316,-32.8932213341,5,"1",0.185148665048544
21795,"Morera","Alto (> 8 mts)",175,"Grande",-68.8569180899,-32.8932557813,5,"0",0.185148665048544
21796,"Morera","Medio (4 - 8 mts)",65,"Grande",-68.8569425684,-32.8933439415,5,"1",0.185148665048544
21802,"Morera","Alto (> 8 mts)",180,"Grande",-68.8570604757,-32.8938126735,5,"0",0.185148665048544
21805,"Morera","Alto (> 8 mts)",160,"Grande",-68.8570561135,-32.8940891947,5,"1",0.185148665048544
21807,"Morera","Alto (> 8 mts)",160,"Grande",-68.8568958994,-32.8941184372,5,"1",0.185148665048544
21808,"Fresno europeo","Muy bajo (1 - 2 mts)",14,"Chico",-68.856822626,-32.8941338291,5,"0",0.0420032310177706
21810,"Morera","Alto (> 8 mts)",160,"Grande",-68.8566410774,-32.8941580443,5,"1",0.185148665048544
21811,"Pltano","Alto (> 8 mts)",210,"Grande",-68.8564481346,-32.8941948049,5,"0",0.0903973509933775
21812,"Pltano","Alto (> 8 mts)",190,"Grande",-68.8562982098,-32.8942217529,5,"0",0.0903973509933775
21813,"Morera","Alto (> 8 mts)",160,"Grande",-68.8561620358,-32.8942527254,5,"1",0.185148665048544
21817,"Caducifolio","Muy bajo (1 - 2 mts)",15,"Chico",-68.8558428838,-32.8943124267,5,"0",0.0512249443207127
21821,"Fresno americano","Medio (4 - 8 mts)",60,"Mediano",-68.8555108429,-32.8943754748,5,"0",0.0512455516014235
21822,"Fresno americano","Medio (4 - 8 mts)",45,"Mediano",-68.8554418962,-32.8943818287,5,"1",0.0512455516014235
21826,"Paraiso","Alto (> 8 mts)",140,"Grande",-68.8552949642,-32.8941689498,5,"0",0.0859023207481815
21837,"Morera","Alto (> 8 mts)",95,"Grande",-68.8568326287,-32.8967523511,5,"1",0.185148665048544
21842,"Olmo comun","Alto (> 8 mts)",138,"Grande",-68.8569328226,-32.8963909779,5,"0",0.0227272727272727
21843,"Fresno europeo","Muy bajo (1 - 2 mts)",8,"Chico",-68.8569819584,-32.8963493408,5,"0",0.0420032310177706
21844,"Olmo comun","Alto (> 8 mts)",115,"Grande",-68.8570782841,-32.8962596777,5,"0",0.0227272727272727
21848,"Morera","Alto (> 8 mts)",127,"Grande",-68.8573676172,-32.8961880532,5,"0",0.185148665048544
21849,"Liquidambar","Medio (4 - 8 mts)",48,"Mediano",-68.8574467431,-32.8961665028,5,"0",0
21850,"Morera","Alto (> 8 mts)",104,"Grande",-68.8575793809,-32.8961001092,5,"0",0.185148665048544
21851,"Morera","Alto (> 8 mts)",76,"Grande",-68.8575760196,-32.8960633163,5,"0",0.185148665048544
21852,"Morera","Alto (> 8 mts)",103,"Grande",-68.8575730788,-32.8960309423,5,"1",0.185148665048544
21855,"Morera","Alto (> 8 mts)",102,"Grande",-68.8575566897,-32.8958533807,5,"0",0.185148665048544
21858,"Fresno europeo","Alto (> 8 mts)",96,"Grande",-68.8580141277,-32.8958301765,5,"0",0.0420032310177706
21859,"Acacia SP","Alto (> 8 mts)",138,"Grande",-68.8580662205,-32.895833149,5,"0",0.150492264416315
21860,"Morera","Alto (> 8 mts)",138,"Grande",-68.858133844,-32.8958340878,5,"0",0.185148665048544
21861,"Fresno europeo","Alto (> 8 mts)",107,"Grande",-68.8581993368,-32.8958353992,5,"1",0.0420032310177706
21862,"Fresno europeo","Alto (> 8 mts)",83,"Grande",-68.8582508212,-32.8958378957,5,"0",0.0420032310177706
21866,"Morera","Alto (> 8 mts)",140,"Grande",-68.8585451849,-32.8958402453,5,"1",0.185148665048544
21868,"Fresno europeo","Medio (4 - 8 mts)",25,"Mediano",-68.8587915774,-32.8958461828,5,"0",0.0420032310177706
21869,"Morera","Alto (> 8 mts)",140,"Grande",-68.8589243013,-32.895847264,5,"1",0.185148665048544
21870,"Morera","Alto (> 8 mts)",107,"Grande",-68.8590027105,-32.8958486356,5,"1",0.185148665048544
21871,"Fresno europeo","Bajo (2 - 4 mts)",26,"Mediano",-68.8590726233,-32.8958516566,5,"0",0.0420032310177706
21875,"Fresno americano","Medio (4 - 8 mts)",96,"Grande",-68.8591872593,-32.8961037416,5,"0",0.0512455516014235
21886,"Paraiso","Alto (> 8 mts)",158,"Grande",-68.8591138535,-32.8968595698,5,"0",0.0859023207481815
21887,"Morera","Alto (> 8 mts)",115,"Grande",-68.8590583064,-32.8968601898,5,"1",0.185148665048544
21889,"Fresno europeo","Medio (4 - 8 mts)",42,"Mediano",-68.8589100273,-32.8968593355,5,"0",0.0420032310177706
21891,"Morera","Alto (> 8 mts)",128,"Grande",-68.858669602,-32.8968644056,5,"0",0.185148665048544
21899,"Morera","Alto (> 8 mts)",180,"Grande",-68.8578971806,-32.8968732306,5,"0",0.185148665048544
21902,"Morera","Alto (> 8 mts)",105,"Grande",-68.8576486724,-32.8968812327,5,"1",0.185148665048544
21905,"Morera","Alto (> 8 mts)",114,"Grande",-68.8574377971,-32.8968805416,5,"1",0.185148665048544
21906,"Fresno europeo","Medio (4 - 8 mts)",86,"Grande",-68.857347588,-32.8968814306,5,"0",0.0420032310177706
21917,"Morera","Alto (> 8 mts)",120,"Grande",-68.8590851824,-32.8957161619,5,"1",0.185148665048544
21918,"Fresno europeo","Medio (4 - 8 mts)",50,"Mediano",-68.8590200807,-32.8957237529,5,"0",0.0420032310177706
21919,"Morera","Alto (> 8 mts)",180,"Grande",-68.8588911856,-32.8957225859,5,"0",0.185148665048544
21923,"Fresno europeo","Alto (> 8 mts)",140,"Grande",-68.8582535581,-32.8957118857,5,"0",0.0420032310177706
21925,"Paraiso","Alto (> 8 mts)",109,"Grande",-68.858088965,-32.8957108875,5,"0",0.0859023207481815
21929,"Morera","Alto (> 8 mts)",100,"Grande",-68.85772666,-32.8957001064,5,"0",0.185148665048544
21931,"Morera","Alto (> 8 mts)",100,"Grande",-68.857607387,-32.8956970852,5,"0",0.185148665048544
21932,"Olmo bola","Medio (4 - 8 mts)",110,"Grande",-68.8575293252,-32.8956550677,5,"0",0.0231481481481481
21942,"Paraiso","Alto (> 8 mts)",124,"Grande",-68.8581074095,-32.894264596,5,"0",0.0859023207481815
21943,"Paraiso","Medio (4 - 8 mts)",120,"Grande",-68.8580784554,-32.894191436,5,"0",0.0859023207481815
21947,"Paraiso","Bajo (2 - 4 mts)",54,"Mediano",-68.8578308941,-32.894077722,5,"0",0.0859023207481815
21948,"Perenne","Alto (> 8 mts)",128,"Grande",-68.8577629047,-32.8940872027,5,"0",0.0364741641337386
21949,"Perenne","Muy bajo (1 - 2 mts)",100,"Grande",-68.8576913855,-32.8940983924,5,"0",0.0364741641337386
21957,"Fresno europeo","Alto (> 8 mts)",110,"Grande",-68.8573545572,-32.8944670708,5,"0",0.0420032310177706
21960,"Morera","Alto (> 8 mts)",170,"Grande",-68.8573814937,-32.8946652031,5,"0",0.185148665048544
21963,"Fresno europeo","Alto (> 8 mts)",90,"Grande",-68.8574426236,-32.8948955674,5,"1",0.0420032310177706
21964,"Morera","Medio (4 - 8 mts)",80,"Grande",-68.8574600639,-32.8949898113,5,"0",0.185148665048544
21965,"Morera","Alto (> 8 mts)",115,"Grande",-68.8574718419,-32.8950432048,5,"1",0.185148665048544
21974,"Morera","Alto (> 8 mts)",112,"Grande",-68.8580874598,-32.894976436,5,"1",0.185148665048544
21975,"Morera","Alto (> 8 mts)",140,"Grande",-68.8581858176,-32.8949607003,5,"0",0.185148665048544
21978,"Morera","Alto (> 8 mts)",100,"Grande",-68.8582860212,-32.8945885958,5,"0",0.185148665048544
21983,"Paraiso","Alto (> 8 mts)",140,"Grande",-68.8581885687,-32.8943073381,5,"0",0.0859023207481815
21984,"Paraiso","Alto (> 8 mts)",88,"Grande",-68.8581721885,-32.8942577382,5,"0",0.0859023207481815
21985,"Fresno americano","Medio (4 - 8 mts)",46,"Mediano",-68.8581446278,-32.8941699625,5,"1",0.0512455516014235
21988,"Morera","Medio (4 - 8 mts)",80,"Grande",-68.8582512121,-32.8939993012,5,"0",0.185148665048544
21991,"Morera","Alto (> 8 mts)",117,"Grande",-68.8585357375,-32.8939441333,5,"0",0.185148665048544
21996,"Fresno europeo","Medio (4 - 8 mts)",83,"Grande",-68.8589030159,-32.8940581073,5,"1",0.0420032310177706
21998,"Fresno europeo","Alto (> 8 mts)",113,"Grande",-68.8589038356,-32.8942091703,5,"1",0.0420032310177706
22000,"Jacarand","Medio (4 - 8 mts)",56,"Mediano",-68.8589251444,-32.8945271018,5,"1",0.103064066852368
22003,"Fresno europeo","Muy bajo (1 - 2 mts)",2,"Chico",-68.858952259,-32.894797821,5,"0",0.0420032310177706
22008,"Fresno europeo","Alto (> 8 mts)",83,"Grande",-68.8585545882,-32.8949054395,5,"0",0.0420032310177706
22010,"Fresno europeo","Alto (> 8 mts)",90,"Grande",-68.8588920399,-32.8934309686,5,"0",0.0420032310177706
22013,"Fresno americano","Alto (> 8 mts)",90,"Grande",-68.8588896233,-32.8931350308,5,"0",0.0512455516014235
22014,"Paraiso","Alto (> 8 mts)",140,"Grande",-68.8588877414,-32.8930412528,5,"1",0.0859023207481815
22015,"Paraiso","Alto (> 8 mts)",160,"Grande",-68.8588853651,-32.8929895832,5,"1",0.0859023207481815
22019,"Morera","Alto (> 8 mts)",140,"Grande",-68.8586940422,-32.89282341,5,"1",0.185148665048544
22025,"Paraiso","Alto (> 8 mts)",140,"Grande",-68.8580529977,-32.8929337985,5,"0",0.0859023207481815
22028,"Fresno europeo","Medio (4 - 8 mts)",64,"Grande",-68.8575917965,-32.8930164299,5,"0",0.0420032310177706
22029,"Morera","Alto (> 8 mts)",115,"Grande",-68.8575425121,-32.8930253907,5,"0",0.185148665048544
22031,"Acacia SP","Alto (> 8 mts)",90,"Grande",-68.8573273058,-32.8930652706,5,"0",0.150492264416315
22033,"Morera","Alto (> 8 mts)",140,"Grande",-68.8570933883,-32.8931099077,5,"0",0.185148665048544
22034,"Morera","Alto (> 8 mts)",138,"Grande",-68.8570395533,-32.8931945132,5,"1",0.185148665048544
22036,"Morera","Alto (> 8 mts)",180,"Grande",-68.8570717614,-32.8933331418,5,"0",0.185148665048544
22038,"Pltano","Alto (> 8 mts)",190,"Grande",-68.8571279948,-32.8935454524,5,"0",0.0903973509933775
22040,"Fresno europeo","Muy bajo (1 - 2 mts)",12,"Chico",-68.8571664289,-32.8936819339,5,"0",0.0420032310177706
22050,"Morera","Medio (4 - 8 mts)",80,"Grande",-68.8577837342,-32.8939607191,5,"0",0.185148665048544
22056,"Fresno americano","Medio (4 - 8 mts)",63,"Grande",-68.8583050209,-32.8938655512,5,"0",0.0512455516014235
22057,"Fresno americano","Alto (> 8 mts)",100,"Grande",-68.8583876618,-32.8938501358,5,"0",0.0512455516014235
22058,"Morera","Alto (> 8 mts)",142,"Grande",-68.858501122,-32.8938292106,5,"1",0.185148665048544
22059,"Morera","Alto (> 8 mts)",130,"Grande",-68.8586455473,-32.8938051626,5,"0",0.185148665048544
22061,"Ailanthus","Alto (> 8 mts)",104,"Grande",-68.85394107,-32.8981857608,5,"0",0.0380952380952381
22062,"Pltano","Alto (> 8 mts)",240,"Grande",-68.8539325303,-32.8981139763,5,"0",0.0903973509933775
22065,"Pltano","Alto (> 8 mts)",200,"Grande",-68.853898811,-32.8978848173,5,"0",0.0903973509933775
22066,"Pltano","Alto (> 8 mts)",190,"Grande",-68.8538853893,-32.8977920177,5,"0",0.0903973509933775
22067,"Pltano","Alto (> 8 mts)",8,"Chico",-68.8538654312,-32.8976396997,5,"1",0.0903973509933775
22068,"Fresno americano","Bajo (2 - 4 mts)",54,"Mediano",-68.8538480935,-32.8975279591,5,"0",0.0512455516014235
22071,"Pltano","Alto (> 8 mts)",144,"Grande",-68.8538025058,-32.8972367499,5,"0",0.0903973509933775
22072,"Pltano","Alto (> 8 mts)",215,"Grande",-68.8537936611,-32.8971555874,5,"0",0.0903973509933775
22073,"Fresno europeo","Alto (> 8 mts)",120,"Grande",-68.8537797918,-32.8970751404,5,"1",0.0420032310177706
22079,"Fresno europeo","Alto (> 8 mts)",72,"Grande",-68.8540616184,-32.8967344493,5,"0",0.0420032310177706
22082,"Paraiso","Alto (> 8 mts)",200,"Grande",-68.8544295018,-32.8966963768,5,"1",0.0859023207481815
22083,"Fresno europeo","Medio (4 - 8 mts)",100,"Grande",-68.8545460839,-32.896842406,5,"0",0.0420032310177706
22084,"Acer","Medio (4 - 8 mts)",48,"Mediano",-68.8545588729,-32.8969957083,5,"0",0.0204081632653061
22086,"Fresno europeo","Alto (> 8 mts)",121,"Grande",-68.8545843362,-32.8972417192,5,"0",0.0420032310177706
22091,"Fresno europeo","Alto (> 8 mts)",144,"Grande",-68.8546448562,-32.8979461902,5,"1",0.0420032310177706
22099,"Paraiso","Alto (> 8 mts)",180,"Grande",-68.8554856885,-32.8979236749,5,"0",0.0859023207481815
22102,"Fresno europeo","Alto (> 8 mts)",124,"Grande",-68.855470167,-32.8977157479,5,"0",0.0420032310177706
22106,"Morera","Alto (> 8 mts)",120,"Grande",-68.855447411,-32.8973865756,5,"1",0.185148665048544
22109,"Fresno europeo","Alto (> 8 mts)",95,"Grande",-68.8554325095,-32.8970681353,5,"0",0.0420032310177706
22110,"Morera","Alto (> 8 mts)",130,"Grande",-68.8553377128,-32.8970184327,5,"1",0.185148665048544
22111,"Fresno europeo","Alto (> 8 mts)",115,"Grande",-68.8552266711,-32.8970194683,5,"0",0.0420032310177706
22112,"Fresno europeo","Alto (> 8 mts)",120,"Grande",-68.8551164969,-32.8970206932,5,"0",0.0420032310177706
22121,"Fresno americano","Alto (> 8 mts)",150,"Grande",-68.8546804406,-32.8974271283,5,"0",0.0512455516014235
22124,"Fresno europeo","Alto (> 8 mts)",106,"Grande",-68.8547191852,-32.8979181664,5,"1",0.0420032310177706
22125,"Fresno europeo","Medio (4 - 8 mts)",25,"Mediano",-68.8547242716,-32.8979850552,5,"0",0.0420032310177706
22130,"Ailanthus","Alto (> 8 mts)",300,"Grande",-68.8551031708,-32.8982070402,5,"0",0.0380952380952381
22133,"Fresno europeo","Alto (> 8 mts)",62,"Grande",-68.8555016306,-32.898103687,5,"0",0.0420032310177706
22136,"Fresno europeo","Medio (4 - 8 mts)",28,"Mediano",-68.8556031502,-32.8991106301,5,"1",0.0420032310177706
22140,"Morera","Alto (> 8 mts)",98,"Grande",-68.8555666213,-32.8987005306,5,"0",0.185148665048544
22143,"Morera","Alto (> 8 mts)",88,"Grande",-68.8555392514,-32.8984327483,5,"0",0.185148665048544
22145,"Fresno europeo","Alto (> 8 mts)",62,"Grande",-68.855470682,-32.8983101483,5,"1",0.0420032310177706
22147,"Fresno europeo","Alto (> 8 mts)",40,"Mediano",-68.8553787039,-32.8983114594,5,"0",0.0420032310177706
22149,"Morera","Alto (> 8 mts)",68,"Grande",-68.8551807152,-32.8983174059,5,"0",0.185148665048544
22151,"Morera","Alto (> 8 mts)",110,"Grande",-68.8548531938,-32.8983247816,5,"1",0.185148665048544
22158,"Fresno europeo","Alto (> 8 mts)",92,"Grande",-68.8540655457,-32.8983557865,5,"0",0.0420032310177706
22159,"Morera","Bajo (2 - 4 mts)",10,"Chico",-68.8539799009,-32.8984265576,5,"0",0.185148665048544
22161,"Morera","Alto (> 8 mts)",112,"Grande",-68.8540139856,-32.8986938584,5,"0",0.185148665048544
22163,"Pltano","Alto (> 8 mts)",122,"Grande",-68.8540377623,-32.898859707,5,"1",0.0903973509933775
22164,"Morera","Alto (> 8 mts)",88,"Grande",-68.8540469919,-32.8989671091,5,"0",0.185148665048544
22166,"Morera","Alto (> 8 mts)",98,"Grande",-68.8540704559,-32.8991281784,5,"0",0.185148665048544
22168,"Pltano","Alto (> 8 mts)",172,"Grande",-68.8541031113,-32.8993072796,5,"0",0.0903973509933775
22171,"Morera","Alto (> 8 mts)",114,"Grande",-68.854398712,-32.899379772,5,"1",0.185148665048544
22173,"Morera","Bajo (2 - 4 mts)",28,"Mediano",-68.8546533593,-32.8993711271,5,"0",0.185148665048544
22175,"Morera","Alto (> 8 mts)",102,"Grande",-68.854782666,-32.8993695678,5,"0",0.185148665048544
22178,"Fresno europeo","Alto (> 8 mts)",62,"Grande",-68.8551699339,-32.8993642876,5,"0",0.0420032310177706
22181,"Morera","Alto (> 8 mts)",148,"Grande",-68.8555273373,-32.8993615668,5,"1",0.185148665048544
22182,"Fresno europeo","Bajo (2 - 4 mts)",22,"Mediano",-68.8557413456,-32.8983009543,5,"0",0.0420032310177706
22183,"Morera","Bajo (2 - 4 mts)",14,"Chico",-68.8558444837,-32.898299975,5,"0",0.185148665048544
22186,"Morera","Alto (> 8 mts)",92,"Grande",-68.85605702,-32.8982915546,5,"0",0.185148665048544
22188,"Fresno europeo","Muy bajo (1 - 2 mts)",6,"Chico",-68.8562263795,-32.8982865846,5,"0",0.0420032310177706
22189,"Paraiso","Alto (> 8 mts)",152,"Grande",-68.8563237676,-32.8982788175,5,"0",0.0859023207481815
22197,"Fresno europeo","Alto (> 8 mts)",150,"Grande",-68.8568552374,-32.8985776035,5,"0",0.0420032310177706
22198,"Fresno europeo","Medio (4 - 8 mts)",48,"Mediano",-68.8568589128,-32.8986183398,5,"0",0.0420032310177706
22199,"Fresno europeo","Alto (> 8 mts)",52,"Mediano",-68.8568718376,-32.8987562231,5,"0",0.0420032310177706
22201,"Morera","Bajo (2 - 4 mts)",12,"Chico",-68.856884058,-32.8989334192,5,"0",0.185148665048544
22202,"Morera","Alto (> 8 mts)",158,"Grande",-68.8568884656,-32.8989840993,5,"1",0.185148665048544
22203,"Morera","Alto (> 8 mts)",98,"Grande",-68.8568850707,-32.8990347704,5,"0",0.185148665048544
22204,"Fresno europeo","Bajo (2 - 4 mts)",98,"Grande",-68.8568947001,-32.8990951045,5,"0",0.0420032310177706
22205,"Morera","Alto (> 8 mts)",102,"Grande",-68.8569012994,-32.8991786988,5,"0",0.185148665048544
22206,"Olmo comun","Medio (4 - 8 mts)",32,"Mediano",-68.8569048279,-32.8992443459,5,"0",0.0227272727272727
22209,"Morera","Alto (> 8 mts)",128,"Grande",-68.856673511,-32.8993430469,5,"1",0.185148665048544
22211,"Fresno europeo","Alto (> 8 mts)",78,"Grande",-68.8565225499,-32.8993484137,5,"0",0.0420032310177706
22212,"Fresno europeo","Alto (> 8 mts)",156,"Grande",-68.8562917894,-32.8993470667,5,"0",0.0420032310177706
22214,"Fresno europeo","Medio (4 - 8 mts)",28,"Mediano",-68.8561005825,-32.8993509296,5,"0",0.0420032310177706
22217,"Fresno europeo","Medio (4 - 8 mts)",38,"Mediano",-68.8558371979,-32.89935538,5,"0",0.0420032310177706
22219,"Morera","Alto (> 8 mts)",86,"Grande",-68.8557430826,-32.8992588807,5,"0",0.185148665048544
22221,"Morera","Alto (> 8 mts)",88,"Grande",-68.855726705,-32.8990760892,5,"0",0.185148665048544
22223,"Fresno europeo","Bajo (2 - 4 mts)",48,"Mediano",-68.8557135537,-32.898881179,5,"0",0.0420032310177706
22225,"Fresno europeo","Medio (4 - 8 mts)",48,"Mediano",-68.8556873186,-32.8986264609,5,"0",0.0420032310177706
22226,"Fresno europeo","Alto (> 8 mts)",88,"Grande",-68.8556765098,-32.8985241065,5,"0",0.0420032310177706
22227,"Fresno europeo","Alto (> 8 mts)",62,"Grande",-68.8556707392,-32.8984575551,5,"0",0.0420032310177706
22229,"Fresno americano","Bajo (2 - 4 mts)",25,"Mediano",-68.8556458987,-32.8981259992,5,"0",0.0512455516014235
22231,"Fresno europeo","Alto (> 8 mts)",103,"Grande",-68.8556391194,-32.8979854836,5,"0",0.0420032310177706
22232,"Paraiso","Medio (4 - 8 mts)",98,"Grande",-68.8556312508,-32.8978944939,5,"0",0.0859023207481815
22233,"Paraiso","Alto (> 8 mts)",98,"Grande",-68.8556287956,-32.8978451605,5,"0",0.0859023207481815
22234,"Morera","Alto (> 8 mts)",108,"Grande",-68.8556217247,-32.8977711488,5,"0",0.185148665048544
22235,"Fresno europeo","Medio (4 - 8 mts)",73,"Grande",-68.8556164767,-32.8977118773,5,"1",0.0420032310177706
22236,"Fresno europeo","Medio (4 - 8 mts)",86,"Grande",-68.8556118481,-32.8976661635,5,"0",0.0420032310177706
22240,"Acacia SP","Alto (> 8 mts)",94,"Grande",-68.8555802665,-32.8973684789,5,"0",0.150492264416315
22243,"Fresno europeo","Medio (4 - 8 mts)",95,"Grande",-68.8555583338,-32.8971185951,5,"0",0.0420032310177706
22245,"Fresno europeo","Alto (> 8 mts)",168,"Grande",-68.8556048886,-32.8970102819,5,"1",0.0420032310177706
22248,"Morera","Alto (> 8 mts)",150,"Grande",-68.8559067171,-32.8970069088,5,"1",0.185148665048544
22249,"Fresno europeo","Alto (> 8 mts)",107,"Grande",-68.8560037939,-32.8970050946,5,"1",0.0420032310177706
22251,"Olmo comun","Alto (> 8 mts)",97,"Grande",-68.8562094953,-32.8970045441,5,"0",0.0227272727272727
22252,"Fresno europeo","Alto (> 8 mts)",125,"Grande",-68.8563012149,-32.897002215,5,"0",0.0420032310177706
22253,"Fresno europeo","Alto (> 8 mts)",104,"Grande",-68.8563869518,-32.8970002973,5,"0",0.0420032310177706
22255,"Fresno europeo","Alto (> 8 mts)",136,"Grande",-68.8565992591,-32.8969992777,5,"0",0.0420032310177706
22258,"Fresno europeo","Alto (> 8 mts)",91,"Grande",-68.8567378594,-32.8970930194,5,"0",0.0420032310177706
22259,"Fresno europeo","Bajo (2 - 4 mts)",18,"Chico",-68.8567455573,-32.8971764743,5,"0",0.0420032310177706
22262,"Fresno europeo","Medio (4 - 8 mts)",93,"Grande",-68.8567724549,-32.897478778,5,"0",0.0420032310177706
22266,"Olmo comun","Alto (> 8 mts)",133,"Grande",-68.8567832199,-32.897735196,5,"0",0.0227272727272727
22267,"Fresno europeo","Alto (> 8 mts)",82,"Grande",-68.8567946161,-32.8978126345,5,"1",0.0420032310177706
22268,"Olmo comun","Bajo (2 - 4 mts)",24,"Mediano",-68.8567991072,-32.8979230039,5,"0",0.0227272727272727
22270,"Caducifolio","Medio (4 - 8 mts)",20,"Chico",-68.8568128721,-32.898043527,5,"0",0.0512249443207127
22272,"Prunas","Medio (4 - 8 mts)",22,"Mediano",-68.8567651788,-32.8981499034,5,"0",0.0321782178217822
22274,"Fresno europeo","Medio (4 - 8 mts)",74,"Grande",-68.8566624619,-32.8981535638,5,"0",0.0420032310177706
22276,"Fresno europeo","Medio (4 - 8 mts)",70,"Grande",-68.8565349877,-32.8981572579,5,"0",0.0420032310177706
22282,"Morera","Alto (> 8 mts)",113,"Grande",-68.855924708,-32.8981843652,5,"0",0.185148665048544
22283,"Morera","Alto (> 8 mts)",125,"Grande",-68.8558504208,-32.898186624,5,"1",0.185148665048544
22286,"Morera","Alto (> 8 mts)",168,"Grande",-68.8571033076,-32.8969961785,5,"0",0.185148665048544
22288,"Ailanthus","Alto (> 8 mts)",140,"Grande",-68.8572779203,-32.8969969929,5,"0",0.0380952380952381
22289,"Fresno americano","Medio (4 - 8 mts)",45,"Mediano",-68.8573477154,-32.8969959905,5,"0",0.0512455516014235
22291,"Morera","Alto (> 8 mts)",140,"Grande",-68.8575688114,-32.8969964166,5,"0",0.185148665048544
22294,"Morera","Medio (4 - 8 mts)",112,"Grande",-68.8579481234,-32.8969970572,5,"0",0.185148665048544
22297,"Morera","Alto (> 8 mts)",138,"Grande",-68.8580520392,-32.8970912784,5,"0",0.185148665048544
22301,"Pltano","Alto (> 8 mts)",112,"Grande",-68.8580774349,-32.8974306216,5,"0",0.0903973509933775
22302,"Fresno europeo","Bajo (2 - 4 mts)",72,"Grande",-68.8580821277,-32.8975119522,5,"0",0.0420032310177706
22312,"Morera","Alto (> 8 mts)",155,"Grande",-68.8578017927,-32.8981105916,5,"0",0.185148665048544
22314,"Braquiquito","Medio (4 - 8 mts)",56,"Mediano",-68.8576002772,-32.8981179906,5,"0",0
22315,"Fresno europeo","Alto (> 8 mts)",118,"Grande",-68.8574693666,-32.8981238323,5,"0",0.0420032310177706
22316,"Morera","Medio (4 - 8 mts)",109,"Grande",-68.8572727113,-32.8981303905,5,"1",0.185148665048544
22319,"Fresno europeo","Bajo (2 - 4 mts)",38,"Mediano",-68.8570195754,-32.8981413336,5,"0",0.0420032310177706
22329,"Morera","Alto (> 8 mts)",160,"Grande",-68.8568966394,-32.8973573687,5,"0",0.185148665048544
22338,"Morera","Alto (> 8 mts)",100,"Grande",-68.858297135,-32.8984762133,5,"0",0.185148665048544
22345,"Morera","Alto (> 8 mts)",140,"Grande",-68.85833755,-32.89914607,5,"1",0.185148665048544
22346,"Morera","Alto (> 8 mts)",120,"Grande",-68.8583418417,-32.8992029715,5,"0",0.185148665048544
22347,"Morera","Bajo (2 - 4 mts)",50,"Mediano",-68.8583471998,-32.8992620572,5,"0",0.185148665048544
22350,"Morera","Alto (> 8 mts)",160,"Grande",-68.8586094937,-32.8993282487,5,"1",0.185148665048544
22351,"Fresno europeo","Alto (> 8 mts)",100,"Grande",-68.8587099657,-32.8993276409,5,"0",0.0420032310177706
22353,"Fresno europeo","Alto (> 8 mts)",110,"Grande",-68.8589484318,-32.8993227237,5,"0",0.0420032310177706
22354,"Morera","Alto (> 8 mts)",180,"Grande",-68.8590246423,-32.8993213669,5,"1",0.185148665048544
22359,"Morera","Alto (> 8 mts)",140,"Grande",-68.8595044937,-32.8993059597,5,"0",0.185148665048544
22361,"Fresno europeo","Medio (4 - 8 mts)",80,"Grande",-68.8595505737,-32.899146717,5,"1",0.0420032310177706
22362,"Fresno europeo","Alto (> 8 mts)",95,"Grande",-68.8595453035,-32.8990863213,5,"0",0.0420032310177706
22367,"Fresno europeo","Medio (4 - 8 mts)",67,"Grande",-68.8594912633,-32.8985987832,5,"0",0.0420032310177706
22369,"Paraiso","Alto (> 8 mts)",115,"Grande",-68.8594751248,-32.8984432199,5,"0",0.0859023207481815
22372,"Morera","Alto (> 8 mts)",145,"Grande",-68.8593942559,-32.8981672991,5,"0",0.185148665048544
22373,"Morera","Medio (4 - 8 mts)",85,"Grande",-68.8593106674,-32.8981699165,5,"0",0.185148665048544
22375,"Morera","Medio (4 - 8 mts)",65,"Grande",-68.8591521521,-32.8981751481,5,"0",0.185148665048544
22377,"Morera","Alto (> 8 mts)",140,"Grande",-68.8589788303,-32.8981810744,5,"0",0.185148665048544
22378,"Fresno europeo","Bajo (2 - 4 mts)",60,"Mediano",-68.8588637698,-32.8981852591,5,"0",0.0420032310177706
22379,"Fresno europeo","Bajo (2 - 4 mts)",45,"Mediano",-68.8587816797,-32.8981886271,5,"0",0.0420032310177706
22380,"Braquiquito","Alto (> 8 mts)",160,"Grande",-68.8586777783,-32.8981930976,5,"0",0
22385,"Fresno europeo","Bajo (2 - 4 mts)",33,"Mediano",-68.8583246114,-32.8982097399,5,"0",0.0420032310177706
22387,"Fresno europeo","Medio (4 - 8 mts)",85,"Grande",-68.8597359119,-32.8981766654,5,"0",0.0420032310177706
22389,"Paraiso","Alto (> 8 mts)",140,"Grande",-68.8599171728,-32.8981768984,5,"1",0.0859023207481815
22390,"Morera","Medio (4 - 8 mts)",78,"Grande",-68.8601316751,-32.8981711495,5,"0",0.185148665048544
22391,"Fresno europeo","Alto (> 8 mts)",108,"Grande",-68.8601987593,-32.8981708963,5,"0",0.0420032310177706
22395,"Tipa","Alto (> 8 mts)",67,"Grande",-68.8605090727,-32.8981648607,5,"0",0.101123595505618
22397,"Fresno europeo","Medio (4 - 8 mts)",95,"Grande",-68.8606205264,-32.8981623574,5,"1",0.0420032310177706
22398,"Morera","Alto (> 8 mts)",180,"Grande",-68.860685084,-32.8981620777,5,"1",0.185148665048544
22399,"Fresno europeo","Medio (4 - 8 mts)",65,"Grande",-68.8607726677,-32.8981580789,5,"0",0.0420032310177706
22400,"Fresno europeo","Medio (4 - 8 mts)",78,"Grande",-68.8608372953,-32.8981553944,5,"0",0.0420032310177706
22403,"Morera","Alto (> 8 mts)",130,"Grande",-68.8609520892,-32.8983593943,5,"1",0.185148665048544
22406,"Acer","Bajo (2 - 4 mts)",25,"Mediano",-68.8609746518,-32.8986011311,5,"0",0.0204081632653061
22407,"Pltano","Alto (> 8 mts)",185,"Grande",-68.8609919367,-32.8987970246,5,"0",0.0903973509933775
22411,"Fresno americano","Medio (4 - 8 mts)",47,"Mediano",-68.8610228457,-32.8991122043,5,"1",0.0512455516014235
22412,"Morera","Medio (4 - 8 mts)",100,"Grande",-68.861029914,-32.8991717237,5,"0",0.185148665048544
22415,"Fresno europeo","Medio (4 - 8 mts)",77,"Grande",-68.860874682,-32.8992908763,5,"0",0.0420032310177706
22416,"Fresno europeo","Medio (4 - 8 mts)",77,"Grande",-68.8608176346,-32.8992923294,5,"0",0.0420032310177706
22419,"Morera","Alto (> 8 mts)",180,"Grande",-68.8604655784,-32.8993008485,5,"0",0.185148665048544
22420,"Morera","Alto (> 8 mts)",150,"Grande",-68.8603101283,-32.899302298,5,"1",0.185148665048544
22421,"Morera","Alto (> 8 mts)",130,"Grande",-68.8602135879,-32.8993033623,5,"1",0.185148665048544
22422,"Fresno europeo","Alto (> 8 mts)",73,"Grande",-68.86010881,-32.8993043821,5,"0",0.0420032310177706
22429,"Fresno europeo","Alto (> 8 mts)",120,"Grande",-68.8596549765,-32.8989578507,5,"1",0.0420032310177706
22438,"Paraiso","Medio (4 - 8 mts)",142,"Grande",-68.8620734259,-32.8981343119,5,"1",0.0859023207481815
22440,"Paraiso","Medio (4 - 8 mts)",140,"Grande",-68.8619277442,-32.8981347823,5,"0",0.0859023207481815
22441,"Olmo comun","Alto (> 8 mts)",140,"Grande",-68.8618783254,-32.8981365014,5,"0",0.0227272727272727
22442,"Fresno europeo","Alto (> 8 mts)",145,"Grande",-68.8617642049,-32.8981404626,5,"1",0.0420032310177706
22443,"Paraiso","Alto (> 8 mts)",160,"Grande",-68.8617091616,-32.8981396804,5,"0",0.0859023207481815
22444,"Paraiso","Alto (> 8 mts)",145,"Grande",-68.8616545336,-32.8981446712,5,"0",0.0859023207481815
22445,"Paraiso","Alto (> 8 mts)",160,"Grande",-68.8615428055,-32.8981449479,5,"1",0.0859023207481815
22447,"Morera","Muy bajo (1 - 2 mts)",15,"Chico",-68.8613842452,-32.8981489985,5,"0",0.185148665048544
22450,"Fresno europeo","Alto (> 8 mts)",95,"Grande",-68.8610799099,-32.8981995134,5,"0",0.0420032310177706
22451,"Fresno europeo","Medio (4 - 8 mts)",65,"Grande",-68.8610826349,-32.8982642307,5,"0",0.0420032310177706
22452,"Paraiso","Medio (4 - 8 mts)",95,"Grande",-68.8610921566,-32.8983953471,5,"0",0.0859023207481815
22456,"Morera","Alto (> 8 mts)",160,"Grande",-68.8611235286,-32.8986338791,5,"1",0.185148665048544
22459,"Morera","Medio (4 - 8 mts)",73,"Grande",-68.8611363603,-32.8988356917,5,"1",0.185148665048544
22463,"Morera","Alto (> 8 mts)",145,"Grande",-68.8611642868,-32.8990905405,5,"0",0.185148665048544
22471,"Morera","Alto (> 8 mts)",160,"Grande",-68.8619856782,-32.899279941,5,"1",0.185148665048544
22472,"Morera","Medio (4 - 8 mts)",55,"Mediano",-68.8620645039,-32.8992793355,5,"1",0.185148665048544
22478,"Paraiso","Alto (> 8 mts)",160,"Grande",-68.8622538675,-32.8989780424,5,"0",0.0859023207481815
22480,"Morera","Alto (> 8 mts)",200,"Grande",-68.8622347781,-32.8988537224,5,"0",0.185148665048544
22481,"Paraiso","Alto (> 8 mts)",160,"Grande",-68.8622229576,-32.8987779448,5,"1",0.0859023207481815
22482,"Paraiso","Alto (> 8 mts)",140,"Grande",-68.8622117926,-32.8987075141,5,"0",0.0859023207481815
22483,"Paraiso","Alto (> 8 mts)",144,"Grande",-68.8622004528,-32.8985850268,5,"0",0.0859023207481815
22484,"Paraiso","Alto (> 8 mts)",130,"Grande",-68.8621929207,-32.8985456984,5,"1",0.0859023207481815
22486,"Paraiso","Alto (> 8 mts)",140,"Grande",-68.8621631594,-32.8983722768,5,"0",0.0859023207481815
22487,"Paraiso","Alto (> 8 mts)",126,"Grande",-68.8621582074,-32.8983261048,5,"0",0.0859023207481815
22489,"Paraiso","Alto (> 8 mts)",140,"Grande",-68.8621465803,-32.8982422348,5,"0",0.0859023207481815
22493,"Fresno europeo","Bajo (2 - 4 mts)",28,"Mediano",-68.8596467542,-32.9000650173,5,"0",0.0420032310177706
22496,"Morera","Bajo (2 - 4 mts)",35,"Mediano",-68.8596786991,-32.9003169845,5,"0",0.185148665048544
22500,"Morera","Alto (> 8 mts)",140,"Grande",-68.859316022,-32.9003943928,5,"0",0.185148665048544
22502,"Morera","Alto (> 8 mts)",140,"Grande",-68.8590011343,-32.9003965629,5,"1",0.185148665048544
22503,"Morera","Alto (> 8 mts)",105,"Grande",-68.8589238495,-32.9004008038,5,"1",0.185148665048544
22504,"Fresno europeo","Medio (4 - 8 mts)",95,"Grande",-68.8587603138,-32.9004015209,5,"0",0.0420032310177706
22505,"Morera","Alto (> 8 mts)",140,"Grande",-68.8586651879,-32.9004002412,5,"0",0.185148665048544
22512,"Fresno europeo","Bajo (2 - 4 mts)",35,"Mediano",-68.8597307712,-32.8996946962,5,"0",0.0420032310177706
22514,"Morera","Medio (4 - 8 mts)",100,"Grande",-68.859780292,-32.8994158508,5,"1",0.185148665048544
22517,"Fresno europeo","Bajo (2 - 4 mts)",35,"Mediano",-68.8600562548,-32.8994099464,5,"0",0.0420032310177706
22519,"Morera","Medio (4 - 8 mts)",90,"Grande",-68.8603000437,-32.8994126509,5,"1",0.185148665048544
22520,"Morera","Alto (> 8 mts)",125,"Grande",-68.860381203,-32.8994119652,5,"1",0.185148665048544
22521,"Morera","Medio (4 - 8 mts)",90,"Grande",-68.8604481173,-32.8994109533,5,"1",0.185148665048544
22523,"Fresno europeo","Medio (4 - 8 mts)",55,"Mediano",-68.8606652891,-32.8994045852,5,"0",0.0420032310177706
22538,"Fresno americano","Bajo (2 - 4 mts)",32,"Mediano",-68.8606288154,-32.9003767472,5,"0",0.0512455516014235
22539,"Morera","Alto (> 8 mts)",125,"Grande",-68.8604649413,-32.9003779449,5,"1",0.185148665048544
22542,"Morera","Alto (> 8 mts)",140,"Grande",-68.8600498841,-32.9003888297,5,"0",0.185148665048544
22543,"Olmo comun","Alto (> 8 mts)",142,"Grande",-68.8599640548,-32.9003890943,5,"0",0.0227272727272727
22545,"Morera","Alto (> 8 mts)",195,"Grande",-68.8612464166,-32.8994056823,5,"1",0.185148665048544
22547,"Acacia SP","Alto (> 8 mts)",120,"Grande",-68.8620046169,-32.8993985144,5,"1",0.150492264416315
22549,"Morera","Alto (> 8 mts)",148,"Grande",-68.8622047509,-32.8993986269,5,"0",0.185148665048544
22553,"Fresno europeo","Medio (4 - 8 mts)",48,"Mediano",-68.8623537576,-32.8998570634,5,"1",0.0420032310177706
22555,"Paraiso","Alto (> 8 mts)",102,"Grande",-68.8623681889,-32.9000155189,5,"0",0.0859023207481815
22561,"Paraiso","Alto (> 8 mts)",120,"Grande",-68.8622984137,-32.9003523741,5,"0",0.0859023207481815
22570,"Morera","Alto (> 8 mts)",72,"Grande",-68.8614761931,-32.9003620688,5,"1",0.185148665048544
22572,"Fresno europeo","Alto (> 8 mts)",108,"Grande",-68.8612820354,-32.9002568139,5,"0",0.0420032310177706
22574,"Morera","Alto (> 8 mts)",140,"Grande",-68.8612646827,-32.9000983812,5,"0",0.185148665048544
22576,"Morera","Alto (> 8 mts)",180,"Grande",-68.8612446268,-32.8998605218,5,"1",0.185148665048544
22579,"Morera","Alto (> 8 mts)",148,"Grande",-68.8612237834,-32.8996629996,5,"1",0.185148665048544
22580,"Fresno europeo","Muy bajo (1 - 2 mts)",8,"Chico",-68.8612188494,-32.8996137673,5,"0",0.0420032310177706
22583,"Morera","Alto (> 8 mts)",150,"Grande",-68.8614070192,-32.9014929128,5,"0",0.185148665048544
22584,"Morera","Alto (> 8 mts)",62,"Grande",-68.8614052623,-32.9014543185,5,"1",0.185148665048544
22587,"Morera","Alto (> 8 mts)",135,"Grande",-68.8613851209,-32.9012784666,5,"1",0.185148665048544
22588,"Algarrobo","Alto (> 8 mts)",98,"Grande",-68.8613649694,-32.9011091069,5,"1",0.4
22590,"Morera","Medio (4 - 8 mts)",60,"Mediano",-68.8613460275,-32.9008968577,5,"0",0.185148665048544
22591,"Morera","Medio (4 - 8 mts)",81,"Grande",-68.8613443237,-32.9008344832,5,"0",0.185148665048544
22592,"Fresno americano","Alto (> 8 mts)",108,"Grande",-68.8613298076,-32.9006951939,5,"0",0.0512455516014235
22593,"Morera","Alto (> 8 mts)",108,"Grande",-68.8613224047,-32.9006444277,5,"1",0.185148665048544
22594,"Paraiso","Medio (4 - 8 mts)",68,"Grande",-68.8613138225,-32.9005273698,5,"0",0.0859023207481815
22597,"Fresno europeo","Alto (> 8 mts)",119,"Grande",-68.8614987019,-32.9004796048,5,"0",0.0420032310177706
22599,"Ligustro","Medio (4 - 8 mts)",32,"Mediano",-68.8616591204,-32.900480657,5,"0",0.0138888888888889
22604,"Paraiso","Alto (> 8 mts)",105,"Grande",-68.8621785726,-32.9004733057,5,"0",0.0859023207481815
22607,"Morera","Alto (> 8 mts)",74,"Grande",-68.8624252561,-32.9005027191,5,"0",0.185148665048544
22608,"Fresno europeo","Medio (4 - 8 mts)",30,"Mediano",-68.86243219,-32.9005807229,5,"0",0.0420032310177706
22609,"Pltano","Alto (> 8 mts)",128,"Grande",-68.8624493924,-32.9007119378,5,"0",0.0903973509933775
22610,"Pltano","Alto (> 8 mts)",130,"Grande",-68.8624602775,-32.900803291,5,"0",0.0903973509933775
22611,"Morera","Alto (> 8 mts)",128,"Grande",-68.8624783402,-32.9009422613,5,"1",0.185148665048544
22616,"Fresno europeo","Medio (4 - 8 mts)",90,"Grande",-68.8625238957,-32.9014385629,5,"0",0.0420032310177706
22624,"Olmo comun","Medio (4 - 8 mts)",110,"Grande",-68.8614867137,-32.9015369739,5,"0",0.0227272727272727
22625,"Morera","Alto (> 8 mts)",120,"Grande",-68.8611735881,-32.9005483398,5,"0",0.185148665048544
22626,"Morera","Alto (> 8 mts)",160,"Grande",-68.8611853208,-32.9006470636,5,"0",0.185148665048544
22628,"Fresno europeo","Medio (4 - 8 mts)",90,"Grande",-68.8612002805,-32.9008458028,5,"0",0.0420032310177706
22632,"Algarrobo","Medio (4 - 8 mts)",80,"Grande",-68.861252676,-32.9012865251,5,"1",0.4
22633,"Morera","Medio (4 - 8 mts)",100,"Grande",-68.8612678852,-32.9014035381,5,"0",0.185148665048544
22636,"Fresno europeo","Alto (> 8 mts)",160,"Grande",-68.8610509415,-32.9015427346,5,"1",0.0420032310177706
22637,"Paraiso","Medio (4 - 8 mts)",65,"Grande",-68.8609509223,-32.9015454258,5,"1",0.0859023207481815
22640,"Fresno europeo","Alto (> 8 mts)",150,"Grande",-68.8605851271,-32.9015487939,5,"0",0.0420032310177706
22643,"Morera","Medio (4 - 8 mts)",95,"Grande",-68.8601605175,-32.9015541924,5,"0",0.185148665048544
22645,"Paraiso","Alto (> 8 mts)",160,"Grande",-68.8600188531,-32.9014433965,5,"0",0.0859023207481815
22649,"Morera","Alto (> 8 mts)",130,"Grande",-68.8599450625,-32.9010606366,5,"0",0.185148665048544
22650,"Morera","Alto (> 8 mts)",148,"Grande",-68.8599130083,-32.9009174123,5,"1",0.185148665048544
22652,"Morera","Bajo (2 - 4 mts)",50,"Mediano",-68.8598511366,-32.9005683888,5,"0",0.185148665048544
22653,"Fresno europeo","Alto (> 8 mts)",155,"Grande",-68.8599004314,-32.9004942349,5,"0",0.0420032310177706
22655,"Fresno europeo","Medio (4 - 8 mts)",60,"Mediano",-68.8600100845,-32.9004947184,5,"0",0.0420032310177706
22659,"Morera","Alto (> 8 mts)",150,"Grande",-68.8604280478,-32.9004977879,5,"0",0.185148665048544
22660,"Morera","Alto (> 8 mts)",200,"Grande",-68.8605333088,-32.9004990388,5,"0",0.185148665048544
22661,"Fresno europeo","Medio (4 - 8 mts)",65,"Grande",-68.8606608376,-32.9004973073,5,"0",0.0420032310177706
22663,"Fresno europeo","Alto (> 8 mts)",100,"Grande",-68.8608628202,-32.9004925143,5,"0",0.0420032310177706
22669,"Fresno europeo","Medio (4 - 8 mts)",28,"Mediano",-68.8538291418,-32.9007076787,5,"0",0.0420032310177706
22670,"Morera","Alto (> 8 mts)",94,"Grande",-68.8537279267,-32.9007100868,5,"1",0.185148665048544
22677,"Morera","Alto (> 8 mts)",176,"Grande",-68.8531493939,-32.9006103012,2,"1",0.185148665048544
22679,"Morera","Muy bajo (1 - 2 mts)",10,"Chico",-68.853088785,-32.9003542357,2,"0",0.185148665048544
22680,"Morera","Alto (> 8 mts)",176,"Grande",-68.8530767804,-32.9002896984,2,"0",0.185148665048544
22688,"Morera","Muy bajo (1 - 2 mts)",4,"Chico",-68.8528939011,-32.8996966681,2,"0",0.185148665048544
22690,"Morera","Alto (> 8 mts)",152,"Grande",-68.8528586025,-32.8995835546,2,"0",0.185148665048544
22693,"Pltano","Alto (> 8 mts)",148,"Grande",-68.8531445383,-32.8995065744,5,"0",0.0903973509933775
22696,"Morera","Alto (> 8 mts)",132,"Grande",-68.8535210585,-32.8995045878,5,"0",0.185148665048544
22701,"Paraiso","Alto (> 8 mts)",102,"Grande",-68.8540193743,-32.8995521621,5,"1",0.0859023207481815
22703,"Morera","Medio (4 - 8 mts)",58,"Mediano",-68.8540243682,-32.8996758222,5,"1",0.185148665048544
22705,"Pltano","Alto (> 8 mts)",158,"Grande",-68.8540403656,-32.899849785,5,"0",0.0903973509933775
22706,"Morera","Alto (> 8 mts)",28,"Mediano",-68.8540496776,-32.8999363392,5,"0",0.185148665048544
22708,"Morera","Alto (> 8 mts)",98,"Grande",-68.8540745213,-32.9001029104,5,"1",0.185148665048544
22709,"Morera","Alto (> 8 mts)",182,"Grande",-68.8540836602,-32.9001796549,5,"0",0.185148665048544
22710,"Paraiso","Alto (> 8 mts)",184,"Grande",-68.8540915311,-32.9002247486,5,"0",0.0859023207481815
22712,"Morera","Medio (4 - 8 mts)",40,"Mediano",-68.8540456974,-32.9008641738,5,"0",0.185148665048544
22715,"Pltano","Alto (> 8 mts)",182,"Grande",-68.8539041384,-32.9018663272,2,"0",0.0903973509933775
22716,"Pltano","Alto (> 8 mts)",178,"Grande",-68.8538001331,-32.9018688205,2,"0",0.0903973509933775
22717,"Morera","Alto (> 8 mts)",152,"Grande",-68.8536571319,-32.9018643747,2,"0",0.185148665048544
22723,"Morera","Alto (> 8 mts)",112,"Grande",-68.8532968925,-32.9014345154,2,"0",0.185148665048544
22724,"Fresno europeo","Alto (> 8 mts)",88,"Grande",-68.8532938963,-32.9013672017,2,"0",0.0420032310177706
22725,"Morera","Alto (> 8 mts)",104,"Grande",-68.8532805495,-32.9012712146,2,"0",0.185148665048544
22726,"Paraiso","Alto (> 8 mts)",118,"Grande",-68.8532634975,-32.9011936375,2,"0",0.0859023207481815
22728,"Paraiso","Alto (> 8 mts)",110,"Grande",-68.8532626765,-32.9008476328,2,"0",0.0859023207481815
22730,"Paraiso","Alto (> 8 mts)",118,"Grande",-68.8534436907,-32.9008399689,2,"0",0.0859023207481815
22732,"Morera","Alto (> 8 mts)",86,"Grande",-68.8538630808,-32.9008328522,5,"0",0.185148665048544
22733,"Paraiso","Alto (> 8 mts)",162,"Grande",-68.8539506106,-32.9008329527,5,"0",0.0859023207481815
22735,"Morera","Alto (> 8 mts)",66,"Grande",-68.8541697428,-32.9008941645,5,"0",0.185148665048544
22736,"Morera","Medio (4 - 8 mts)",82,"Grande",-68.8541790516,-32.9009534164,5,"0",0.185148665048544
22739,"Morera","Alto (> 8 mts)",104,"Grande",-68.8542022863,-32.9012112024,5,"0",0.185148665048544
22741,"Morera","Alto (> 8 mts)",96,"Grande",-68.8542107981,-32.9013186126,5,"0",0.185148665048544
22742,"Morera","Alto (> 8 mts)",92,"Grande",-68.8542206341,-32.9014038483,5,"1",0.185148665048544
22744,"Morera","Alto (> 8 mts)",98,"Grande",-68.8542467516,-32.9015690954,5,"0",0.185148665048544
22746,"Morera","Medio (4 - 8 mts)",30,"Mediano",-68.8542726261,-32.9017261188,5,"0",0.185148665048544
22748,"Fresno europeo","Medio (4 - 8 mts)",48,"Mediano",-68.8540592519,-32.9021797554,2,"0",0.0420032310177706
22754,"Fresno europeo","Alto (> 8 mts)",68,"Grande",-68.8534220605,-32.9020064266,2,"0",0.0420032310177706
22763,"Fresno europeo","Alto (> 8 mts)",48,"Mediano",-68.8546028574,-32.9023136585,5,"0",0.0420032310177706
22764,"Morera","Medio (4 - 8 mts)",68,"Grande",-68.8544715146,-32.9017354638,5,"0",0.185148665048544
22766,"Morera","Alto (> 8 mts)",88,"Grande",-68.8546988435,-32.9017356966,5,"0",0.185148665048544
22768,"Morera","Alto (> 8 mts)",152,"Grande",-68.8550848281,-32.9017259555,5,"1",0.185148665048544
22769,"Morera","Alto (> 8 mts)",168,"Grande",-68.8552531781,-32.9017240766,5,"0",0.185148665048544
22770,"Paraiso","Alto (> 8 mts)",98,"Grande",-68.8553344585,-32.9017238343,5,"0",0.0859023207481815
22771,"Morera","Medio (4 - 8 mts)",52,"Mediano",-68.8554201892,-32.9017232599,5,"0",0.185148665048544
22772,"Morera","Medio (4 - 8 mts)",40,"Mediano",-68.8556488994,-32.9017239336,5,"1",0.185148665048544
22776,"Pltano","Alto (> 8 mts)",168,"Grande",-68.8573266007,-32.9017054503,5,"0",0.0903973509933775
22778,"Acacia SP","Alto (> 8 mts)",40,"Mediano",-68.8575574805,-32.9017029292,5,"0",0.150492264416315
22785,"Pltano","Alto (> 8 mts)",98,"Grande",-68.858364387,-32.9016921211,5,"0",0.0903973509933775
22790,"Paraiso","Alto (> 8 mts)",68,"Grande",-68.8588916491,-32.9016923251,5,"0",0.0859023207481815
22793,"Pltano","Alto (> 8 mts)",98,"Grande",-68.859133981,-32.901686905,5,"0",0.0903973509933775
22796,"Pltano","Alto (> 8 mts)",158,"Grande",-68.859430581,-32.9016837646,5,"1",0.0903973509933775
22800,"Morera","Alto (> 8 mts)",78,"Grande",-68.8599807436,-32.9017505398,5,"0",0.185148665048544
22801,"Morera","Alto (> 8 mts)",88,"Grande",-68.8600220335,-32.9018677354,5,"0",0.185148665048544
22802,"Morera","Alto (> 8 mts)",68,"Grande",-68.8600403066,-32.9019175481,5,"0",0.185148665048544
22803,"Fresno europeo","Alto (> 8 mts)",132,"Grande",-68.8600327538,-32.9020155002,5,"0",0.0420032310177706
22804,"Fresno americano","Alto (> 8 mts)",78,"Grande",-68.859923571,-32.9021516575,5,"0",0.0512455516014235
22809,"Morera","Medio (4 - 8 mts)",96,"Grande",-68.8593024439,-32.9023252713,5,"0",0.185148665048544
22810,"Fresno americano","Medio (4 - 8 mts)",36,"Mediano",-68.8591739313,-32.9023107753,5,"0",0.0512455516014235
22811,"Fresno americano","Medio (4 - 8 mts)",42,"Mediano",-68.8590872711,-32.9022945374,5,"0",0.0512455516014235
22818,"Fresno americano","Alto (> 8 mts)",54,"Mediano",-68.8584299264,-32.9022184136,5,"0",0.0512455516014235
22822,"Fresno americano","Medio (4 - 8 mts)",32,"Mediano",-68.8581206579,-32.9021782985,5,"0",0.0512455516014235
22824,"Fresno americano","Medio (4 - 8 mts)",32,"Mediano",-68.8579196739,-32.9021336169,5,"0",0.0512455516014235
22826,"Fresno europeo","Alto (> 8 mts)",92,"Grande",-68.8576907516,-32.9020617002,5,"0",0.0420032310177706
22827,"Morera","Alto (> 8 mts)",158,"Grande",-68.8575368987,-32.9020071251,5,"0",0.185148665048544
22829,"Fresno europeo","Alto (> 8 mts)",76,"Grande",-68.857247123,-32.9018099557,5,"0",0.0420032310177706
22830,"Caducifolio","Medio (4 - 8 mts)",42,"Mediano",-68.8572432555,-32.9017554892,5,"0",0.0512249443207127
22832,"Morera","Alto (> 8 mts)",105,"Grande",-68.8583889528,-32.901448341,5,"0",0.185148665048544
22834,"Morera","Alto (> 8 mts)",82,"Grande",-68.8559197974,-32.9005571578,5,"1",0.185148665048544
22842,"Paraiso","Medio (4 - 8 mts)",38,"Mediano",-68.8565802305,-32.9005411529,5,"0",0.0859023207481815
22848,"Fresno europeo","Alto (> 8 mts)",108,"Grande",-68.8570296812,-32.900699907,5,"0",0.0420032310177706
22850,"Morera","Muy bajo (1 - 2 mts)",10,"Chico",-68.8570368261,-32.9008431938,5,"0",0.185148665048544
22851,"Olmo comun","Medio (4 - 8 mts)",42,"Mediano",-68.8570390848,-32.9009009947,5,"0",0.0227272727272727
22852,"Fresno europeo","Medio (4 - 8 mts)",42,"Mediano",-68.8570459399,-32.9009585304,5,"0",0.0420032310177706
22861,"Pltano","Alto (> 8 mts)",166,"Grande",-68.8567358417,-32.9016001301,5,"0",0.0903973509933775
22864,"Pltano","Alto (> 8 mts)",170,"Grande",-68.8564686339,-32.9016043979,5,"0",0.0903973509933775
22866,"Pltano","Alto (> 8 mts)",168,"Grande",-68.8562409348,-32.9016065871,5,"0",0.0903973509933775
22867,"Pltano","Alto (> 8 mts)",198,"Grande",-68.8561031068,-32.9016096449,5,"0",0.0903973509933775
22868,"Pltano","Bajo (2 - 4 mts)",14,"Chico",-68.8560509498,-32.9016119257,5,"0",0.0903973509933775
22871,"Pltano","Alto (> 8 mts)",192,"Grande",-68.8559234534,-32.9013740834,5,"0",0.0903973509933775
22874,"Pltano","Alto (> 8 mts)",188,"Grande",-68.8558999975,-32.9011726143,5,"0",0.0903973509933775
22875,"Fresno europeo","Bajo (2 - 4 mts)",12,"Chico",-68.8558942189,-32.9011107517,5,"0",0.0420032310177706
22879,"Pltano","Alto (> 8 mts)",162,"Grande",-68.855860193,-32.900665833,5,"0",0.0903973509933775
22882,"Morera","Alto (> 8 mts)",142,"Grande",-68.8549347105,-32.9016245216,5,"0",0.185148665048544
22885,"Morera","Bajo (2 - 4 mts)",18,"Chico",-68.8546828989,-32.9016278729,5,"0",0.185148665048544
22886,"Morera","Alto (> 8 mts)",98,"Grande",-68.8546219511,-32.9016297488,5,"0",0.185148665048544
22888,"Morera","Alto (> 8 mts)",96,"Grande",-68.8544730606,-32.9016280428,5,"1",0.185148665048544
22890,"Morera","Medio (4 - 8 mts)",42,"Mediano",-68.8542333624,-32.9003891254,5,"0",0.185148665048544
22892,"Morera","Alto (> 8 mts)",98,"Grande",-68.8541943895,-32.9001381981,5,"1",0.185148665048544
22893,"Fresno europeo","Alto (> 8 mts)",159,"Grande",-68.8541849948,-32.9000733286,5,"0",0.0420032310177706
22895,"Fresno europeo","Alto (> 8 mts)",96,"Grande",-68.854162357,-32.8998760665,5,"0",0.0420032310177706
22896,"Fresno europeo","Alto (> 8 mts)",42,"Mediano",-68.8541591782,-32.8998402566,5,"0",0.0420032310177706
22899,"Fresno europeo","Alto (> 8 mts)",88,"Grande",-68.8541338704,-32.8996300431,5,"0",0.0420032310177706
22903,"Morera","Alto (> 8 mts)",164,"Grande",-68.854403454,-32.8994865377,5,"1",0.185148665048544
22906,"Morera","Bajo (2 - 4 mts)",16,"Chico",-68.8546568091,-32.8994826675,5,"0",0.185148665048544
22911,"Fresno europeo","Medio (4 - 8 mts)",56,"Mediano",-68.8550486702,-32.8994787673,5,"0",0.0420032310177706
22912,"Fresno europeo","Alto (> 8 mts)",36,"Mediano",-68.855103668,-32.8994771286,5,"0",0.0420032310177706
22916,"Morera","Medio (4 - 8 mts)",28,"Mediano",-68.8555470725,-32.8994727725,5,"0",0.185148665048544
22918,"Fresno europeo","Alto (> 8 mts)",88,"Grande",-68.8556430033,-32.8996038421,5,"0",0.0420032310177706
22919,"Paraiso","Alto (> 8 mts)",88,"Grande",-68.8556501494,-32.8996527599,5,"0",0.0859023207481815
22927,"Pltano","Alto (> 8 mts)",182,"Grande",-68.855695815,-32.9002306112,5,"0",0.0903973509933775
22929,"Morera","Medio (4 - 8 mts)",40,"Mediano",-68.8557012519,-32.9003376147,5,"0",0.185148665048544
22936,"Morera","Medio (4 - 8 mts)",162,"Grande",-68.8552385529,-32.900448069,5,"1",0.185148665048544
22938,"Paraiso","Alto (> 8 mts)",92,"Grande",-68.8550621054,-32.9004520213,5,"0",0.0859023207481815
22939,"Morera","Bajo (2 - 4 mts)",28,"Mediano",-68.8549810481,-32.9004479049,5,"0",0.185148665048544
22940,"Jacarand","Medio (4 - 8 mts)",36,"Mediano",-68.8548960185,-32.9004473031,5,"0",0.103064066852368
22941,"Fresno europeo","Bajo (2 - 4 mts)",8,"Chico",-68.854705005,-32.9004497133,5,"0",0.0420032310177706
22944,"Morera","Alto (> 8 mts)",96,"Grande",-68.8543892514,-32.9004583629,5,"0",0.185148665048544
22946,"Pltano","Alto (> 8 mts)",152,"Grande",-68.8558326986,-32.9003803099,5,"0",0.0903973509933775
22951,"Pltano","Alto (> 8 mts)",162,"Grande",-68.8558001369,-32.8999978782,5,"0",0.0903973509933775
22952,"Pltano","Alto (> 8 mts)",172,"Grande",-68.8557935089,-32.8999325917,5,"0",0.0903973509933775
22957,"Fresno europeo","Bajo (2 - 4 mts)",6,"Chico",-68.8557729414,-32.899596041,5,"0",0.0420032310177706
22958,"Pltano","Alto (> 8 mts)",162,"Grande",-68.8557704762,-32.8995567452,5,"0",0.0903973509933775
22961,"Fresno europeo","Bajo (2 - 4 mts)",32,"Mediano",-68.8560285633,-32.8994610081,5,"0",0.0420032310177706
22964,"Morera","Medio (4 - 8 mts)",108,"Grande",-68.8562365628,-32.8994592637,5,"0",0.185148665048544
22965,"Morera","Alto (> 8 mts)",88,"Grande",-68.8563091365,-32.8994597077,5,"1",0.185148665048544
22968,"Morera","Alto (> 8 mts)",82,"Grande",-68.8566007211,-32.8994569587,5,"0",0.185148665048544
22969,"Fresno europeo","Alto (> 8 mts)",98,"Grande",-68.8567582675,-32.899457518,5,"0",0.0420032310177706
22975,"Fresno europeo","Medio (4 - 8 mts)",42,"Mediano",-68.8569562507,-32.8998355529,5,"0",0.0420032310177706
22977,"Fresno europeo","Alto (> 8 mts)",56,"Mediano",-68.856966932,-32.8999729827,5,"0",0.0420032310177706
22984,"Morera","Alto (> 8 mts)",108,"Grande",-68.8567763796,-32.9004234294,5,"0",0.185148665048544
22987,"Morera","Alto (> 8 mts)",132,"Grande",-68.856483107,-32.9004329892,5,"1",0.185148665048544
22988,"Morera","Alto (> 8 mts)",108,"Grande",-68.8564382021,-32.900433769,5,"1",0.185148665048544
22991,"Morera","Alto (> 8 mts)",98,"Grande",-68.8561466012,-32.9004294691,5,"1",0.185148665048544
22995,"Fresno europeo","Alto (> 8 mts)",48,"Mediano",-68.8571133274,-32.9001290524,5,"0",0.0420032310177706
22996,"Morera","Alto (> 8 mts)",152,"Grande",-68.8571011848,-32.8999696196,5,"1",0.185148665048544
22997,"Fresno europeo","Medio (4 - 8 mts)",36,"Mediano",-68.8570939251,-32.8998977466,5,"0",0.0420032310177706
22998,"Paraiso","Alto (> 8 mts)",98,"Grande",-68.8570814211,-32.8997637412,5,"0",0.0859023207481815
22999,"Fresno europeo","Alto (> 8 mts)",98,"Grande",-68.857075771,-32.8996879927,5,"0",0.0420032310177706
23002,"Morera","Alto (> 8 mts)",82,"Grande",-68.8571244636,-32.8994508136,5,"1",0.185148665048544
23003,"Morera","Medio (4 - 8 mts)",36,"Mediano",-68.857269765,-32.8994542211,5,"0",0.185148665048544
23005,"Prunas","Bajo (2 - 4 mts)",22,"Mediano",-68.8577189175,-32.8994473022,5,"1",0.0321782178217822
23012,"Olmo comun","Medio (4 - 8 mts)",32,"Mediano",-68.8582451296,-32.8997110726,5,"0",0.0227272727272727
23013,"Olmo comun","Medio (4 - 8 mts)",58,"Mediano",-68.8582512409,-32.8997629601,5,"1",0.0227272727272727
23018,"Fresno europeo","Muy bajo (1 - 2 mts)",4,"Chico",-68.8582907119,-32.9002344473,5,"0",0.0420032310177706
23020,"Morera","Alto (> 8 mts)",104,"Grande",-68.8582362324,-32.9004008827,5,"0",0.185148665048544
23021,"Fresno europeo","Bajo (2 - 4 mts)",18,"Chico",-68.8581427258,-32.9004029326,5,"0",0.0420032310177706
23024,"Fresno europeo","Medio (4 - 8 mts)",22,"Mediano",-68.8577727057,-32.9004070297,5,"0",0.0420032310177706
23025,"Morera","Alto (> 8 mts)",38,"Mediano",-68.8576693334,-32.9004072313,5,"0",0.185148665048544
23027,"Morera","Alto (> 8 mts)",104,"Grande",-68.8572482862,-32.9004186491,5,"0",0.185148665048544
23029,"Morera","Bajo (2 - 4 mts)",18,"Chico",-68.8625042991,-32.901643354,5,"0",0.185148665048544
23031,"Morera","Alto (> 8 mts)",82,"Grande",-68.8623428989,-32.9016439879,5,"0",0.185148665048544
23032,"Morera","Alto (> 8 mts)",44,"Mediano",-68.8622503344,-32.9016443368,5,"0",0.185148665048544
23033,"Morera","Alto (> 8 mts)",92,"Grande",-68.8621756219,-32.9016454556,5,"0",0.185148665048544
23034,"Morera","Alto (> 8 mts)",56,"Mediano",-68.8620923484,-32.9016469155,5,"0",0.185148665048544
23036,"Morera","Alto (> 8 mts)",104,"Grande",-68.8619514757,-32.9016462903,5,"0",0.185148665048544
23040,"Morera","Medio (4 - 8 mts)",36,"Mediano",-68.8614984763,-32.901654597,5,"0",0.185148665048544
23041,"Morera","Bajo (2 - 4 mts)",10,"Chico",-68.8614276436,-32.9017018573,5,"0",0.185148665048544
23042,"Morera","Alto (> 8 mts)",102,"Grande",-68.8614366765,-32.9018042091,5,"0",0.185148665048544
23043,"Morera","Alto (> 8 mts)",88,"Grande",-68.8614468874,-32.9019051196,5,"0",0.185148665048544
23044,"Morera","Alto (> 8 mts)",86,"Grande",-68.8614499796,-32.901969684,5,"0",0.185148665048544
23048,"Morera","Alto (> 8 mts)",108,"Grande",-68.8617073772,-32.9021077048,5,"0",0.185148665048544
23049,"Fresno europeo","Medio (4 - 8 mts)",22,"Mediano",-68.8618190597,-32.9021172591,5,"0",0.0420032310177706
23053,"Acer","Medio (4 - 8 mts)",76,"Grande",-68.8622588805,-32.9021308081,5,"0",0.0204081632653061
23055,"lamo criollo","Muy bajo (1 - 2 mts)",8,"Chico",-68.8623902393,-32.9021345595,5,"0",0.0128205128205128
23056,"Olmo comun","Medio (4 - 8 mts)",66,"Grande",-68.8625242254,-32.9021376752,5,"0",0.0227272727272727
23057,"Morera","Alto (> 8 mts)",98,"Grande",-68.8625969797,-32.902069683,5,"0",0.185148665048544
23058,"Morera","Alto (> 8 mts)",62,"Grande",-68.8625930805,-32.9020163005,5,"0",0.185148665048544
23060,"Morera","Alto (> 8 mts)",92,"Grande",-68.8625733863,-32.9018573235,5,"0",0.185148665048544
23068,"Paraiso","Medio (4 - 8 mts)",22,"Mediano",-68.8610794724,-32.901659362,5,"0",0.0859023207481815
23070,"Morera","Medio (4 - 8 mts)",36,"Mediano",-68.8612465557,-32.9016601093,5,"0",0.185148665048544
23073,"Fresno europeo","Bajo (2 - 4 mts)",45,"Mediano",-68.8472326951,-32.9014801852,2,"0",0.0420032310177706
23074,"Prunas","Bajo (2 - 4 mts)",55,"Mediano",-68.8472226877,-32.9012701694,2,"0",0.0321782178217822
23075,"Morera","Alto (> 8 mts)",118,"Grande",-68.8472167832,-32.9012229136,2,"0",0.185148665048544
23077,"Fresno europeo","Alto (> 8 mts)",210,"Grande",-68.8472067003,-32.9010569002,2,"0",0.0420032310177706
23081,"Fresno europeo","Alto (> 8 mts)",82,"Grande",-68.847321457,-32.9007058321,2,"0",0.0420032310177706
23084,"Fresno europeo","Alto (> 8 mts)",118,"Grande",-68.8477206045,-32.9008095623,2,"0",0.0420032310177706
23088,"Morera","Alto (> 8 mts)",190,"Grande",-68.8477917913,-32.9009702743,2,"0",0.185148665048544
23090,"Paraiso","Alto (> 8 mts)",172,"Grande",-68.8478002083,-32.901065439,2,"1",0.0859023207481815
23091,"Morera","Alto (> 8 mts)",194,"Grande",-68.8478058504,-32.9011312999,2,"0",0.185148665048544
23092,"Paraiso","Alto (> 8 mts)",124,"Grande",-68.8478088884,-32.9012192337,2,"1",0.0859023207481815
23094,"Paraiso","Alto (> 8 mts)",184,"Grande",-68.8478183533,-32.9013216609,2,"0",0.0859023207481815
23096,"Paraiso","Alto (> 8 mts)",124,"Grande",-68.8478244712,-32.9014305925,2,"1",0.0859023207481815
23097,"Paraiso","Alto (> 8 mts)",150,"Grande",-68.8478260731,-32.9014938931,2,"0",0.0859023207481815
23099,"Paraiso","Alto (> 8 mts)",204,"Grande",-68.84782507,-32.9016122838,2,"0",0.0859023207481815
23101,"Morera","Alto (> 8 mts)",185,"Grande",-68.8472453786,-32.9017222143,2,"1",0.185148665048544
23102,"Morera","Alto (> 8 mts)",180,"Grande",-68.8472523506,-32.9017702828,2,"1",0.185148665048544
23109,"Fresno europeo","Alto (> 8 mts)",152,"Grande",-68.8474899898,-32.9022800277,2,"0",0.0420032310177706
23111,"Fresno europeo","Alto (> 8 mts)",190,"Grande",-68.8477570323,-32.9021957746,2,"0",0.0420032310177706
23115,"Fresno americano","Alto (> 8 mts)",104,"Grande",-68.8478471044,-32.90202817,2,"0",0.0512455516014235
23120,"Morera","Alto (> 8 mts)",130,"Grande",-68.8477806792,-32.9034165444,2,"0",0.185148665048544
23123,"Morera","Alto (> 8 mts)",146,"Grande",-68.8475295543,-32.9034470581,2,"1",0.185148665048544
23126,"Olmo comun","Medio (4 - 8 mts)",81,"Grande",-68.8473404237,-32.9034191302,2,"0",0.0227272727272727
23127,"Olmo comun","Bajo (2 - 4 mts)",76,"Grande",-68.8473381017,-32.9033395983,2,"0",0.0227272727272727
23129,"Olmo comun","Medio (4 - 8 mts)",117,"Grande",-68.84732422,-32.9032069428,2,"0",0.0227272727272727
23134,"Olmo comun","Alto (> 8 mts)",190,"Grande",-68.8472984784,-32.902573294,2,"0",0.0227272727272727
23140,"Fresno europeo","Alto (> 8 mts)",98,"Grande",-68.8477168916,-32.9023545133,2,"0",0.0420032310177706
23143,"Jacarand","Bajo (2 - 4 mts)",17,"Chico",-68.8478683405,-32.9024234065,2,"1",0.103064066852368
23144,"Morera","Alto (> 8 mts)",174,"Grande",-68.8478680361,-32.9024764255,2,"1",0.185148665048544
23146,"Paraiso","Alto (> 8 mts)",138,"Grande",-68.8478681094,-32.9025585695,2,"0",0.0859023207481815
23147,"Fresno americano","Medio (4 - 8 mts)",28,"Mediano",-68.8478721742,-32.9025836946,2,"0",0.0512455516014235
23148,"Fresno europeo","Medio (4 - 8 mts)",68,"Grande",-68.847869903,-32.9026279955,2,"0",0.0420032310177706
23150,"Fresno europeo","Alto (> 8 mts)",112,"Grande",-68.8478801578,-32.9027330512,2,"0",0.0420032310177706
23151,"Fresno europeo","Alto (> 8 mts)",284,"Grande",-68.8479007634,-32.902885772,2,"0",0.0420032310177706
23152,"Prunas","Bajo (2 - 4 mts)",35,"Mediano",-68.8479033734,-32.9029390353,2,"0",0.0321782178217822
23153,"Morera","Alto (> 8 mts)",270,"Grande",-68.8479071366,-32.9029886328,2,"1",0.185148665048544
23158,"Olmo comun","Medio (4 - 8 mts)",97,"Grande",-68.8479223163,-32.9033629427,2,"0",0.0227272727272727
23169,"Paraiso","Alto (> 8 mts)",130,"Grande",-68.8483565629,-32.9019456531,2,"0",0.0859023207481815
23171,"Paraiso","Alto (> 8 mts)",200,"Grande",-68.848156736,-32.9020403585,2,"0",0.0859023207481815
23173,"Paraiso","Alto (> 8 mts)",180,"Grande",-68.8479590787,-32.9019285793,2,"0",0.0859023207481815
23179,"Paraiso","Alto (> 8 mts)",240,"Grande",-68.8479407064,-32.9015460601,2,"0",0.0859023207481815
23183,"Morera","Alto (> 8 mts)",140,"Grande",-68.8479255037,-32.9012478527,2,"0",0.185148665048544
23190,"Morera","Alto (> 8 mts)",150,"Grande",-68.8481944806,-32.9009674835,2,"1",0.185148665048544
23196,"Paraiso","Medio (4 - 8 mts)",120,"Grande",-68.8485296424,-32.9011122505,2,"0",0.0859023207481815
23197,"Paraiso","Medio (4 - 8 mts)",130,"Grande",-68.8485844343,-32.9011362117,2,"0",0.0859023207481815
23198,"Paraiso","Medio (4 - 8 mts)",90,"Grande",-68.848732663,-32.9012123134,2,"0",0.0859023207481815
23200,"Paraiso","Alto (> 8 mts)",120,"Grande",-68.8488062263,-32.9012601919,2,"0",0.0859023207481815
23206,"Morera","Medio (4 - 8 mts)",110,"Grande",-68.8511341517,-32.9018197355,2,"0",0.185148665048544
23209,"Morera","Alto (> 8 mts)",80,"Grande",-68.851120749,-32.9017041662,2,"0",0.185148665048544
23212,"Morera","Alto (> 8 mts)",139,"Grande",-68.8511081317,-32.9015791769,2,"1",0.185148665048544
23219,"Tilo","Alto (> 8 mts)",80,"Grande",-68.8512256068,-32.9013834697,2,"0",0
23223,"Morera","Alto (> 8 mts)",180,"Grande",-68.851338422,-32.901373403,2,"0",0.185148665048544
23225,"Fresno americano","Alto (> 8 mts)",108,"Grande",-68.8514844681,-32.9015222391,2,"0",0.0512455516014235
23228,"Paraiso","Alto (> 8 mts)",132,"Grande",-68.8514952701,-32.9016054644,2,"1",0.0859023207481815
23229,"Morera","Alto (> 8 mts)",56,"Mediano",-68.8515082428,-32.9016964955,2,"1",0.185148665048544
23231,"Morera","Medio (4 - 8 mts)",160,"Grande",-68.8521845091,-32.9022058662,2,"0",0.185148665048544
23232,"Morera","Medio (4 - 8 mts)",140,"Grande",-68.8518721601,-32.9020275029,2,"1",0.185148665048544
23233,"Morera","Bajo (2 - 4 mts)",80,"Grande",-68.8518666182,-32.9019535578,2,"1",0.185148665048544
23235,"Morera","Medio (4 - 8 mts)",124,"Grande",-68.851908238,-32.9017762321,2,"1",0.185148665048544
23239,"Morera","Medio (4 - 8 mts)",124,"Grande",-68.8521935241,-32.9017733867,2,"0",0.185148665048544
23240,"Morera","Medio (4 - 8 mts)",160,"Grande",-68.8522692908,-32.901776065,2,"1",0.185148665048544
23248,"Morera","Medio (4 - 8 mts)",120,"Grande",-68.8526317156,-32.9016308932,2,"0",0.185148665048544
23251,"Morera","Bajo (2 - 4 mts)",28,"Mediano",-68.8521693337,-32.9016323563,2,"0",0.185148665048544
23253,"Fresno europeo","Bajo (2 - 4 mts)",22,"Mediano",-68.852060779,-32.9016332712,2,"0",0.0420032310177706
23256,"Fresno europeo","Bajo (2 - 4 mts)",60,"Mediano",-68.851815495,-32.9015871406,2,"0",0.0420032310177706
23259,"Fresno europeo","Bajo (2 - 4 mts)",70,"Grande",-68.8517930788,-32.9013765694,2,"0",0.0420032310177706
23261,"Fresno europeo","Medio (4 - 8 mts)",80,"Grande",-68.8517882282,-32.901272689,2,"0",0.0420032310177706
23262,"Fresno europeo","Medio (4 - 8 mts)",60,"Mediano",-68.8517866773,-32.9012412181,2,"0",0.0420032310177706
23263,"Morera","Medio (4 - 8 mts)",130,"Grande",-68.8518364354,-32.9011992529,2,"1",0.185148665048544
23264,"Morera","Alto (> 8 mts)",160,"Grande",-68.8519134064,-32.9011998906,2,"1",0.185148665048544
23265,"Morera","Medio (4 - 8 mts)",140,"Grande",-68.8519724086,-32.9011993292,2,"1",0.185148665048544
23267,"Morera","Alto (> 8 mts)",150,"Grande",-68.852101838,-32.9011975627,2,"0",0.185148665048544
23269,"Paraiso","Medio (4 - 8 mts)",100,"Grande",-68.8522160081,-32.9011959205,2,"1",0.0859023207481815
23271,"Morera","Medio (4 - 8 mts)",120,"Grande",-68.8523534606,-32.9011978862,2,"1",0.185148665048544
23272,"Morera","Medio (4 - 8 mts)",100,"Grande",-68.8524062602,-32.9011992109,2,"1",0.185148665048544
23275,"Fresno europeo","Bajo (2 - 4 mts)",70,"Grande",-68.8526846155,-32.9012496732,2,"0",0.0420032310177706
23278,"Paraiso sombrilla","Medio (4 - 8 mts)",140,"Grande",-68.8526960595,-32.9013744805,2,"0",0.022887323943662
23280,"Paraiso","Bajo (2 - 4 mts)",70,"Grande",-68.8527085081,-32.9014735909,2,"1",0.0859023207481815
23285,"Morera","Medio (4 - 8 mts)",52,"Mediano",-68.8524054261,-32.901127962,2,"0",0.185148665048544
23290,"Fresno europeo","Medio (4 - 8 mts)",126,"Grande",-68.85175156,-32.901068529,2,"1",0.0420032310177706
23294,"Fresno europeo","Bajo (2 - 4 mts)",20,"Chico",-68.8517225059,-32.9008185434,2,"0",0.0420032310177706
23301,"Morera","Medio (4 - 8 mts)",110,"Grande",-68.8521330686,-32.9006819898,2,"0",0.185148665048544
23303,"Paraiso","Bajo (2 - 4 mts)",60,"Mediano",-68.8522330977,-32.9006825805,2,"0",0.0859023207481815
23306,"Acer","Bajo (2 - 4 mts)",28,"Mediano",-68.8524014528,-32.9006796316,2,"0",0.0204081632653061
23307,"Paraiso sombrilla","Bajo (2 - 4 mts)",80,"Grande",-68.8524588555,-32.9006791782,2,"0",0.022887323943662
23308,"Acer","Medio (4 - 8 mts)",64,"Grande",-68.8525564434,-32.9006783916,2,"0",0.0204081632653061
23317,"Morera","Alto (> 8 mts)",190,"Grande",-68.8502574766,-32.9022524908,2,"1",0.185148665048544
23321,"Morera","Alto (> 8 mts)",120,"Grande",-68.850233858,-32.9020516101,2,"0",0.185148665048544
23326,"Morera","Alto (> 8 mts)",128,"Grande",-68.8501997696,-32.9017359968,2,"1",0.185148665048544
23327,"Tipa","Medio (4 - 8 mts)",78,"Grande",-68.8501874307,-32.9016934033,2,"0",0.101123595505618
23328,"Morera","Alto (> 8 mts)",300,"Grande",-68.8501730324,-32.9016112421,2,"1",0.185148665048544
23329,"Morera","Medio (4 - 8 mts)",62,"Grande",-68.8501706362,-32.9015476881,2,"1",0.185148665048544
23330,"Morera","Alto (> 8 mts)",160,"Grande",-68.8501671121,-32.9015089833,2,"1",0.185148665048544
23331,"Morera","Alto (> 8 mts)",110,"Grande",-68.8502313484,-32.9014647585,2,"0",0.185148665048544
23332,"Morera","Alto (> 8 mts)",128,"Grande",-68.850277633,-32.901458732,2,"0",0.185148665048544
23336,"Morera","Alto (> 8 mts)",168,"Grande",-68.8505152275,-32.9014425054,2,"0",0.185148665048544
23338,"Morera","Alto (> 8 mts)",98,"Grande",-68.850635282,-32.9014224285,2,"0",0.185148665048544
23339,"Morera","Alto (> 8 mts)",120,"Grande",-68.8506824297,-32.901431994,2,"0",0.185148665048544
23343,"Morera","Medio (4 - 8 mts)",78,"Grande",-68.8508493208,-32.9014169664,2,"0",0.185148665048544
23345,"Morera","Medio (4 - 8 mts)",102,"Grande",-68.8509423932,-32.9014591755,2,"0",0.185148665048544
23350,"Morera","Alto (> 8 mts)",138,"Grande",-68.8509606044,-32.9016538892,2,"0",0.185148665048544
23356,"Morera","Alto (> 8 mts)",118,"Grande",-68.8510126626,-32.9020656106,2,"0",0.185148665048544
23358,"Morera","Alto (> 8 mts)",102,"Grande",-68.8510334051,-32.9022291162,2,"0",0.185148665048544
23360,"Morera","Alto (> 8 mts)",86,"Grande",-68.851041541,-32.9023333621,2,"0",0.185148665048544
23362,"Morera","Alto (> 8 mts)",110,"Grande",-68.8509775431,-32.9023927063,2,"1",0.185148665048544
23365,"Morera","Alto (> 8 mts)",114,"Grande",-68.8507874686,-32.9024095216,2,"1",0.185148665048544
23366,"Morera","Alto (> 8 mts)",122,"Grande",-68.8507067618,-32.9024133927,2,"0",0.185148665048544
23370,"Morera","Medio (4 - 8 mts)",78,"Grande",-68.8494514149,-32.9032052843,2,"0",0.185148665048544
23371,"Caducifolio","Alto (> 8 mts)",145,"Grande",-68.8494432581,-32.9031617228,2,"0",0.0512249443207127
23374,"Fresno americano","Alto (> 8 mts)",140,"Grande",-68.849431765,-32.903005356,2,"0",0.0512455516014235
23376,"Fresno americano","Alto (> 8 mts)",134,"Grande",-68.8494286727,-32.9028746073,2,"1",0.0512455516014235
23377,"Fresno americano","Medio (4 - 8 mts)",150,"Grande",-68.8494237971,-32.9027870473,2,"1",0.0512455516014235
23379,"Fresno europeo","Medio (4 - 8 mts)",72,"Grande",-68.8494185314,-32.9026773955,2,"0",0.0420032310177706
23380,"Caducifolio","Medio (4 - 8 mts)",110,"Grande",-68.8494115318,-32.9025817178,2,"0",0.0512249443207127
23381,"Fresno americano","Alto (> 8 mts)",210,"Grande",-68.8494100309,-32.9025212126,2,"0",0.0512455516014235
23382,"Olmo comun","Alto (> 8 mts)",60,"Mediano",-68.8494095823,-32.9024073286,2,"0",0.0227272727272727
23389,"Fresno americano","Alto (> 8 mts)",142,"Grande",-68.8493752319,-32.9019255143,2,"0",0.0512455516014235
23391,"Fresno europeo","Alto (> 8 mts)",122,"Grande",-68.8493695482,-32.9018102715,2,"0",0.0420032310177706
23393,"Fresno americano","Bajo (2 - 4 mts)",96,"Grande",-68.8493611025,-32.9016515161,2,"0",0.0512455516014235
23394,"Ligustro","Medio (4 - 8 mts)",30,"Mediano",-68.84935799,-32.9015662603,2,"0",0.0138888888888889
23395,"Fresno americano","Alto (> 8 mts)",146,"Grande",-68.849357678,-32.901498002,2,"0",0.0512455516014235
23398,"Morera","Medio (4 - 8 mts)",110,"Grande",-68.849607726,-32.9014742279,2,"0",0.185148665048544
23399,"Morera","Medio (4 - 8 mts)",102,"Grande",-68.8496753914,-32.9014706123,2,"0",0.185148665048544
23402,"Morera","Alto (> 8 mts)",210,"Grande",-68.8499053186,-32.9014622323,2,"0",0.185148665048544
23404,"Morera","Alto (> 8 mts)",140,"Grande",-68.8500196413,-32.9014895104,2,"1",0.185148665048544
23405,"Morera","Alto (> 8 mts)",150,"Grande",-68.8500349203,-32.9015671489,2,"1",0.185148665048544
23406,"Acer","Medio (4 - 8 mts)",52,"Mediano",-68.8500400601,-32.9016143134,2,"0",0.0204081632653061
23407,"Morera","Alto (> 8 mts)",134,"Grande",-68.8500547097,-32.9017508865,2,"1",0.185148665048544
23409,"Morera","Alto (> 8 mts)",140,"Grande",-68.850079708,-32.9019357386,2,"0",0.185148665048544
23413,"Morera","Alto (> 8 mts)",118,"Grande",-68.8501008692,-32.9021275534,2,"0",0.185148665048544
23414,"Morera","Alto (> 8 mts)",182,"Grande",-68.8501072229,-32.9021882664,2,"0",0.185148665048544
23415,"Morera","Alto (> 8 mts)",120,"Grande",-68.8501183223,-32.9022997971,2,"0",0.185148665048544
23420,"Morera","Medio (4 - 8 mts)",108,"Grande",-68.8501581304,-32.9026857654,2,"0",0.185148665048544
23422,"Morera","Medio (4 - 8 mts)",98,"Grande",-68.8501681594,-32.9027912778,2,"0",0.185148665048544
23425,"Paraiso","Alto (> 8 mts)",116,"Grande",-68.8501887261,-32.9029555001,2,"1",0.0859023207481815
23426,"Paraiso","Alto (> 8 mts)",92,"Grande",-68.8502084794,-32.9030315362,2,"1",0.0859023207481815
23427,"Paraiso","Alto (> 8 mts)",86,"Grande",-68.8502100568,-32.903110436,2,"1",0.0859023207481815
23429,"Morera","Alto (> 8 mts)",152,"Grande",-68.850132142,-32.9031843308,2,"0",0.185148665048544
23430,"Paraiso","Bajo (2 - 4 mts)",40,"Mediano",-68.8500743924,-32.9031898962,2,"0",0.0859023207481815
23433,"Morera","Alto (> 8 mts)",128,"Grande",-68.8497132505,-32.903223625,2,"1",0.185148665048544
23436,"Paraiso","Medio (4 - 8 mts)",122,"Grande",-68.8487397268,-32.9032188524,2,"0",0.0859023207481815
23437,"Morera","Medio (4 - 8 mts)",60,"Mediano",-68.8487359895,-32.9031537458,2,"0",0.185148665048544
23440,"Fresno europeo","Bajo (2 - 4 mts)",23,"Mediano",-68.8487179504,-32.9028875452,2,"0",0.0420032310177706
23443,"Paraiso","Alto (> 8 mts)",150,"Grande",-68.8487056982,-32.9026754529,2,"0",0.0859023207481815
23444,"Olmo comun","Alto (> 8 mts)",140,"Grande",-68.8487041163,-32.9025999796,2,"0",0.0227272727272727
23445,"Olmo comun","Alto (> 8 mts)",120,"Grande",-68.8487038932,-32.9025426318,2,"0",0.0227272727272727
23451,"Morera","Medio (4 - 8 mts)",60,"Mediano",-68.8486803808,-32.9020381079,2,"0",0.185148665048544
23453,"Acacia SP","Muy bajo (1 - 2 mts)",5,"Chico",-68.8487147249,-32.9018927971,2,"0",0.150492264416315
23455,"Morera","Alto (> 8 mts)",196,"Grande",-68.8487958285,-32.9018438433,2,"0",0.185148665048544
23456,"Caducifolio","Alto (> 8 mts)",184,"Grande",-68.8488662316,-32.9018018195,2,"0",0.0512249443207127
23457,"Liquidambar","Muy bajo (1 - 2 mts)",10,"Chico",-68.8489254673,-32.9017627622,2,"0",0
23462,"Fresno europeo","Medio (4 - 8 mts)",92,"Grande",-68.8491692292,-32.901590767,2,"0",0.0420032310177706
23466,"Caducifolio","Medio (4 - 8 mts)",52,"Mediano",-68.8492517672,-32.9018052604,2,"0",0.0512249443207127
23468,"Fresno americano","Bajo (2 - 4 mts)",120,"Grande",-68.8492624269,-32.9019485518,2,"0",0.0512455516014235
23470,"Fresno americano","Alto (> 8 mts)",290,"Grande",-68.8492678156,-32.902111674,2,"1",0.0512455516014235
23473,"Morera","Alto (> 8 mts)",124,"Grande",-68.8492842631,-32.9023718314,2,"0",0.185148665048544
23475,"Morera","Alto (> 8 mts)",102,"Grande",-68.8492862324,-32.9024712901,2,"1",0.185148665048544
23488,"Morera","Alto (> 8 mts)",120,"Grande",-68.8491485741,-32.9032830958,2,"0",0.185148665048544
23489,"Morera","Alto (> 8 mts)",182,"Grande",-68.8490362093,-32.9032976577,2,"0",0.185148665048544
23490,"Morera","Alto (> 8 mts)",210,"Grande",-68.8489310164,-32.9033060967,2,"1",0.185148665048544
23492,"Morera","Alto (> 8 mts)",110,"Grande",-68.8488005735,-32.9033287518,2,"1",0.185148665048544
23499,"Morera","Alto (> 8 mts)",138,"Grande",-68.8480132606,-32.9028729849,2,"0",0.185148665048544
23500,"Fresno americano","Medio (4 - 8 mts)",83,"Grande",-68.8480114222,-32.9028228487,2,"0",0.0512455516014235
23501,"Morera","Alto (> 8 mts)",170,"Grande",-68.8480078691,-32.9027128382,2,"0",0.185148665048544
23502,"Fresno europeo","Alto (> 8 mts)",105,"Grande",-68.8479961313,-32.9025760376,2,"0",0.0420032310177706
23511,"Fresno europeo","Alto (> 8 mts)",124,"Grande",-68.8484396479,-32.9020514319,2,"0",0.0420032310177706
23518,"Fresno europeo","Alto (> 8 mts)",84,"Grande",-68.8486066464,-32.9029699151,2,"0",0.0420032310177706
23521,"Morera","Alto (> 8 mts)",104,"Grande",-68.8485382312,-32.9033505256,2,"1",0.185148665048544
23522,"Morera","Alto (> 8 mts)",120,"Grande",-68.8484362533,-32.9033540088,2,"0",0.185148665048544
23529,"Acacia SP","Medio (4 - 8 mts)",62,"Grande",-68.8516035858,-32.9024560282,2,"1",0.150492264416315
23530,"Fresno americano","Bajo (2 - 4 mts)",38,"Mediano",-68.8515491154,-32.9024280779,2,"0",0.0512455516014235
23532,"Fresno americano","Bajo (2 - 4 mts)",28,"Mediano",-68.8514351306,-32.9024342778,2,"1",0.0512455516014235
23533,"Acer","Medio (4 - 8 mts)",98,"Grande",-68.851343553,-32.9024409316,2,"1",0.0204081632653061
23535,"Morera","Alto (> 8 mts)",120,"Grande",-68.8511013497,-32.9024561885,2,"0",0.185148665048544
23539,"Paraiso","Alto (> 8 mts)",114,"Grande",-68.8508198758,-32.9024656751,2,"0",0.0859023207481815
23542,"Morera","Medio (4 - 8 mts)",122,"Grande",-68.8502841391,-32.9025336236,2,"0",0.185148665048544
23547,"Paraiso","Medio (4 - 8 mts)",72,"Grande",-68.8503307719,-32.9028972408,2,"0",0.0859023207481815
23551,"Fresno europeo","Bajo (2 - 4 mts)",30,"Mediano",-68.8504808508,-32.9031470982,2,"0",0.0420032310177706
23552,"Morera","Alto (> 8 mts)",122,"Grande",-68.8505386931,-32.90313788,2,"1",0.185148665048544
23554,"Morera","Alto (> 8 mts)",132,"Grande",-68.8506629918,-32.9031257159,2,"1",0.185148665048544
23555,"Morera","Alto (> 8 mts)",138,"Grande",-68.85076395,-32.9031124509,2,"1",0.185148665048544
23557,"Morera","Alto (> 8 mts)",132,"Grande",-68.8510214845,-32.9030886829,2,"0",0.185148665048544
23561,"Morera","Alto (> 8 mts)",132,"Grande",-68.8514517895,-32.9030486928,2,"1",0.185148665048544
23564,"Morera","Alto (> 8 mts)",162,"Grande",-68.8517439447,-32.9030242593,2,"0",0.185148665048544
23568,"Paraiso","Alto (> 8 mts)",128,"Grande",-68.8517865658,-32.9027198993,2,"0",0.0859023207481815
23570,"Morera","Medio (4 - 8 mts)",52,"Mediano",-68.851517182,-32.9017873153,2,"1",0.185148665048544
23571,"Morera","Alto (> 8 mts)",102,"Grande",-68.8515254409,-32.9018355484,2,"0",0.185148665048544
23574,"Acer","Medio (4 - 8 mts)",180,"Grande",-68.8515363801,-32.9019615185,2,"0",0.0204081632653061
23585,"Paraiso","Alto (> 8 mts)",90,"Grande",-68.851603805,-32.8979553257,2,"0",0.0859023207481815
23586,"Paraiso","Alto (> 8 mts)",180,"Grande",-68.8515586614,-32.8979577139,2,"0",0.0859023207481815
23587,"Paraiso","Alto (> 8 mts)",195,"Grande",-68.8515051777,-32.8979607847,2,"1",0.0859023207481815
23588,"Morera","Alto (> 8 mts)",130,"Grande",-68.8514451148,-32.8979629198,2,"1",0.185148665048544
23591,"Morera","Alto (> 8 mts)",210,"Grande",-68.8512635331,-32.8980052421,2,"0",0.185148665048544
23598,"Fresno europeo","Bajo (2 - 4 mts)",74,"Grande",-68.8476729721,-32.900662078,2,"0",0.0420032310177706
23600,"Fresno europeo","Alto (> 8 mts)",97,"Grande",-68.8475959409,-32.9006425978,2,"0",0.0420032310177706
23604,"Fresno europeo","Alto (> 8 mts)",119,"Grande",-68.8472369504,-32.900558032,2,"0",0.0420032310177706
23609,"Morera","Medio (4 - 8 mts)",72,"Grande",-68.8471597815,-32.9001832458,2,"0",0.185148665048544
23612,"Morera","Alto (> 8 mts)",280,"Grande",-68.8472226242,-32.8998142662,2,"1",0.185148665048544
23613,"Morera","Alto (> 8 mts)",290,"Grande",-68.8472655928,-32.8998136876,2,"1",0.185148665048544
23616,"Tilo","Medio (4 - 8 mts)",72,"Grande",-68.8475438234,-32.8998066675,2,"0",0
23617,"Morera","Alto (> 8 mts)",280,"Grande",-68.8476139102,-32.8998026953,2,"0",0.185148665048544
23618,"Olmo comun","Bajo (2 - 4 mts)",180,"Grande",-68.8476789364,-32.89980034,2,"0",0.0227272727272727
23621,"Morera","Alto (> 8 mts)",125,"Grande",-68.8477502878,-32.9002029414,2,"0",0.185148665048544
23624,"Fresno americano","Medio (4 - 8 mts)",32,"Mediano",-68.8477635701,-32.9004361346,2,"0",0.0512455516014235
23627,"Fresno europeo","Bajo (2 - 4 mts)",28,"Mediano",-68.8477740723,-32.9005988105,2,"0",0.0420032310177706
23628,"Olmo comun","Alto (> 8 mts)",500,"Grande",-68.8477749236,-32.900623489,2,"0",0.0227272727272727
23636,"Fresno europeo","Alto (> 8 mts)",120,"Grande",-68.8479995451,-32.9007653583,2,"0",0.0420032310177706
23638,"Paraiso sombrilla","Medio (4 - 8 mts)",112,"Grande",-68.8478859266,-32.9005771275,2,"0",0.022887323943662
23640,"Fresno americano","Bajo (2 - 4 mts)",4,"Chico",-68.8478806075,-32.9004373591,2,"0",0.0512455516014235
23641,"Fresno americano","Medio (4 - 8 mts)",87,"Grande",-68.8478521769,-32.8999367061,2,"0",0.0512455516014235
23644,"Morera","Alto (> 8 mts)",104,"Grande",-68.8479867895,-32.8997960926,2,"0",0.185148665048544
23649,"Morera","Medio (4 - 8 mts)",116,"Grande",-68.8483276558,-32.8997787667,2,"0",0.185148665048544
23650,"Morera","Medio (4 - 8 mts)",110,"Grande",-68.8483980719,-32.8997910249,2,"0",0.185148665048544
23652,"Morera","Alto (> 8 mts)",140,"Grande",-68.8484405974,-32.8999250676,2,"0",0.185148665048544
23653,"Morera","Alto (> 8 mts)",120,"Grande",-68.8484427043,-32.8999977798,2,"0",0.185148665048544
23654,"Fresno europeo","Medio (4 - 8 mts)",78,"Grande",-68.8484463476,-32.9000633037,2,"0",0.0420032310177706
23659,"Liquidambar","Alto (> 8 mts)",98,"Grande",-68.8484772241,-32.9005732469,2,"0",0
23662,"Fresno americano","Medio (4 - 8 mts)",68,"Grande",-68.8484882958,-32.900787592,2,"0",0.0512455516014235
23664,"Paraiso","Alto (> 8 mts)",200,"Grande",-68.8484963595,-32.9008854352,2,"0",0.0859023207481815
23665,"Fresno europeo","Alto (> 8 mts)",150,"Grande",-68.8491612787,-32.9013046413,2,"0",0.0420032310177706
23667,"Fresno europeo","Alto (> 8 mts)",130,"Grande",-68.8489492566,-32.9011875984,2,"0",0.0420032310177706
23669,"Morera","Medio (4 - 8 mts)",154,"Grande",-68.8488574272,-32.9011329352,2,"0",0.185148665048544
23670,"Fresno europeo","Medio (4 - 8 mts)",124,"Grande",-68.8487654894,-32.9010792636,2,"0",0.0420032310177706
23671,"Fresno europeo","Alto (> 8 mts)",4,"Chico",-68.8486864644,-32.9010376903,2,"0",0.0420032310177706
23672,"Fresno europeo","Alto (> 8 mts)",140,"Grande",-68.8486059028,-32.9008312861,2,"0",0.0420032310177706
23675,"Morera","Medio (4 - 8 mts)",78,"Grande",-68.8485942392,-32.9006504831,2,"0",0.185148665048544
23677,"Fresno europeo","Medio (4 - 8 mts)",110,"Grande",-68.8485847661,-32.9004386646,2,"0",0.0420032310177706
23678,"Fresno europeo","Medio (4 - 8 mts)",96,"Grande",-68.8485833929,-32.9003662573,2,"0",0.0420032310177706
23683,"Morera","Alto (> 8 mts)",164,"Grande",-68.8485626042,-32.8999577664,2,"1",0.185148665048544
23684,"Morera","Bajo (2 - 4 mts)",22,"Mediano",-68.8485541608,-32.8998318803,2,"0",0.185148665048544
23687,"Morera","Alto (> 8 mts)",132,"Grande",-68.8487573119,-32.8997477442,2,"0",0.185148665048544
23689,"Paraiso","Medio (4 - 8 mts)",90,"Grande",-68.8489317791,-32.8997392222,2,"0",0.0859023207481815
23690,"Fresno europeo","Bajo (2 - 4 mts)",68,"Grande",-68.8491404177,-32.8998350235,2,"0",0.0420032310177706
23691,"Fresno europeo","Medio (4 - 8 mts)",102,"Grande",-68.8491501308,-32.8999690264,2,"0",0.0420032310177706
23694,"Fresno europeo","Medio (4 - 8 mts)",78,"Grande",-68.8491606453,-32.9001977979,2,"0",0.0420032310177706
23697,"Fresno americano","Bajo (2 - 4 mts)",32,"Mediano",-68.8491738002,-32.9003822094,2,"0",0.0512455516014235
23700,"Caducifolio","Medio (4 - 8 mts)",90,"Grande",-68.849180058,-32.9006630934,2,"0",0.0512249443207127
23703,"Fresno americano","Medio (4 - 8 mts)",78,"Grande",-68.8491957984,-32.9008627285,2,"0",0.0512455516014235
23707,"Fresno europeo","Bajo (2 - 4 mts)",82,"Grande",-68.8491955389,-32.9011148588,2,"0",0.0420032310177706
23709,"Morera","Alto (> 8 mts)",108,"Grande",-68.849204667,-32.9012157689,2,"1",0.185148665048544
23710,"Morera","Alto (> 8 mts)",140,"Grande",-68.8500752429,-32.8999630157,2,"0",0.185148665048544
23714,"Morera","Alto (> 8 mts)",107,"Grande",-68.8500575804,-32.9002755997,2,"0",0.185148665048544
23715,"Morera","Alto (> 8 mts)",117,"Grande",-68.8500504846,-32.9003610723,2,"1",0.185148665048544
23719,"Morera","Alto (> 8 mts)",103,"Grande",-68.8500467335,-32.9006106557,2,"0",0.185148665048544
23720,"Morera","Medio (4 - 8 mts)",74,"Grande",-68.8500397327,-32.900698031,2,"0",0.185148665048544
23722,"Morera","Medio (4 - 8 mts)",79,"Grande",-68.8500345482,-32.9008569025,2,"0",0.185148665048544
23723,"Morera","Alto (> 8 mts)",103,"Grande",-68.8500300267,-32.9009394919,2,"0",0.185148665048544
23725,"Morera","Alto (> 8 mts)",88,"Grande",-68.8500214031,-32.9011094501,2,"0",0.185148665048544
23726,"Paraiso","Medio (4 - 8 mts)",106,"Grande",-68.850015602,-32.9011902346,2,"0",0.0859023207481815
23727,"Morera","Alto (> 8 mts)",78,"Grande",-68.8500119774,-32.9012663753,2,"1",0.185148665048544
23729,"Morera","Alto (> 8 mts)",106,"Grande",-68.8498415863,-32.9013444934,2,"0",0.185148665048544
23733,"Paraiso","Alto (> 8 mts)",93,"Grande",-68.8496378499,-32.9013508543,2,"0",0.0859023207481815
23735,"Paraiso","Alto (> 8 mts)",33,"Mediano",-68.8495367405,-32.9013547551,2,"0",0.0859023207481815
23736,"Paraiso","Alto (> 8 mts)",94,"Grande",-68.8494930621,-32.9013555817,2,"0",0.0859023207481815
23737,"Paraiso","Alto (> 8 mts)",91,"Grande",-68.8494496271,-32.9013571957,2,"0",0.0859023207481815
23739,"Morera","Alto (> 8 mts)",132,"Grande",-68.8493333845,-32.9012993268,2,"0",0.185148665048544
23744,"Morera","Alto (> 8 mts)",110,"Grande",-68.8493169129,-32.9009019204,2,"0",0.185148665048544
23746,"Fresno americano","Medio (4 - 8 mts)",28,"Mediano",-68.8493097658,-32.9007830006,2,"0",0.0512455516014235
23749,"Acer","Alto (> 8 mts)",114,"Grande",-68.8492917818,-32.9005201299,2,"0",0.0204081632653061
23754,"Fresno europeo","Medio (4 - 8 mts)",65,"Grande",-68.8492768684,-32.9001747646,2,"0",0.0420032310177706
23756,"Morera","Medio (4 - 8 mts)",84,"Grande",-68.8492680636,-32.900072322,2,"0",0.185148665048544
23760,"Fresno americano","Alto (> 8 mts)",122,"Grande",-68.8492575985,-32.8997846044,2,"0",0.0512455516014235
23763,"Morera","Alto (> 8 mts)",120,"Grande",-68.8494551933,-32.8997173717,2,"0",0.185148665048544
23764,"Acer","Medio (4 - 8 mts)",82,"Grande",-68.8495318261,-32.8997193575,2,"0",0.0204081632653061
23767,"Morera","Alto (> 8 mts)",119,"Grande",-68.8497347873,-32.8997178883,2,"0",0.185148665048544
23775,"Caducifolio","Bajo (2 - 4 mts)",46,"Mediano",-68.8502233069,-32.8998742865,2,"0",0.0512249443207127
23776,"Morera","Alto (> 8 mts)",128,"Grande",-68.8502258632,-32.8998161306,2,"0",0.185148665048544
23777,"Morera","Alto (> 8 mts)",184,"Grande",-68.8503981073,-32.8997210281,2,"0",0.185148665048544
23782,"Fresno europeo","Alto (> 8 mts)",74,"Grande",-68.8508051243,-32.9001668592,2,"0",0.0420032310177706
23786,"Paraiso","Medio (4 - 8 mts)",104,"Grande",-68.8502195808,-32.9002484005,2,"0",0.0859023207481815
23787,"Fresno europeo","Medio (4 - 8 mts)",48,"Mediano",-68.8502218402,-32.9002116567,2,"0",0.0420032310177706
23790,"Morera","Alto (> 8 mts)",92,"Grande",-68.8508258563,-32.900377517,2,"0",0.185148665048544
23792,"Morera","Alto (> 8 mts)",98,"Grande",-68.8508424461,-32.9004743801,2,"0",0.185148665048544
23797,"Paraiso","Alto (> 8 mts)",124,"Grande",-68.8501995531,-32.9005471894,2,"1",0.0859023207481815
23808,"Morera","Medio (4 - 8 mts)",72,"Grande",-68.8508768657,-32.9007918161,2,"0",0.185148665048544
23811,"Morera","Medio (4 - 8 mts)",76,"Grande",-68.8508881818,-32.9009913736,2,"0",0.185148665048544
23812,"Morera","Medio (4 - 8 mts)",114,"Grande",-68.8508985888,-32.9010318719,2,"0",0.185148665048544
23815,"Morera","Bajo (2 - 4 mts)",74,"Grande",-68.8509117512,-32.90117192,2,"0",0.185148665048544
23816,"Morera","Bajo (2 - 4 mts)",72,"Grande",-68.8509151591,-32.9012029756,2,"0",0.185148665048544
23819,"Morera","Bajo (2 - 4 mts)",68,"Grande",-68.8507723762,-32.901285758,2,"1",0.185148665048544
23824,"Paraiso","Alto (> 8 mts)",82,"Grande",-68.8503917789,-32.9013235944,2,"0",0.0859023207481815
23826,"Paraiso","Alto (> 8 mts)",124,"Grande",-68.8502720519,-32.9013320171,2,"0",0.0859023207481815
23828,"Morera","Alto (> 8 mts)",120,"Grande",-68.8501535577,-32.9012430587,2,"0",0.185148665048544
23830,"Morera","Alto (> 8 mts)",90,"Grande",-68.8501550121,-32.9012045583,2,"1",0.185148665048544
23835,"Morera","Alto (> 8 mts)",180,"Grande",-68.8514296895,-32.9011056311,2,"0",0.185148665048544
23838,"Morera","Alto (> 8 mts)",180,"Grande",-68.8513779639,-32.9012388683,2,"0",0.185148665048544
23840,"Morera","Alto (> 8 mts)",180,"Grande",-68.8512769413,-32.9012471862,2,"1",0.185148665048544
23845,"Perenne","Bajo (2 - 4 mts)",28,"Mediano",-68.8510490847,-32.9010974634,2,"0",0.0364741641337386
23847,"Paraiso","Medio (4 - 8 mts)",100,"Grande",-68.8510368981,-32.9010121932,2,"0",0.0859023207481815
23848,"Fresno europeo","Medio (4 - 8 mts)",93,"Grande",-68.8510287628,-32.9009554907,2,"0",0.0420032310177706
23850,"Morera","Alto (> 8 mts)",117,"Grande",-68.8510193329,-32.9008625756,2,"0",0.185148665048544
23854,"Morera","Alto (> 8 mts)",109,"Grande",-68.8509944374,-32.9006657196,2,"1",0.185148665048544
23856,"Olmo comun","Alto (> 8 mts)",91,"Grande",-68.8509843379,-32.900506094,2,"0",0.0227272727272727
23857,"Morera","Bajo (2 - 4 mts)",8,"Chico",-68.8509760022,-32.9004561512,2,"0",0.185148665048544
23858,"Morera","Alto (> 8 mts)",180,"Grande",-68.8509709368,-32.9004178837,2,"0",0.185148665048544
23859,"Perenne","Medio (4 - 8 mts)",35,"Mediano",-68.8509668553,-32.9003659415,2,"0",0.0364741641337386
23862,"Morera","Alto (> 8 mts)",127,"Grande",-68.8509444318,-32.9001860159,2,"0",0.185148665048544
23864,"Morera","Alto (> 8 mts)",138,"Grande",-68.850934043,-32.9000836977,2,"0",0.185148665048544
23874,"Morera","Alto (> 8 mts)",160,"Grande",-68.851325683,-32.9000269698,2,"0",0.185148665048544
23879,"Paraiso","Medio (4 - 8 mts)",125,"Grande",-68.8524031746,-32.9005547378,2,"0",0.0859023207481815
23887,"Morera","Alto (> 8 mts)",180,"Grande",-68.8518376469,-32.9005551203,2,"0",0.185148665048544
23889,"Fresno europeo","Medio (4 - 8 mts)",55,"Mediano",-68.8516944833,-32.9005064117,2,"0",0.0420032310177706
23893,"Morera","Alto (> 8 mts)",195,"Grande",-68.8516744548,-32.9002860266,2,"0",0.185148665048544
23894,"Morera","Bajo (2 - 4 mts)",65,"Grande",-68.8516670898,-32.9001613367,2,"0",0.185148665048544
23900,"Pltano","Alto (> 8 mts)",210,"Grande",-68.8517064819,-32.8995279117,2,"0",0.0903973509933775
23901,"Pltano","Alto (> 8 mts)",185,"Grande",-68.851897786,-32.8995308219,2,"1",0.0903973509933775
23902,"Pltano","Alto (> 8 mts)",190,"Grande",-68.8519776379,-32.8995284386,2,"0",0.0903973509933775
23903,"Morera","Alto (> 8 mts)",140,"Grande",-68.8521400103,-32.8995244577,2,"1",0.185148665048544
23904,"Morera","Alto (> 8 mts)",80,"Grande",-68.8522484352,-32.8995261251,2,"1",0.185148665048544
23905,"Morera","Alto (> 8 mts)",150,"Grande",-68.8522911396,-32.8995275217,2,"1",0.185148665048544
23908,"Morera","Alto (> 8 mts)",150,"Grande",-68.8523973628,-32.89960384,2,"1",0.185148665048544
23909,"Morera","Alto (> 8 mts)",145,"Grande",-68.8524085661,-32.8996497952,2,"1",0.185148665048544
23911,"Paraiso","Alto (> 8 mts)",125,"Grande",-68.8524224013,-32.8997187224,2,"0",0.0859023207481815
23912,"Morera","Alto (> 8 mts)",130,"Grande",-68.8524349715,-32.8997892782,2,"0",0.185148665048544
23913,"Morera","Alto (> 8 mts)",125,"Grande",-68.8524522108,-32.8998699106,2,"1",0.185148665048544
23917,"Morera","Alto (> 8 mts)",195,"Grande",-68.852485877,-32.9000512901,2,"1",0.185148665048544
23921,"Morera","Alto (> 8 mts)",180,"Grande",-68.852527437,-32.9002532213,2,"1",0.185148665048544
23923,"Morera","Alto (> 8 mts)",190,"Grande",-68.8525409237,-32.9003151977,2,"1",0.185148665048544
23924,"Caducifolio","Alto (> 8 mts)",80,"Grande",-68.852559308,-32.9003945294,2,"0",0.0512249443207127
23926,"Morera","Alto (> 8 mts)",100,"Grande",-68.8514527346,-32.8987170703,2,"1",0.185148665048544
23927,"Morera","Alto (> 8 mts)",75,"Grande",-68.8514695258,-32.8987620205,2,"1",0.185148665048544
23928,"Morera","Alto (> 8 mts)",190,"Grande",-68.851485599,-32.8988016671,2,"0",0.185148665048544
23929,"Morera","Alto (> 8 mts)",90,"Grande",-68.8515255776,-32.8989298268,2,"0",0.185148665048544
23930,"Morera","Alto (> 8 mts)",180,"Grande",-68.8515514155,-32.899011978,2,"1",0.185148665048544
23931,"Fresno europeo","Alto (> 8 mts)",135,"Grande",-68.8515965941,-32.8991670908,2,"0",0.0420032310177706
23934,"Morera","Alto (> 8 mts)",105,"Grande",-68.8520853592,-32.8992827076,2,"0",0.185148665048544
23935,"Morera","Alto (> 8 mts)",100,"Grande",-68.8521884903,-32.8992828296,2,"0",0.185148665048544
23936,"Fresno americano","Muy bajo (1 - 2 mts)",18,"Chico",-68.8522759751,-32.8992852584,2,"0",0.0512455516014235
23937,"Ailanthus","Bajo (2 - 4 mts)",30,"Mediano",-68.8523601623,-32.8992775285,2,"0",0.0380952380952381
23938,"Morera","Alto (> 8 mts)",150,"Grande",-68.8515822723,-32.8965967635,5,"0",0.185148665048544
23941,"Morera","Alto (> 8 mts)",138,"Grande",-68.8515018355,-32.8969358804,2,"0",0.185148665048544
23944,"Morera","Alto (> 8 mts)",168,"Grande",-68.8514357556,-32.8971603445,2,"0",0.185148665048544
23947,"Acer","Bajo (2 - 4 mts)",18,"Chico",-68.8512848311,-32.8976352271,2,"1",0.0204081632653061
23955,"Fresno europeo","Alto (> 8 mts)",160,"Grande",-68.8469979048,-32.900524719,2,"0",0.0420032310177706
23956,"Morera","Alto (> 8 mts)",200,"Grande",-68.8469236307,-32.9005181548,2,"1",0.185148665048544
23963,"Paraiso","Alto (> 8 mts)",172,"Grande",-68.8464604581,-32.9001987818,2,"0",0.0859023207481815
23964,"Fresno europeo","Alto (> 8 mts)",115,"Grande",-68.8464536428,-32.9000918005,2,"1",0.0420032310177706
23965,"Prunas","Medio (4 - 8 mts)",80,"Grande",-68.8464453563,-32.9000005393,2,"0",0.0321782178217822
23976,"Morera","Alto (> 8 mts)",104,"Grande",-68.8450032482,-32.8998101264,2,"0",0.185148665048544
23977,"Morera","Alto (> 8 mts)",230,"Grande",-68.8451082422,-32.8998075821,2,"0",0.185148665048544
23978,"Morera","Alto (> 8 mts)",220,"Grande",-68.8452164111,-32.8998066033,2,"1",0.185148665048544
23983,"Morera","Alto (> 8 mts)",65,"Grande",-68.8455066093,-32.8998003799,2,"1",0.185148665048544
23984,"Morera","Alto (> 8 mts)",190,"Grande",-68.8456562616,-32.8997948841,2,"0",0.185148665048544
23985,"Morera","Alto (> 8 mts)",240,"Grande",-68.8457292656,-32.899793802,2,"0",0.185148665048544
23989,"Morera","Alto (> 8 mts)",125,"Grande",-68.8462011887,-32.8998106119,2,"1",0.185148665048544
23991,"Morera","Medio (4 - 8 mts)",56,"Mediano",-68.8463115037,-32.8998957788,2,"0",0.185148665048544
23992,"Caducifolio","Alto (> 8 mts)",110,"Grande",-68.8463112766,-32.899965389,2,"0",0.0512249443207127
23995,"Olmo comun","Alto (> 8 mts)",135,"Grande",-68.8463233832,-32.9001709666,2,"0",0.0227272727272727
23996,"Paraiso","Alto (> 8 mts)",132,"Grande",-68.8463255347,-32.9002502504,2,"1",0.0859023207481815
24000,"Morera","Alto (> 8 mts)",120,"Grande",-68.8462726664,-32.9004747062,2,"0",0.185148665048544
24001,"Morera","Alto (> 8 mts)",142,"Grande",-68.8462318339,-32.9004760086,2,"0",0.185148665048544
24004,"Perenne","Bajo (2 - 4 mts)",35,"Mediano",-68.8460009347,-32.9004914138,2,"0",0.0364741641337386
24006,"Morera","Alto (> 8 mts)",170,"Grande",-68.8457789091,-32.9005074508,2,"1",0.185148665048544
24008,"Morera","Alto (> 8 mts)",125,"Grande",-68.8455998353,-32.9005290606,2,"0",0.185148665048544
24012,"Morera","Alto (> 8 mts)",200,"Grande",-68.8450568273,-32.9006339372,2,"1",0.185148665048544
24015,"Morera","Alto (> 8 mts)",130,"Grande",-68.8447501419,-32.9006251205,2,"0",0.185148665048544
24017,"Morera","Alto (> 8 mts)",220,"Grande",-68.8447190547,-32.9004931647,2,"1",0.185148665048544
24018,"Acer","Medio (4 - 8 mts)",35,"Mediano",-68.8446954148,-32.9004123637,2,"0",0.0204081632653061
24025,"Morera","Alto (> 8 mts)",93,"Grande",-68.8445745771,-32.8999243794,2,"1",0.185148665048544
24029,"Paraiso","Alto (> 8 mts)",140,"Grande",-68.8433151798,-32.9001234616,2,"1",0.0859023207481815
24031,"Ligustro","Medio (4 - 8 mts)",82,"Grande",-68.8458864677,-32.9015980972,2,"0",0.0138888888888889
24033,"Morera","Alto (> 8 mts)",180,"Grande",-68.8459938882,-32.9016602658,2,"0",0.185148665048544
24035,"Morera","Alto (> 8 mts)",140,"Grande",-68.8461078364,-32.9016563043,2,"1",0.185148665048544
24037,"Morera","Alto (> 8 mts)",140,"Grande",-68.8462472762,-32.9016479351,2,"0",0.185148665048544
24039,"Morera","Alto (> 8 mts)",134,"Grande",-68.8463375566,-32.9016444898,2,"0",0.185148665048544
24040,"Morera","Alto (> 8 mts)",123,"Grande",-68.8463911183,-32.9016378515,2,"0",0.185148665048544
24041,"Morera","Alto (> 8 mts)",103,"Grande",-68.8464199012,-32.9016203039,2,"0",0.185148665048544
24042,"Morera","Alto (> 8 mts)",166,"Grande",-68.8464186856,-32.9015814396,2,"0",0.185148665048544
24045,"Morera","Alto (> 8 mts)",150,"Grande",-68.8458677413,-32.9013912941,2,"0",0.185148665048544
24048,"Morera","Alto (> 8 mts)",107,"Grande",-68.8458623736,-32.901238763,2,"0",0.185148665048544
24052,"Paraiso","Alto (> 8 mts)",117,"Grande",-68.8458502123,-32.9010208456,2,"0",0.0859023207481815
24057,"Morera","Alto (> 8 mts)",160,"Grande",-68.8458822233,-32.9006470399,2,"0",0.185148665048544
24058,"Morera","Alto (> 8 mts)",140,"Grande",-68.8459278853,-32.9006412036,2,"0",0.185148665048544
24063,"Morera","Alto (> 8 mts)",130,"Grande",-68.8463057758,-32.900612976,2,"1",0.185148665048544
24068,"Fresno europeo","Alto (> 8 mts)",108,"Grande",-68.8463896135,-32.9010854744,2,"0",0.0420032310177706
24069,"Fresno europeo","Alto (> 8 mts)",114,"Grande",-68.8463948143,-32.9011686166,2,"0",0.0420032310177706
24071,"Caducifolio","Bajo (2 - 4 mts)",22,"Mediano",-68.8463986747,-32.9012852099,2,"0",0.0512249443207127
24073,"Caducifolio","Bajo (2 - 4 mts)",66,"Grande",-68.8464074954,-32.901438508,2,"0",0.0512249443207127
24074,"Fresno europeo","Alto (> 8 mts)",155,"Grande",-68.846959103,-32.900650386,2,"0",0.0420032310177706
24075,"Fresno europeo","Alto (> 8 mts)",126,"Grande",-68.8468708379,-32.9006373838,2,"0",0.0420032310177706
24078,"Fresno europeo","Alto (> 8 mts)",120,"Grande",-68.8465328084,-32.9006085661,2,"0",0.0420032310177706
24080,"Perenne","Bajo (2 - 4 mts)",12,"Chico",-68.8470826091,-32.9008246733,2,"0",0.0364741641337386
24081,"Perenne","Bajo (2 - 4 mts)",40,"Mediano",-68.8470810466,-32.9009067053,2,"0",0.0364741641337386
24084,"Jacarand","Medio (4 - 8 mts)",50,"Mediano",-68.8470968251,-32.9011791252,2,"0",0.103064066852368
24090,"Fresno americano","Medio (4 - 8 mts)",25,"Mediano",-68.846495407,-32.9007275433,2,"0",0.0512455516014235
24091,"Fresno europeo","Alto (> 8 mts)",164,"Grande",-68.8464989616,-32.900773624,2,"0",0.0420032310177706
24092,"Morera","Alto (> 8 mts)",155,"Grande",-68.8465014831,-32.9007989646,2,"0",0.185148665048544
24096,"Acacia visco","Alto (> 8 mts)",190,"Grande",-68.8465110946,-32.9010516299,2,"0",0.0625
24114,"Fresno europeo","Medio (4 - 8 mts)",100,"Grande",-68.8468755652,-32.9024244488,2,"0",0.0420032310177706
24118,"Morera","Alto (> 8 mts)",83,"Grande",-68.847149157,-32.9023237943,2,"0",0.185148665048544
24122,"Fresno europeo","Alto (> 8 mts)",100,"Grande",-68.847135685,-32.9018906962,2,"0",0.0420032310177706
24123,"Olmo comun","Alto (> 8 mts)",107,"Grande",-68.8471302199,-32.9018365881,2,"0",0.0227272727272727
24124,"Olmo comun","Alto (> 8 mts)",108,"Grande",-68.847128081,-32.9017750001,2,"0",0.0227272727272727
24126,"Morera","Alto (> 8 mts)",102,"Grande",-68.8471201574,-32.9016226238,2,"0",0.185148665048544
24130,"Morera","Alto (> 8 mts)",200,"Grande",-68.8459146161,-32.9019401393,2,"0",0.185148665048544
24131,"Fresno europeo","Bajo (2 - 4 mts)",90,"Grande",-68.846400585,-32.9017246959,2,"0",0.0420032310177706
24132,"Fresno europeo","Medio (4 - 8 mts)",120,"Grande",-68.8464460965,-32.9022350181,2,"0",0.0420032310177706
24136,"Fresno europeo","Medio (4 - 8 mts)",110,"Grande",-68.8463659026,-32.9024760801,2,"0",0.0420032310177706
24145,"Morera","Medio (4 - 8 mts)",51,"Mediano",-68.8459255409,-32.9021192319,2,"0",0.185148665048544
24148,"Morera","Medio (4 - 8 mts)",100,"Grande",-68.8460755862,-32.9020203796,2,"1",0.185148665048544
24149,"Prunas","Bajo (2 - 4 mts)",48,"Mediano",-68.8461208727,-32.9020195102,2,"0",0.0321782178217822
24150,"Morera","Alto (> 8 mts)",180,"Grande",-68.8461798338,-32.9020164413,2,"0",0.185148665048544
24152,"Morera","Medio (4 - 8 mts)",130,"Grande",-68.8463515723,-32.9020080368,2,"1",0.185148665048544
24153,"Fresno europeo","Medio (4 - 8 mts)",122,"Grande",-68.8464369585,-32.9020350761,2,"0",0.0420032310177706
24158,"Fresno americano","Medio (4 - 8 mts)",110,"Grande",-68.8452898994,-32.9019245837,2,"1",0.0512455516014235
24159,"Morera","Medio (4 - 8 mts)",86,"Grande",-68.8452482914,-32.9019270948,2,"0",0.185148665048544
24160,"Morera","Alto (> 8 mts)",180,"Grande",-68.8451680085,-32.9019645265,2,"0",0.185148665048544
24163,"Morera","Alto (> 8 mts)",101,"Grande",-68.8452487979,-32.9021293688,2,"0",0.185148665048544
24166,"Fresno europeo","Medio (4 - 8 mts)",67,"Grande",-68.845329768,-32.9022844974,2,"0",0.0420032310177706
24168,"Caducifolio","Medio (4 - 8 mts)",100,"Grande",-68.8454256084,-32.9024803791,2,"0",0.0512249443207127
24169,"Morera","Alto (> 8 mts)",180,"Grande",-68.8454589728,-32.9025527296,2,"1",0.185148665048544
24176,"Morera","Alto (> 8 mts)",180,"Grande",-68.845802269,-32.9023837259,2,"0",0.185148665048544
24178,"Fresno europeo","Medio (4 - 8 mts)",58,"Mediano",-68.8457981102,-32.902254689,2,"0",0.0420032310177706
24181,"Morera","Medio (4 - 8 mts)",80,"Grande",-68.8457010665,-32.9019067063,2,"0",0.185148665048544
24186,"Morera","Alto (> 8 mts)",195,"Grande",-68.8448509667,-32.9009747407,2,"1",0.185148665048544
24187,"Morera","Medio (4 - 8 mts)",95,"Grande",-68.8448741493,-32.9010427569,2,"0",0.185148665048544
24188,"Morera","Medio (4 - 8 mts)",128,"Grande",-68.8448822862,-32.9010840608,2,"1",0.185148665048544
24190,"Pltano","Alto (> 8 mts)",220,"Grande",-68.8449108689,-32.9012065493,2,"0",0.0903973509933775
24191,"Morera","Alto (> 8 mts)",160,"Grande",-68.8449317553,-32.9012913341,2,"1",0.185148665048544
24192,"Morera","Alto (> 8 mts)",200,"Grande",-68.8450579378,-32.900767789,2,"0",0.185148665048544
24193,"Morera","Alto (> 8 mts)",205,"Grande",-68.8451790724,-32.9007457241,2,"1",0.185148665048544
24194,"Morera","Alto (> 8 mts)",164,"Grande",-68.8452478293,-32.9007318664,2,"1",0.185148665048544
24195,"Morera","Alto (> 8 mts)",198,"Grande",-68.8453973992,-32.9007045869,2,"0",0.185148665048544
24196,"Fresno europeo","Medio (4 - 8 mts)",66,"Grande",-68.8454456233,-32.9006938262,2,"0",0.0420032310177706
24200,"Paraiso","Alto (> 8 mts)",190,"Grande",-68.8457290845,-32.9006973042,2,"0",0.0859023207481815
24201,"Paraiso","Alto (> 8 mts)",130,"Grande",-68.8457321792,-32.9007519477,2,"0",0.0859023207481815
24208,"Morera","Medio (4 - 8 mts)",89,"Grande",-68.8450906491,-32.9017869574,2,"0",0.185148665048544
24210,"Fresno europeo","Bajo (2 - 4 mts)",70,"Grande",-68.8454510966,-32.9018066536,2,"0",0.0420032310177706
24212,"Prunas","Bajo (2 - 4 mts)",46,"Mediano",-68.8456575761,-32.9017983823,2,"1",0.0321782178217822
24220,"Paraiso","Alto (> 8 mts)",250,"Grande",-68.8457513184,-32.9013055576,2,"0",0.0859023207481815
24221,"Prunas","Medio (4 - 8 mts)",100,"Grande",-68.8457461766,-32.9012756846,2,"1",0.0321782178217822
24222,"Morera","Alto (> 8 mts)",200,"Grande",-68.8457393629,-32.901181785,2,"0",0.185148665048544
24223,"Paraiso","Alto (> 8 mts)",220,"Grande",-68.8457327971,-32.9010953256,2,"0",0.0859023207481815
24226,"Paraiso","Alto (> 8 mts)",172,"Grande",-68.8457335852,-32.9008780896,2,"0",0.0859023207481815
24228,"Perenne","Alto (> 8 mts)",95,"Grande",-68.8449067818,-32.9018343377,2,"0",0.0364741641337386
24235,"Fresno americano","Alto (> 8 mts)",120,"Grande",-68.844797013,-32.9013637755,2,"0",0.0512455516014235
24238,"Perenne","Alto (> 8 mts)",125,"Grande",-68.8447317884,-32.9010974931,2,"0",0.0364741641337386
24239,"Ligustro","Alto (> 8 mts)",105,"Grande",-68.8446768504,-32.9008939649,2,"0",0.0138888888888889
24242,"Morera","Alto (> 8 mts)",200,"Grande",-68.8444017866,-32.9008880748,2,"0",0.185148665048544
24245,"Morera","Alto (> 8 mts)",160,"Grande",-68.8441460214,-32.9009344674,2,"1",0.185148665048544
24247,"Acer","Alto (> 8 mts)",190,"Grande",-68.8441689959,-32.9013199838,2,"0",0.0204081632653061
24248,"Morera","Alto (> 8 mts)",130,"Grande",-68.8441816039,-32.9013872998,2,"1",0.185148665048544
24249,"Morera","Alto (> 8 mts)",135,"Grande",-68.8441932388,-32.9014469611,2,"1",0.185148665048544
24254,"Fresno europeo","Alto (> 8 mts)",100,"Grande",-68.8442996887,-32.9018986789,2,"0",0.0420032310177706
24256,"Fresno europeo","Alto (> 8 mts)",110,"Grande",-68.8444643613,-32.9018796265,2,"0",0.0420032310177706
24260,"Fresno americano","Medio (4 - 8 mts)",82,"Grande",-68.8448417511,-32.9018402443,2,"0",0.0512455516014235
24262,"Morera","Alto (> 8 mts)",90,"Grande",-68.8443718307,-32.9004737434,2,"0",0.185148665048544
24264,"Morera","Alto (> 8 mts)",200,"Grande",-68.8442186222,-32.9004987891,2,"0",0.185148665048544
24266,"Morera","Alto (> 8 mts)",170,"Grande",-68.8445754797,-32.9005164402,2,"0",0.185148665048544
24267,"Morera","Alto (> 8 mts)",75,"Grande",-68.844588528,-32.9005655886,2,"0",0.185148665048544
24269,"Morera","Alto (> 8 mts)",138,"Grande",-68.844616019,-32.9006757191,2,"0",0.185148665048544
24270,"Morera","Alto (> 8 mts)",200,"Grande",-68.8445770295,-32.9007288225,2,"0",0.185148665048544
24271,"Morera","Alto (> 8 mts)",210,"Grande",-68.8445363701,-32.9007368124,2,"1",0.185148665048544
24279,"Olmo comun","Alto (> 8 mts)",200,"Grande",-68.8439003198,-32.9008544443,2,"0",0.0227272727272727
24287,"Morera","Alto (> 8 mts)",210,"Grande",-68.843476548,-32.900776279,2,"1",0.185148665048544
24288,"Morera","Alto (> 8 mts)",140,"Grande",-68.843455448,-32.9007256669,2,"1",0.185148665048544
24290,"Morera","Alto (> 8 mts)",200,"Grande",-68.8435024329,-32.9006289563,2,"1",0.185148665048544
24292,"Morera","Alto (> 8 mts)",200,"Grande",-68.8440870343,-32.9005226813,2,"0",0.185148665048544
24302,"Fresno europeo","Alto (> 8 mts)",98,"Grande",-68.8436991098,-32.9016135961,2,"0",0.0420032310177706
24303,"Morera","Alto (> 8 mts)",63,"Grande",-68.8437539802,-32.9018235439,2,"0",0.185148665048544
24304,"Fresno europeo","Alto (> 8 mts)",111,"Grande",-68.843774507,-32.9018940257,2,"0",0.0420032310177706
24306,"Fresno europeo","Medio (4 - 8 mts)",115,"Grande",-68.8439010564,-32.9019346138,2,"1",0.0420032310177706
24309,"Paraiso","Alto (> 8 mts)",140,"Grande",-68.8441595782,-32.9015292615,2,"0",0.0859023207481815
24310,"Paraiso","Alto (> 8 mts)",120,"Grande",-68.8441564317,-32.9014858069,2,"0",0.0859023207481815
24316,"Morera","Alto (> 8 mts)",110,"Grande",-68.8438559433,-32.9009870274,2,"0",0.185148665048544
24317,"Morera","Alto (> 8 mts)",120,"Grande",-68.8436729961,-32.9010241288,2,"0",0.185148665048544
24319,"Morera","Alto (> 8 mts)",180,"Grande",-68.8442950238,-32.9020332819,2,"0",0.185148665048544
24322,"Fresno europeo","Alto (> 8 mts)",195,"Grande",-68.8441021808,-32.902050446,2,"0",0.0420032310177706
24328,"Morera","Alto (> 8 mts)",114,"Grande",-68.8438785,-32.9020680258,2,"0",0.185148665048544
24331,"Fresno europeo","Alto (> 8 mts)",110,"Grande",-68.8438693346,-32.9022342354,2,"0",0.0420032310177706
24335,"Jacarand","Muy bajo (1 - 2 mts)",3,"Chico",-68.8439013117,-32.9023721681,2,"0",0.103064066852368
24337,"Prunas","Medio (4 - 8 mts)",40,"Mediano",-68.8439188453,-32.9024552211,2,"0",0.0321782178217822
24344,"Fresno europeo","Alto (> 8 mts)",210,"Grande",-68.8440240538,-32.9028369755,2,"0",0.0420032310177706
24346,"Perenne","Bajo (2 - 4 mts)",65,"Grande",-68.8441126346,-32.9028452796,2,"0",0.0364741641337386
24347,"Catalpa","Alto (> 8 mts)",125,"Grande",-68.8442114544,-32.9028224025,2,"0",0.161290322580645
24349,"Perenne","Alto (> 8 mts)",160,"Grande",-68.8444375856,-32.9027780576,2,"0",0.0364741641337386
24350,"Acacia SP","Alto (> 8 mts)",100,"Grande",-68.8445223964,-32.9027600914,2,"0",0.150492264416315
24353,"Catalpa","Medio (4 - 8 mts)",91,"Grande",-68.8446741934,-32.9027332357,2,"0",0.161290322580645
24357,"Fresno europeo","Alto (> 8 mts)",115,"Grande",-68.8450213751,-32.9026678946,2,"0",0.0420032310177706
24358,"Perenne","Alto (> 8 mts)",108,"Grande",-68.8451054321,-32.9026499451,2,"0",0.0364741641337386
24359,"Fresno europeo","Medio (4 - 8 mts)",94,"Grande",-68.8451606126,-32.9026434609,2,"0",0.0420032310177706
24361,"Fresno europeo","Alto (> 8 mts)",127,"Grande",-68.8452498312,-32.9026236746,2,"0",0.0420032310177706
24363,"Olmo comun","Alto (> 8 mts)",110,"Grande",-68.8452867103,-32.9025292529,2,"0",0.0227272727272727
24366,"Acer","Alto (> 8 mts)",60,"Mediano",-68.8452287679,-32.9024116009,2,"0",0.0204081632653061
24367,"Acer","Alto (> 8 mts)",105,"Grande",-68.845212677,-32.9023833581,2,"0",0.0204081632653061
24368,"Jacarand","Medio (4 - 8 mts)",62,"Grande",-68.8451744234,-32.9023149626,2,"0",0.103064066852368
24371,"Fresno europeo","Alto (> 8 mts)",170,"Grande",-68.845071449,-32.9020932899,2,"0",0.0420032310177706
24373,"Morera","Alto (> 8 mts)",130,"Grande",-68.8449397663,-32.9019685402,2,"0",0.185148665048544
24374,"Perenne","Alto (> 8 mts)",112,"Grande",-68.8448491039,-32.9019763094,2,"0",0.0364741641337386
24376,"Fresno europeo","Alto (> 8 mts)",160,"Grande",-68.8447197152,-32.9019877247,2,"0",0.0420032310177706
24381,"Acer","Bajo (2 - 4 mts)",27,"Mediano",-68.8447469991,-32.9037256734,2,"0",0.0204081632653061
24383,"Morera","Alto (> 8 mts)",200,"Grande",-68.8444639397,-32.9037546536,2,"0",0.185148665048544
24385,"Paraiso","Medio (4 - 8 mts)",58,"Mediano",-68.8443294715,-32.9037701333,2,"0",0.0859023207481815
24387,"Morera","Alto (> 8 mts)",80,"Grande",-68.8442261754,-32.9036622942,2,"0",0.185148665048544
24388,"Morera","Alto (> 8 mts)",110,"Grande",-68.844215484,-32.9036075321,2,"0",0.185148665048544
24391,"Morera","Alto (> 8 mts)",88,"Grande",-68.8441632485,-32.9034164368,2,"0",0.185148665048544
24392,"Morera","Alto (> 8 mts)",80,"Grande",-68.8441220313,-32.9032466604,2,"0",0.185148665048544
24394,"Morera","Alto (> 8 mts)",135,"Grande",-68.8440967845,-32.9031482826,2,"0",0.185148665048544
24395,"Morera","Alto (> 8 mts)",210,"Grande",-68.8440739987,-32.9030667459,2,"0",0.185148665048544
24399,"Catalpa","Alto (> 8 mts)",190,"Grande",-68.8443183585,-32.9029269585,2,"0",0.161290322580645
24400,"Olmo comun","Medio (4 - 8 mts)",240,"Grande",-68.8444529622,-32.9029090922,2,"0",0.0227272727272727
24403,"Morera","Alto (> 8 mts)",200,"Grande",-68.8446507019,-32.9028701615,2,"0",0.185148665048544
24404,"Fresno americano","Alto (> 8 mts)",88,"Grande",-68.8447933049,-32.9028431472,2,"0",0.0512455516014235
24410,"Fresno americano","Medio (4 - 8 mts)",58,"Mediano",-68.8451286049,-32.9034221808,2,"0",0.0512455516014235
24413,"Morera","Alto (> 8 mts)",142,"Grande",-68.8452453358,-32.903666997,2,"0",0.185148665048544
24414,"Morera","Alto (> 8 mts)",182,"Grande",-68.84530764,-32.9036623376,2,"0",0.185148665048544
24415,"Morera","Alto (> 8 mts)",170,"Grande",-68.8453608263,-32.9036584449,2,"0",0.185148665048544
24416,"Morera","Alto (> 8 mts)",120,"Grande",-68.8454564709,-32.9036448287,2,"0",0.185148665048544
24417,"Morera","Alto (> 8 mts)",180,"Grande",-68.8455800314,-32.9036345136,2,"0",0.185148665048544
24420,"Fresno europeo","Alto (> 8 mts)",116,"Grande",-68.8456694737,-32.9032674759,2,"0",0.0420032310177706
24422,"Morera","Alto (> 8 mts)",92,"Grande",-68.8456908964,-32.9033056564,2,"0",0.185148665048544
24424,"Fresno europeo","Medio (4 - 8 mts)",92,"Grande",-68.8455956939,-32.9031004947,2,"0",0.0420032310177706
24439,"Fresno europeo","Alto (> 8 mts)",150,"Grande",-68.8450121305,-32.9029568476,2,"0",0.0420032310177706
24442,"Fresno americano","Medio (4 - 8 mts)",65,"Grande",-68.8450752583,-32.9031879261,2,"0",0.0512455516014235
24444,"Fresno europeo","Alto (> 8 mts)",145,"Grande",-68.8451046564,-32.9033141252,2,"0",0.0420032310177706
24446,"Fresno europeo","Muy bajo (1 - 2 mts)",4,"Chico",-68.8456827868,-32.9026813165,2,"0",0.0420032310177706
24447,"Fresno europeo","Alto (> 8 mts)",114,"Grande",-68.8456255881,-32.9026891807,2,"0",0.0420032310177706
24451,"Fresno americano","Medio (4 - 8 mts)",56,"Mediano",-68.8455989727,-32.902812499,2,"0",0.0512455516014235
24454,"Fresno americano","Alto (> 8 mts)",125,"Grande",-68.8456919435,-32.9030100838,2,"0",0.0512455516014235
24455,"Fresno europeo","Medio (4 - 8 mts)",100,"Grande",-68.8459148889,-32.9026535602,2,"0",0.0420032310177706
24469,"Olmo comun","Alto (> 8 mts)",117,"Grande",-68.8465058458,-32.9032888061,2,"0",0.0227272727272727
24470,"Morera","Alto (> 8 mts)",113,"Grande",-68.846516516,-32.9033615855,2,"0",0.185148665048544
24474,"Morera","Medio (4 - 8 mts)",98,"Grande",-68.8465065674,-32.9035521003,2,"0",0.185148665048544
24475,"Morera","Alto (> 8 mts)",125,"Grande",-68.8464574904,-32.9035606963,2,"0",0.185148665048544
24476,"Morera","Alto (> 8 mts)",120,"Grande",-68.8464160154,-32.9035619077,2,"0",0.185148665048544
24480,"Morera","Alto (> 8 mts)",180,"Grande",-68.8460169302,-32.9036012716,2,"0",0.185148665048544
24486,"Fresno europeo","Alto (> 8 mts)",130,"Grande",-68.8457291285,-32.9030787483,2,"0",0.0420032310177706
24491,"Jacarand","Bajo (2 - 4 mts)",18,"Chico",-68.846593689,-32.902680093,2,"0",0.103064066852368
24494,"Paraiso","Alto (> 8 mts)",120,"Grande",-68.8467668266,-32.9025793638,2,"0",0.0859023207481815
24497,"Fresno europeo","Alto (> 8 mts)",118,"Grande",-68.8470383609,-32.9025243975,2,"0",0.0420032310177706
24498,"Paraiso","Alto (> 8 mts)",126,"Grande",-68.847075417,-32.9025162014,2,"0",0.0859023207481815
24501,"Olmo comun","Alto (> 8 mts)",170,"Grande",-68.8471774066,-32.9026167879,2,"0",0.0227272727272727
24509,"Fresno americano","Medio (4 - 8 mts)",120,"Grande",-68.8472157046,-32.9032828227,2,"0",0.0512455516014235
24514,"Morera","Alto (> 8 mts)",107,"Grande",-68.8470008815,-32.9034973307,2,"0",0.185148665048544
24516,"Morera","Alto (> 8 mts)",180,"Grande",-68.8468289689,-32.90351521,2,"0",0.185148665048544
24517,"Morera","Alto (> 8 mts)",140,"Grande",-68.8467485747,-32.903523104,2,"0",0.185148665048544
24523,"Fresno europeo","Alto (> 8 mts)",108,"Grande",-68.8466186975,-32.9031160907,2,"0",0.0420032310177706
24524,"Olmo comun","Alto (> 8 mts)",164,"Grande",-68.846612075,-32.9030036301,2,"0",0.0227272727272727
24525,"Morera","Medio (4 - 8 mts)",101,"Grande",-68.8423825272,-32.9012843595,2,"0",0.185148665048544
24528,"Morera","Medio (4 - 8 mts)",70,"Grande",-68.8425856875,-32.9012413343,2,"0",0.185148665048544
24535,"Prunas","Bajo (2 - 4 mts)",30,"Mediano",-68.8431352853,-32.9011266989,2,"0",0.0321782178217822
24538,"Olmo bola","Alto (> 8 mts)",156,"Grande",-68.8434313543,-32.9011299554,2,"0",0.0231481481481481
24540,"Acacia SP","Alto (> 8 mts)",111,"Grande",-68.84347699,-32.9013149491,2,"0",0.150492264416315
24542,"Morera","Alto (> 8 mts)",121,"Grande",-68.843507763,-32.9014423062,2,"0",0.185148665048544
24543,"Morera","Alto (> 8 mts)",103,"Grande",-68.8435385389,-32.9015681305,2,"0",0.185148665048544
24545,"Paraiso","Alto (> 8 mts)",128,"Grande",-68.8435608124,-32.9016663524,2,"0",0.0859023207481815
24548,"Morera","Alto (> 8 mts)",180,"Grande",-68.843616466,-32.9018684005,2,"0",0.185148665048544
24556,"Morera","Alto (> 8 mts)",180,"Grande",-68.843221652,-32.9021977316,2,"0",0.185148665048544
24559,"Morera","Alto (> 8 mts)",138,"Grande",-68.8434659389,-32.90212853,2,"0",0.185148665048544
24567,"Morera","Alto (> 8 mts)",105,"Grande",-68.8438227736,-32.9026512349,2,"0",0.185148665048544
24569,"Fresno europeo","Alto (> 8 mts)",108,"Grande",-68.8438676867,-32.9028225219,2,"0",0.0420032310177706
24571,"Catalpa","Alto (> 8 mts)",171,"Grande",-68.8435917192,-32.9029338963,2,"1",0.161290322580645
24573,"Morera","Alto (> 8 mts)",254,"Grande",-68.8433885588,-32.9029751197,2,"1",0.185148665048544
24575,"Morera","Alto (> 8 mts)",252,"Grande",-68.8431738377,-32.9030153852,2,"0",0.185148665048544
24576,"Fresno europeo","Bajo (2 - 4 mts)",53,"Mediano",-68.8429704913,-32.9030509685,2,"0",0.0420032310177706
24583,"Pltano","Alto (> 8 mts)",264,"Grande",-68.8426154301,-32.9025548633,2,"0",0.0903973509933775
24589,"Morera","Bajo (2 - 4 mts)",50,"Mediano",-68.8424986716,-32.9020926003,2,"0",0.185148665048544
24593,"Pltano","Alto (> 8 mts)",260,"Grande",-68.842391454,-32.901675614,2,"0",0.0903973509933775
24595,"Pltano","Alto (> 8 mts)",250,"Grande",-68.842321322,-32.9014423485,2,"0",0.0903973509933775
24596,"Morera","Alto (> 8 mts)",129,"Grande",-68.8428751172,-32.903188717,2,"1",0.185148665048544
24597,"Morera","Alto (> 8 mts)",85,"Grande",-68.8430419177,-32.9031579986,2,"0",0.185148665048544
24598,"Morera","Alto (> 8 mts)",85,"Grande",-68.8431338742,-32.9031397195,2,"0",0.185148665048544
24599,"Fresno europeo","Alto (> 8 mts)",290,"Grande",-68.8432942531,-32.9031135913,2,"0",0.0420032310177706
24601,"Catalpa","Alto (> 8 mts)",225,"Grande",-68.8435637058,-32.9030604585,2,"0",0.161290322580645
24604,"Catalpa","Alto (> 8 mts)",180,"Grande",-68.8438287297,-32.9030164483,2,"1",0.161290322580645
24605,"Morera","Alto (> 8 mts)",180,"Grande",-68.843931642,-32.903102947,2,"1",0.185148665048544
24607,"Morera","Alto (> 8 mts)",184,"Grande",-68.8439624056,-32.9032296845,2,"0",0.185148665048544
24610,"Morera","Alto (> 8 mts)",98,"Grande",-68.8440694294,-32.9035899312,2,"0",0.185148665048544
24611,"Morera","Medio (4 - 8 mts)",84,"Grande",-68.844087439,-32.9036821063,2,"0",0.185148665048544
24612,"Morera","Alto (> 8 mts)",125,"Grande",-68.84401483,-32.9037907776,2,"1",0.185148665048544
24613,"Morera","Medio (4 - 8 mts)",50,"Mediano",-68.8439296234,-32.9038100954,2,"0",0.185148665048544
24614,"Morera","Alto (> 8 mts)",145,"Grande",-68.843564541,-32.9038511349,2,"1",0.185148665048544
24616,"Morera","Alto (> 8 mts)",125,"Grande",-68.8433749827,-32.9038708826,2,"1",0.185148665048544
24619,"Morera","Alto (> 8 mts)",180,"Grande",-68.8430619858,-32.9039004749,2,"1",0.185148665048544
24625,"Pltano","Alto (> 8 mts)",210,"Grande",-68.8428255935,-32.9033896414,2,"0",0.0903973509933775
24628,"Pltano","Alto (> 8 mts)",270,"Grande",-68.8420845081,-32.9005728206,2,"1",0.0903973509933775
24629,"Pltano","Alto (> 8 mts)",252,"Grande",-68.8420632735,-32.9004925434,2,"0",0.0903973509933775
24630,"Pltano","Alto (> 8 mts)",240,"Grande",-68.8420410043,-32.9003929687,2,"0",0.0903973509933775
24631,"Pltano","Alto (> 8 mts)",230,"Grande",-68.8420187067,-32.900309444,2,"1",0.0903973509933775
24637,"Pltano","Alto (> 8 mts)",250,"Grande",-68.8418679648,-32.899726942,2,"0",0.0903973509933775
24639,"Morera","Alto (> 8 mts)",150,"Grande",-68.8430130164,-32.8995464238,2,"1",0.185148665048544
24640,"Morera","Medio (4 - 8 mts)",100,"Grande",-68.8430332092,-32.8996117315,2,"1",0.185148665048544
24641,"Morera","Alto (> 8 mts)",120,"Grande",-68.8430841665,-32.8998086345,2,"0",0.185148665048544
24643,"Morera","Alto (> 8 mts)",158,"Grande",-68.8431075027,-32.8999098334,2,"0",0.185148665048544
24644,"Morera","Alto (> 8 mts)",143,"Grande",-68.8431308737,-32.8999912853,2,"1",0.185148665048544
24645,"Morera","Alto (> 8 mts)",140,"Grande",-68.8431818257,-32.9001914342,2,"1",0.185148665048544
24648,"Morera","Alto (> 8 mts)",140,"Grande",-68.8432391941,-32.900389878,2,"0",0.185148665048544
24650,"Morera","Alto (> 8 mts)",145,"Grande",-68.8432657376,-32.9004908104,2,"1",0.185148665048544
24651,"Morera","Alto (> 8 mts)",160,"Grande",-68.8432784711,-32.900543485,2,"1",0.185148665048544
24654,"Morera","Alto (> 8 mts)",120,"Grande",-68.8433325508,-32.9007888125,2,"1",0.185148665048544
24655,"Morera","Alto (> 8 mts)",131,"Grande",-68.8433491789,-32.9008417003,2,"1",0.185148665048544
24657,"Fresno europeo","Medio (4 - 8 mts)",75,"Grande",-68.8432111785,-32.9009788412,2,"0",0.0420032310177706
24662,"Fresno europeo","Medio (4 - 8 mts)",55,"Mediano",-68.8427552677,-32.9010775943,2,"0",0.0420032310177706
24664,"Fresno europeo","Medio (4 - 8 mts)",48,"Mediano",-68.8425865166,-32.9011140257,2,"0",0.0420032310177706
24666,"Fresno europeo","Muy bajo (1 - 2 mts)",22,"Mediano",-68.8424533135,-32.9011402468,2,"0",0.0420032310177706
24670,"Pltano","Alto (> 8 mts)",270,"Grande",-68.8421875597,-32.9009265935,2,"1",0.0903973509933775
24671,"Pltano","Alto (> 8 mts)",260,"Grande",-68.8421578291,-32.9008152874,2,"0",0.0903973509933775
24673,"Acer","Bajo (2 - 4 mts)",58,"Mediano",-68.8411143655,-32.8968291263,2,"0",0.0204081632653061
24674,"Paraiso","Medio (4 - 8 mts)",150,"Grande",-68.8412268985,-32.8967164678,2,"1",0.0859023207481815
24682,"Paraiso","Medio (4 - 8 mts)",91,"Grande",-68.8429319989,-32.8964574916,2,"0",0.0859023207481815
24685,"Morera","Alto (> 8 mts)",140,"Grande",-68.8426716189,-32.8964681649,2,"1",0.185148665048544
24694,"Morera","Alto (> 8 mts)",85,"Grande",-68.8433756013,-32.8964909597,2,"1",0.185148665048544
24699,"Morera","Alto (> 8 mts)",180,"Grande",-68.8433625523,-32.896314212,2,"1",0.185148665048544
24700,"Morera","Alto (> 8 mts)",165,"Grande",-68.8432722273,-32.8963205008,2,"0",0.185148665048544
24702,"Morera","Medio (4 - 8 mts)",62,"Grande",-68.83503751,-32.8983113671,2,"0",0.185148665048544
24703,"Morera","Medio (4 - 8 mts)",58,"Mediano",-68.8349973394,-32.8982622225,2,"0",0.185148665048544
24710,"Pltano","Alto (> 8 mts)",190,"Grande",-68.8413219577,-32.8984312808,2,"0",0.0903973509933775
24719,"Morera","Alto (> 8 mts)",180,"Grande",-68.8411515742,-32.8992403927,2,"1",0.185148665048544
24724,"Morera","Alto (> 8 mts)",150,"Grande",-68.8407251843,-32.8992332589,2,"1",0.185148665048544
24725,"Morera","Alto (> 8 mts)",140,"Grande",-68.8406215097,-32.8992316841,2,"1",0.185148665048544
24727,"Morera","Alto (> 8 mts)",180,"Grande",-68.8401886457,-32.8992228361,2,"1",0.185148665048544
24728,"Morera","Alto (> 8 mts)",127,"Grande",-68.8399739165,-32.8991631401,2,"0",0.185148665048544
24729,"Morera","Alto (> 8 mts)",170,"Grande",-68.8399461989,-32.8991229794,2,"0",0.185148665048544
24734,"Morera","Alto (> 8 mts)",120,"Grande",-68.8397287374,-32.8988001663,2,"1",0.185148665048544
24736,"Morera","Alto (> 8 mts)",110,"Grande",-68.8395341279,-32.8985117825,2,"1",0.185148665048544
24737,"Morera","Medio (4 - 8 mts)",40,"Mediano",-68.8394206541,-32.8983514506,2,"0",0.185148665048544
24738,"Morera","Alto (> 8 mts)",111,"Grande",-68.83934072,-32.8982251113,2,"0",0.185148665048544
24740,"Morera","Alto (> 8 mts)",170,"Grande",-68.8392426467,-32.898081887,2,"1",0.185148665048544
24742,"Acer","Medio (4 - 8 mts)",52,"Mediano",-68.834460887,-32.897465495,2,"0",0.0204081632653061
24743,"Acer","Alto (> 8 mts)",108,"Grande",-68.8344173266,-32.8973912336,2,"0",0.0204081632653061
24744,"Morera","Alto (> 8 mts)",152,"Grande",-68.8345355286,-32.8972852007,2,"0",0.185148665048544
24746,"Morera","Medio (4 - 8 mts)",102,"Grande",-68.8346917333,-32.8972561366,2,"1",0.185148665048544
24747,"Morera","Medio (4 - 8 mts)",98,"Grande",-68.8347487023,-32.8972457541,2,"0",0.185148665048544
24750,"Morera","Medio (4 - 8 mts)",82,"Grande",-68.8350729749,-32.8974871509,2,"0",0.185148665048544
24754,"Morera","Medio (4 - 8 mts)",56,"Mediano",-68.8397833276,-32.8961484072,2,"0",0.185148665048544
24755,"Pltano","Alto (> 8 mts)",236,"Grande",-68.8406709772,-32.8959592423,2,"0",0.0903973509933775
24764,"Morera","Medio (4 - 8 mts)",30,"Mediano",-68.8402064328,-32.8964659397,2,"0",0.185148665048544
24768,"Pltano","Alto (> 8 mts)",270,"Grande",-68.8406379746,-32.8958411338,2,"0",0.0903973509933775
24771,"Pltano","Alto (> 8 mts)",360,"Grande",-68.8405693872,-32.8955717465,2,"0",0.0903973509933775
24775,"Pltano","Alto (> 8 mts)",270,"Grande",-68.840496021,-32.8952901505,2,"0",0.0903973509933775
24787,"Fresno europeo","Alto (> 8 mts)",208,"Grande",-68.8396857588,-32.8957805304,2,"1",0.0420032310177706
24795,"Pltano","Alto (> 8 mts)",230,"Grande",-68.8411779829,-32.8978941937,2,"0",0.0903973509933775
24796,"Pltano","Alto (> 8 mts)",225,"Grande",-68.8412006009,-32.8979770878,2,"0",0.0903973509933775
24798,"Pltano","Alto (> 8 mts)",260,"Grande",-68.8410549466,-32.8974237157,2,"0",0.0903973509933775
24801,"Pltano","Alto (> 8 mts)",250,"Grande",-68.8409791188,-32.8971518497,2,"0",0.0903973509933775
24803,"Pltano","Alto (> 8 mts)",270,"Grande",-68.8409283598,-32.8969670288,2,"0",0.0903973509933775
24806,"Pltano","Alto (> 8 mts)",250,"Grande",-68.8408632847,-32.8967192516,2,"0",0.0903973509933775
24809,"Morera","Alto (> 8 mts)",144,"Grande",-68.8401573478,-32.8973556056,2,"0",0.185148665048544
24810,"Perenne","Alto (> 8 mts)",65,"Grande",-68.8401154894,-32.8972213373,2,"0",0.0364741641337386
24813,"Morera","Alto (> 8 mts)",160,"Grande",-68.8400556574,-32.8970362474,2,"0",0.185148665048544
24815,"Morera","Alto (> 8 mts)",155,"Grande",-68.8400251967,-32.8969170952,2,"1",0.185148665048544
24817,"Morera","Alto (> 8 mts)",140,"Grande",-68.8399997111,-32.8968248196,2,"1",0.185148665048544
24822,"Morera","Alto (> 8 mts)",160,"Grande",-68.8399898921,-32.8965791866,2,"1",0.185148665048544
24823,"Morera","Alto (> 8 mts)",135,"Grande",-68.8400502811,-32.8965784523,2,"0",0.185148665048544
24824,"Morera","Alto (> 8 mts)",165,"Grande",-68.8401345056,-32.8965770271,2,"0",0.185148665048544
24825,"Morera","Alto (> 8 mts)",128,"Grande",-68.8402933363,-32.8965737135,2,"0",0.185148665048544
24828,"Morera","Alto (> 8 mts)",190,"Grande",-68.8400756617,-32.8976212898,2,"0",0.185148665048544
24832,"Liquidambar","Bajo (2 - 4 mts)",27,"Mediano",-68.8399496359,-32.89715252,2,"0",0
24836,"Olmo comun","Alto (> 8 mts)",110,"Grande",-68.8398505734,-32.896786938,2,"0",0.0227272727272727
24837,"Olmo comun","Alto (> 8 mts)",81,"Grande",-68.8398301771,-32.8967175719,2,"0",0.0227272727272727
24838,"Morera","Alto (> 8 mts)",160,"Grande",-68.8397939015,-32.8966226676,2,"1",0.185148665048544
24841,"Morera","Alto (> 8 mts)",133,"Grande",-68.8395106302,-32.8965840727,2,"0",0.185148665048544
24842,"Fresno europeo","Alto (> 8 mts)",117,"Grande",-68.8393290111,-32.8965893578,2,"0",0.0420032310177706
24845,"Morera","Alto (> 8 mts)",143,"Grande",-68.8381347985,-32.8961908754,2,"1",0.185148665048544
24846,"Morera","Alto (> 8 mts)",117,"Grande",-68.8380839765,-32.8960606957,2,"0",0.185148665048544
24849,"Morera","Alto (> 8 mts)",54,"Mediano",-68.8379917091,-32.8958422769,2,"0",0.185148665048544
24853,"Morera","Alto (> 8 mts)",146,"Grande",-68.8383340443,-32.8954897081,2,"1",0.185148665048544
24856,"Morera","Alto (> 8 mts)",150,"Grande",-68.8385757782,-32.8954458375,2,"0",0.185148665048544
24858,"Morera","Alto (> 8 mts)",180,"Grande",-68.8390460049,-32.8953582457,2,"0",0.185148665048544
24860,"Morera","Muy bajo (1 - 2 mts)",8,"Chico",-68.8392734002,-32.8953203399,2,"0",0.185148665048544
24861,"Morera","Alto (> 8 mts)",160,"Grande",-68.8393449211,-32.8953058036,2,"1",0.185148665048544
24862,"Morera","Alto (> 8 mts)",160,"Grande",-68.8394113035,-32.8953000279,2,"1",0.185148665048544
24866,"Morera","Alto (> 8 mts)",170,"Grande",-68.839652441,-32.8959235625,2,"1",0.185148665048544
24870,"Pltano","Alto (> 8 mts)",250,"Grande",-68.8397452012,-32.8964861848,2,"1",0.0903973509933775
24872,"Fresno europeo","Medio (4 - 8 mts)",53,"Mediano",-68.8395350626,-32.8964883174,2,"0",0.0420032310177706
24874,"Pltano","Alto (> 8 mts)",320,"Grande",-68.839243715,-32.8964845439,2,"1",0.0903973509933775
24875,"Fresno americano","Alto (> 8 mts)",90,"Grande",-68.8390180416,-32.896483002,2,"0",0.0512455516014235
24878,"Morera","Bajo (2 - 4 mts)",26,"Mediano",-68.8387640192,-32.8964932137,2,"0",0.185148665048544
24882,"Morera","Alto (> 8 mts)",240,"Grande",-68.8382764662,-32.8964749298,2,"1",0.185148665048544
24886,"Morera","Alto (> 8 mts)",141,"Grande",-68.838956138,-32.8976674739,2,"0",0.185148665048544
24890,"Morera","Alto (> 8 mts)",147,"Grande",-68.8387964056,-32.8974364236,2,"0",0.185148665048544
24898,"Morera","Alto (> 8 mts)",117,"Grande",-68.8384353255,-32.896807299,2,"0",0.185148665048544
24899,"Morera","Alto (> 8 mts)",151,"Grande",-68.8383809554,-32.8966717949,2,"0",0.185148665048544
24905,"Fresno europeo","Alto (> 8 mts)",140,"Grande",-68.8388888891,-32.8965928311,2,"0",0.0420032310177706
24920,"Morera","Alto (> 8 mts)",124,"Grande",-68.8383585013,-32.8970887328,2,"1",0.185148665048544
24922,"Morera","Alto (> 8 mts)",135,"Grande",-68.8384049369,-32.8971794127,2,"1",0.185148665048544
24923,"Morera","Alto (> 8 mts)",142,"Grande",-68.8384539358,-32.8972711779,2,"0",0.185148665048544
24924,"Morera","Alto (> 8 mts)",126,"Grande",-68.8383930765,-32.8973541197,2,"0",0.185148665048544
24925,"Morera","Alto (> 8 mts)",146,"Grande",-68.8382890104,-32.8973927578,2,"0",0.185148665048544
24926,"Fresno europeo","Alto (> 8 mts)",150,"Grande",-68.8381745659,-32.8974373336,2,"0",0.0420032310177706
24928,"Fresno europeo","Medio (4 - 8 mts)",100,"Grande",-68.8378525211,-32.8975138613,2,"0",0.0420032310177706
24929,"Fresno europeo","Medio (4 - 8 mts)",91,"Grande",-68.837737008,-32.8975341329,2,"0",0.0420032310177706
24934,"Morera","Alto (> 8 mts)",160,"Grande",-68.8372965112,-32.8976044442,2,"1",0.185148665048544
24938,"Morera","Alto (> 8 mts)",175,"Grande",-68.8370440516,-32.8975099844,2,"0",0.185148665048544
24940,"Morera","Alto (> 8 mts)",130,"Grande",-68.8369997709,-32.8972937915,2,"0",0.185148665048544
24944,"Morera","Alto (> 8 mts)",130,"Grande",-68.8369272513,-32.8970315755,2,"0",0.185148665048544
24945,"Morera","Alto (> 8 mts)",142,"Grande",-68.8369134552,-32.8969778168,2,"1",0.185148665048544
24947,"Morera","Alto (> 8 mts)",160,"Grande",-68.8369009487,-32.896902201,2,"1",0.185148665048544
24948,"Olmo comun","Alto (> 8 mts)",122,"Grande",-68.8369491776,-32.8968491976,2,"0",0.0227272727272727
24950,"Fresno europeo","Alto (> 8 mts)",96,"Grande",-68.8368401032,-32.8967035171,2,"0",0.0420032310177706
24951,"Paraiso","Alto (> 8 mts)",93,"Grande",-68.8368220364,-32.8966427132,2,"0",0.0859023207481815
24955,"Fresno europeo","Bajo (2 - 4 mts)",20,"Chico",-68.8367435485,-32.8963181889,2,"0",0.0420032310177706
24956,"Fresno europeo","Alto (> 8 mts)",165,"Grande",-68.8367229346,-32.8962522484,2,"0",0.0420032310177706
24957,"Fresno europeo","Alto (> 8 mts)",122,"Grande",-68.8366927792,-32.8961440061,2,"0",0.0420032310177706
24959,"Fresno europeo","Alto (> 8 mts)",115,"Grande",-68.8366591292,-32.8960181764,2,"0",0.0420032310177706
24960,"Morera","Alto (> 8 mts)",86,"Grande",-68.8366441741,-32.8959554893,2,"1",0.185148665048544
24962,"Morera","Alto (> 8 mts)",143,"Grande",-68.836709325,-32.8958057576,2,"1",0.185148665048544
24963,"Morera","Alto (> 8 mts)",124,"Grande",-68.8367970073,-32.8957927651,2,"1",0.185148665048544
24967,"Morera","Alto (> 8 mts)",137,"Grande",-68.8373237791,-32.895696362,2,"1",0.185148665048544
24968,"Morera","Muy bajo (1 - 2 mts)",8,"Chico",-68.837433698,-32.895673749,2,"0",0.185148665048544
24970,"Morera","Alto (> 8 mts)",146,"Grande",-68.8377186757,-32.895688841,2,"0",0.185148665048544
24971,"Morera","Alto (> 8 mts)",151,"Grande",-68.8377347085,-32.8957264777,2,"0",0.185148665048544
24976,"Morera","Alto (> 8 mts)",133,"Grande",-68.8378814812,-32.8961136412,2,"1",0.185148665048544
24977,"Morera","Alto (> 8 mts)",190,"Grande",-68.8379066528,-32.896172804,2,"0",0.185148665048544
24979,"Morera","Alto (> 8 mts)",160,"Grande",-68.8379633792,-32.8963015027,2,"0",0.185148665048544
24983,"Morera","Alto (> 8 mts)",130,"Grande",-68.8379014098,-32.8965486452,2,"1",0.185148665048544
24984,"Olmo comun","Alto (> 8 mts)",145,"Grande",-68.8378408958,-32.896559387,2,"0",0.0227272727272727
24987,"Morera","Alto (> 8 mts)",190,"Grande",-68.8376623317,-32.8965925251,2,"1",0.185148665048544
24989,"Olmo comun","Medio (4 - 8 mts)",107,"Grande",-68.8375015695,-32.8966263497,2,"0",0.0227272727272727
24990,"Olmo comun","Alto (> 8 mts)",128,"Grande",-68.8374399991,-32.8966372324,2,"0",0.0227272727272727
24995,"Olmo comun","Alto (> 8 mts)",130,"Grande",-68.8370243381,-32.8967110754,2,"0",0.0227272727272727
25001,"Ailanthus","Alto (> 8 mts)",91,"Grande",-68.8361270818,-32.8959012523,2,"1",0.0380952380952381
25002,"Morera","Alto (> 8 mts)",114,"Grande",-68.8360211405,-32.8959139175,2,"1",0.185148665048544
25003,"Morera","Alto (> 8 mts)",170,"Grande",-68.8359050187,-32.8959411765,2,"1",0.185148665048544
25004,"Morera","Alto (> 8 mts)",150,"Grande",-68.8358051718,-32.8959525871,2,"1",0.185148665048544
25005,"Morera","Alto (> 8 mts)",180,"Grande",-68.8357026295,-32.8959766177,2,"0",0.185148665048544
25007,"Morera","Alto (> 8 mts)",190,"Grande",-68.8354600461,-32.8960159731,2,"0",0.185148665048544
25008,"Morera","Alto (> 8 mts)",134,"Grande",-68.8353019451,-32.8960516523,2,"0",0.185148665048544
25009,"Morera","Alto (> 8 mts)",170,"Grande",-68.8352032905,-32.8960689556,2,"0",0.185148665048544
25010,"Morera","Alto (> 8 mts)",160,"Grande",-68.8351176846,-32.8960870262,2,"0",0.185148665048544
25011,"Morera","Alto (> 8 mts)",130,"Grande",-68.8349999085,-32.8961086494,2,"0",0.185148665048544
25017,"Fresno europeo","Alto (> 8 mts)",180,"Grande",-68.8349999158,-32.8966794835,2,"0",0.0420032310177706
25018,"Paraiso","Alto (> 8 mts)",250,"Grande",-68.8350429067,-32.8968160345,2,"1",0.0859023207481815
25020,"Morera","Alto (> 8 mts)",160,"Grande",-68.8350790561,-32.8969763125,2,"0",0.185148665048544
25023,"Morera","Medio (4 - 8 mts)",80,"Grande",-68.8353187373,-32.897017833,2,"0",0.185148665048544
25028,"Acer","Medio (4 - 8 mts)",86,"Grande",-68.8357835815,-32.8969375654,2,"0",0.0204081632653061
25029,"Fresno europeo","Medio (4 - 8 mts)",130,"Grande",-68.8358645175,-32.8969229741,2,"0",0.0420032310177706
25030,"Fresno europeo","Alto (> 8 mts)",150,"Grande",-68.8359296219,-32.8969102736,2,"0",0.0420032310177706
25032,"Fresno americano","Medio (4 - 8 mts)",53,"Mediano",-68.8360664787,-32.8968888846,2,"0",0.0512455516014235
25034,"Fresno europeo","Alto (> 8 mts)",81,"Grande",-68.8362261167,-32.8968538377,2,"0",0.0420032310177706
25037,"Fresno europeo","Medio (4 - 8 mts)",83,"Grande",-68.8364522404,-32.8968155413,2,"0",0.0420032310177706
25040,"Morera","Alto (> 8 mts)",190,"Grande",-68.8366534555,-32.8967795275,2,"0",0.185148665048544
25042,"Fresno europeo","Medio (4 - 8 mts)",46,"Mediano",-68.8366981984,-32.8966855685,2,"0",0.0420032310177706
25043,"Perenne","Bajo (2 - 4 mts)",39,"Mediano",-68.8366396903,-32.8964930326,2,"0",0.0364741641337386
25044,"Morera","Alto (> 8 mts)",140,"Grande",-68.836630248,-32.8964385969,2,"1",0.185148665048544
25048,"Fresno europeo","Alto (> 8 mts)",160,"Grande",-68.8365531399,-32.8961500363,2,"0",0.0420032310177706
25052,"Morera","Alto (> 8 mts)",132,"Grande",-68.8353181745,-32.897886884,2,"1",0.185148665048544
25060,"Morera","Alto (> 8 mts)",104,"Grande",-68.8351758844,-32.8973258452,2,"0",0.185148665048544
25063,"Caducifolio","Medio (4 - 8 mts)",220,"Grande",-68.8353167242,-32.8971486674,2,"1",0.0512249443207127
25068,"Fresno europeo","Medio (4 - 8 mts)",98,"Grande",-68.8358936702,-32.8970476575,2,"1",0.0420032310177706
25069,"Fresno europeo","Medio (4 - 8 mts)",68,"Grande",-68.8359659503,-32.8970311162,2,"0",0.0420032310177706
25074,"Fresno europeo","Medio (4 - 8 mts)",68,"Grande",-68.8364053994,-32.8969465994,2,"0",0.0420032310177706
25076,"Acer","Bajo (2 - 4 mts)",28,"Mediano",-68.8365518822,-32.8969163003,2,"0",0.0204081632653061
25079,"Morera","Medio (4 - 8 mts)",98,"Grande",-68.8367644187,-32.8969482912,2,"1",0.185148665048544
25081,"Morera","Alto (> 8 mts)",106,"Grande",-68.8368165707,-32.8971217805,2,"1",0.185148665048544
25082,"Morera","Alto (> 8 mts)",142,"Grande",-68.836849444,-32.8972635691,2,"0",0.185148665048544
25090,"Morera","Medio (4 - 8 mts)",68,"Grande",-68.8366456545,-32.8977110825,2,"0",0.185148665048544
25093,"Morera","Alto (> 8 mts)",128,"Grande",-68.8360735663,-32.8978147964,2,"0",0.185148665048544
25097,"Morera","Alto (> 8 mts)",128,"Grande",-68.8355676505,-32.8978979253,2,"0",0.185148665048544
25099,"Olmo comun","Alto (> 8 mts)",128,"Grande",-68.8366429905,-32.9008886934,2,"0",0.0227272727272727
25100,"Fresno europeo","Bajo (2 - 4 mts)",27,"Mediano",-68.836336246,-32.9004215172,2,"0",0.0420032310177706
25107,"Morera","Alto (> 8 mts)",155,"Grande",-68.8369971197,-32.8988503948,2,"0",0.185148665048544
25109,"Morera","Alto (> 8 mts)",135,"Grande",-68.836902051,-32.8988697104,2,"0",0.185148665048544
25110,"Morera","Alto (> 8 mts)",180,"Grande",-68.8368406385,-32.8988792757,2,"1",0.185148665048544
25114,"Morera","Alto (> 8 mts)",160,"Grande",-68.8364685491,-32.8989439827,2,"1",0.185148665048544
25118,"Paraiso","Alto (> 8 mts)",100,"Grande",-68.8362268882,-32.8989912332,2,"0",0.0859023207481815
25119,"Palo borracho","Medio (4 - 8 mts)",140,"Grande",-68.8361402935,-32.8990003793,2,"0",0
25121,"Paraiso","Alto (> 8 mts)",220,"Grande",-68.8359745718,-32.8990286554,2,"0",0.0859023207481815
25125,"Morera","Alto (> 8 mts)",250,"Grande",-68.8357126527,-32.8990805681,2,"0",0.185148665048544
25126,"Morera","Alto (> 8 mts)",200,"Grande",-68.8356612138,-32.8991309464,2,"1",0.185148665048544
25137,"Morera","Alto (> 8 mts)",150,"Grande",-68.8373260791,-32.8991024371,2,"1",0.185148665048544
25139,"Morera","Alto (> 8 mts)",132,"Grande",-68.8354852106,-32.8985029466,2,"0",0.185148665048544
25143,"Morera","Medio (4 - 8 mts)",72,"Grande",-68.835423358,-32.8982852991,2,"1",0.185148665048544
25146,"Morera","Medio (4 - 8 mts)",68,"Grande",-68.83538312,-32.8981107393,2,"1",0.185148665048544
25148,"Morera","Alto (> 8 mts)",132,"Grande",-68.835519436,-32.8980343111,2,"1",0.185148665048544
25149,"Morera","Medio (4 - 8 mts)",72,"Grande",-68.8356073119,-32.8980213819,2,"1",0.185148665048544
25153,"Morera","Medio (4 - 8 mts)",98,"Grande",-68.8360278879,-32.8979366883,2,"0",0.185148665048544
25157,"Morera","Alto (> 8 mts)",158,"Grande",-68.8361738443,-32.8981933204,2,"1",0.185148665048544
25159,"Morera","Alto (> 8 mts)",112,"Grande",-68.8362014452,-32.8982957885,2,"1",0.185148665048544
25161,"Morera","Alto (> 8 mts)",138,"Grande",-68.8362523478,-32.8985137937,2,"0",0.185148665048544
25162,"Morera","Alto (> 8 mts)",104,"Grande",-68.8362788807,-32.8986158998,2,"0",0.185148665048544
25166,"Morera","Alto (> 8 mts)",122,"Grande",-68.8362730975,-32.8988545696,2,"0",0.185148665048544
25168,"Morera","Alto (> 8 mts)",102,"Grande",-68.8361584654,-32.8988740853,2,"1",0.185148665048544
25169,"Morera","Alto (> 8 mts)",142,"Grande",-68.8361103531,-32.8988820473,2,"1",0.185148665048544
25175,"Morera","Bajo (2 - 4 mts)",42,"Mediano",-68.8356005831,-32.8989184799,2,"0",0.185148665048544
25176,"Morera","Medio (4 - 8 mts)",120,"Grande",-68.8355528422,-32.898779235,2,"0",0.185148665048544
25177,"Morera","Alto (> 8 mts)",136,"Grande",-68.8355401054,-32.8987309778,2,"0",0.185148665048544
25181,"Morera","Medio (4 - 8 mts)",102,"Grande",-68.8362548837,-32.8980487584,2,"0",0.185148665048544
25182,"Morera","Alto (> 8 mts)",132,"Grande",-68.8362708219,-32.8980999051,2,"1",0.185148665048544
25184,"Morera","Medio (4 - 8 mts)",106,"Grande",-68.8363083684,-32.8982738371,2,"0",0.185148665048544
25185,"Morera","Alto (> 8 mts)",138,"Grande",-68.836328517,-32.8983603356,2,"0",0.185148665048544
25189,"Morera","Alto (> 8 mts)",128,"Grande",-68.8364134677,-32.8986934166,2,"1",0.185148665048544
25191,"Morera","Alto (> 8 mts)",118,"Grande",-68.8365497732,-32.8988030817,2,"0",0.185148665048544
25192,"Morera","Alto (> 8 mts)",58,"Mediano",-68.836588284,-32.8987963008,2,"1",0.185148665048544
25193,"Morera","Alto (> 8 mts)",104,"Grande",-68.8366272295,-32.8987862059,2,"0",0.185148665048544
25195,"Morera","Alto (> 8 mts)",138,"Grande",-68.8367837447,-32.8987491651,2,"1",0.185148665048544
25196,"Morera","Alto (> 8 mts)",102,"Grande",-68.8368476054,-32.8987403902,2,"0",0.185148665048544
25198,"Morera","Alto (> 8 mts)",112,"Grande",-68.8369529817,-32.8987205633,2,"0",0.185148665048544
25201,"Morera","Alto (> 8 mts)",88,"Grande",-68.8371466298,-32.8986842621,2,"0",0.185148665048544
25202,"Morera","Medio (4 - 8 mts)",58,"Mediano",-68.8372023536,-32.8986145808,2,"1",0.185148665048544
25205,"Morera","Alto (> 8 mts)",98,"Grande",-68.8371556875,-32.8984165089,2,"0",0.185148665048544
25206,"Morera","Alto (> 8 mts)",110,"Grande",-68.8371386838,-32.8983631968,2,"0",0.185148665048544
25207,"Morera","Alto (> 8 mts)",98,"Grande",-68.8371238193,-32.898309076,2,"1",0.185148665048544
25209,"Morera","Alto (> 8 mts)",142,"Grande",-68.8370834538,-32.8981725076,2,"1",0.185148665048544
25211,"Morera","Alto (> 8 mts)",148,"Grande",-68.8370431192,-32.8980156727,2,"1",0.185148665048544
25213,"Morera","Alto (> 8 mts)",76,"Grande",-68.8369327007,-32.8977872415,2,"1",0.185148665048544
25214,"Morera","Alto (> 8 mts)",62,"Grande",-68.8368674108,-32.8977947215,2,"0",0.185148665048544
25215,"Morera","Medio (4 - 8 mts)",68,"Grande",-68.8368058396,-32.8978067419,2,"1",0.185148665048544
25218,"Caducifolio","Medio (4 - 8 mts)",58,"Mediano",-68.8365611369,-32.8978545653,2,"0",0.0512249443207127
25220,"Morera","Alto (> 8 mts)",132,"Grande",-68.8364768754,-32.8978684449,2,"1",0.185148665048544
25224,"Fresno europeo","Alto (> 8 mts)",96,"Grande",-68.8373831285,-32.8977008619,2,"0",0.0420032310177706
25226,"Fresno europeo","Medio (4 - 8 mts)",122,"Grande",-68.8375974158,-32.8976654344,2,"0",0.0420032310177706
25227,"Perenne","Alto (> 8 mts)",118,"Grande",-68.8377321256,-32.8976443293,2,"0",0.0364741641337386
25229,"Fresno europeo","Alto (> 8 mts)",135,"Grande",-68.8379769451,-32.8976115548,2,"0",0.0420032310177706
25235,"Morera","Alto (> 8 mts)",170,"Grande",-68.8386249368,-32.8974532444,2,"0",0.185148665048544
25236,"Fresno europeo","Medio (4 - 8 mts)",108,"Grande",-68.8386494649,-32.8974833925,2,"0",0.0420032310177706
25237,"Morera","Alto (> 8 mts)",153,"Grande",-68.8387133509,-32.8975927598,2,"0",0.185148665048544
25238,"Morera","Alto (> 8 mts)",170,"Grande",-68.8387432693,-32.8976440847,2,"0",0.185148665048544
25242,"Morera","Alto (> 8 mts)",110,"Grande",-68.8390175748,-32.8980510248,2,"0",0.185148665048544
25244,"Morera","Alto (> 8 mts)",96,"Grande",-68.8391613769,-32.8982886167,2,"0",0.185148665048544
25245,"Morera","Alto (> 8 mts)",140,"Grande",-68.8392065452,-32.8983627117,2,"1",0.185148665048544
25246,"Morera","Alto (> 8 mts)",160,"Grande",-68.8393831938,-32.8986267895,2,"1",0.185148665048544
25248,"Morera","Alto (> 8 mts)",116,"Grande",-68.8395009261,-32.8988096421,2,"0",0.185148665048544
25252,"Morera","Alto (> 8 mts)",100,"Grande",-68.8396384319,-32.8990164904,2,"0",0.185148665048544
25254,"Morera","Alto (> 8 mts)",195,"Grande",-68.8396969722,-32.8992270758,2,"1",0.185148665048544
25255,"Olmo comun","Alto (> 8 mts)",135,"Grande",-68.8395333272,-32.8992586956,2,"0",0.0227272727272727
25256,"Morera","Alto (> 8 mts)",113,"Grande",-68.8394287491,-32.8992709569,2,"0",0.185148665048544
25258,"Olmo comun","Medio (4 - 8 mts)",104,"Grande",-68.8392479359,-32.899295659,2,"0",0.0227272727272727
25260,"Olmo comun","Medio (4 - 8 mts)",74,"Grande",-68.8391088501,-32.8993050308,2,"0",0.0227272727272727
25261,"Morera","Medio (4 - 8 mts)",67,"Grande",-68.8390614376,-32.8993114214,2,"0",0.185148665048544
25269,"Perenne","Alto (> 8 mts)",180,"Grande",-68.8384942518,-32.8993794466,2,"0",0.0364741641337386
25272,"Morera","Alto (> 8 mts)",165,"Grande",-68.8381713857,-32.8994213185,2,"1",0.185148665048544
25273,"Olmo comun","Alto (> 8 mts)",92,"Grande",-68.8380398962,-32.8994334112,2,"0",0.0227272727272727
25275,"Paraiso","Alto (> 8 mts)",96,"Grande",-68.8377907654,-32.8994603319,2,"0",0.0859023207481815
25276,"Paraiso","Alto (> 8 mts)",110,"Grande",-68.8377437662,-32.8994668407,2,"0",0.0859023207481815
25283,"Morera","Alto (> 8 mts)",131,"Grande",-68.8374774956,-32.8991441452,2,"0",0.185148665048544
25284,"Perenne","Medio (4 - 8 mts)",24,"Mediano",-68.837465875,-32.899086357,2,"0",0.0364741641337386
25288,"Morera","Alto (> 8 mts)",200,"Grande",-68.8374090895,-32.8988302618,2,"0",0.185148665048544
25290,"Morera","Alto (> 8 mts)",122,"Grande",-68.8373720997,-32.8987230045,2,"0",0.185148665048544
25291,"Morera","Alto (> 8 mts)",142,"Grande",-68.8373529806,-32.8986574267,2,"0",0.185148665048544
25292,"Morera","Alto (> 8 mts)",134,"Grande",-68.8373402349,-32.8986134979,2,"0",0.185148665048544
25301,"Morera","Alto (> 8 mts)",125,"Grande",-68.8371895189,-32.8980351379,2,"1",0.185148665048544
25305,"Morera","Alto (> 8 mts)",110,"Grande",-68.8401454238,-32.9000785749,2,"0",0.185148665048544
25306,"Caducifolio","Muy bajo (1 - 2 mts)",12,"Chico",-68.8390871391,-32.9003699619,2,"0",0.0512249443207127
25313,"Morera","Alto (> 8 mts)",196,"Grande",-68.8389358981,-32.8998511494,2,"1",0.185148665048544
25314,"Morera","Alto (> 8 mts)",180,"Grande",-68.838919991,-32.8997817889,2,"1",0.185148665048544
25320,"Morera","Medio (4 - 8 mts)",130,"Grande",-68.8391354553,-32.8994352763,2,"0",0.185148665048544
25325,"Fresno europeo","Alto (> 8 mts)",90,"Grande",-68.8396432445,-32.8993856142,2,"0",0.0420032310177706
25326,"Paraiso sombrilla","Alto (> 8 mts)",200,"Grande",-68.8397372927,-32.8993910548,2,"0",0.022887323943662
25329,"Fresno americano","Medio (4 - 8 mts)",61,"Grande",-68.8400053548,-32.8995117737,2,"0",0.0512455516014235
25330,"Morera","Alto (> 8 mts)",250,"Grande",-68.8400149421,-32.8995297296,2,"1",0.185148665048544
25333,"Olmo comun","Bajo (2 - 4 mts)",29,"Mediano",-68.840131111,-32.8997161674,2,"0",0.0227272727272727
25335,"Morera","Alto (> 8 mts)",170,"Grande",-68.8402056526,-32.8998707221,2,"0",0.185148665048544
25336,"Morera","Alto (> 8 mts)",180,"Grande",-68.8402716448,-32.9000246348,2,"1",0.185148665048544
25340,"Fresno europeo","Alto (> 8 mts)",155,"Grande",-68.8400379995,-32.9003786101,2,"0",0.0420032310177706
25344,"Tilo","Alto (> 8 mts)",128,"Grande",-68.8397290017,-32.9004337585,2,"0",0
25346,"Morera","Alto (> 8 mts)",141,"Grande",-68.8395290612,-32.90046975,2,"0",0.185148665048544
25350,"Olmo comun","Muy bajo (1 - 2 mts)",20,"Chico",-68.8391724554,-32.90053232,2,"0",0.0227272727272727
25351,"Morera","Alto (> 8 mts)",135,"Grande",-68.8387523955,-32.8996640827,2,"1",0.185148665048544
25353,"Morera","Alto (> 8 mts)",190,"Grande",-68.8387916889,-32.8998041658,2,"1",0.185148665048544
25358,"Morera","Alto (> 8 mts)",160,"Grande",-68.8388914238,-32.9002110467,2,"0",0.185148665048544
25363,"Acer","Alto (> 8 mts)",138,"Grande",-68.8386683456,-32.9006286924,2,"0",0.0204081632653061
25365,"Morera","Alto (> 8 mts)",140,"Grande",-68.8385036868,-32.9006590471,2,"0",0.185148665048544
25367,"Morera","Alto (> 8 mts)",208,"Grande",-68.8382524363,-32.9006971343,2,"0",0.185148665048544
25368,"Fresno europeo","Alto (> 8 mts)",50,"Mediano",-68.8381529955,-32.9007175642,2,"0",0.0420032310177706
25370,"Fresno europeo","Medio (4 - 8 mts)",45,"Mediano",-68.8380556932,-32.9007375459,2,"0",0.0420032310177706
25372,"Morera","Alto (> 8 mts)",140,"Grande",-68.8378473107,-32.9007130203,2,"0",0.185148665048544
25373,"Morera","Alto (> 8 mts)",125,"Grande",-68.8378334714,-32.9006565665,2,"1",0.185148665048544
25374,"Morera","Alto (> 8 mts)",135,"Grande",-68.83782077,-32.9006138902,2,"1",0.185148665048544
25375,"Morera","Alto (> 8 mts)",216,"Grande",-68.8378037893,-32.9005475038,2,"0",0.185148665048544
25380,"Acer","Alto (> 8 mts)",80,"Grande",-68.8376415342,-32.8998461391,2,"1",0.0204081632653061
25389,"Olmo comun","Alto (> 8 mts)",200,"Grande",-68.8385806029,-32.8995034504,2,"0",0.0227272727272727
25390,"Morera","Alto (> 8 mts)",200,"Grande",-68.8363107509,-32.8998961322,2,"0",0.185148665048544
25392,"lamo blanco","Alto (> 8 mts)",114,"Grande",-68.836446471,-32.8998798359,2,"0",0.046875
25398,"Morera","Alto (> 8 mts)",155,"Grande",-68.8374544369,-32.9008420614,2,"0",0.185148665048544
25400,"Morera","Alto (> 8 mts)",141,"Grande",-68.8373510818,-32.9008658434,2,"0",0.185148665048544
25401,"Morera","Alto (> 8 mts)",140,"Grande",-68.8372976197,-32.9008763237,2,"0",0.185148665048544
25405,"Morera","Alto (> 8 mts)",165,"Grande",-68.8370198451,-32.900923361,2,"0",0.185148665048544
25406,"Morera","Alto (> 8 mts)",250,"Grande",-68.8369563536,-32.9009380362,2,"1",0.185148665048544
25409,"Morera","Alto (> 8 mts)",200,"Grande",-68.8368495096,-32.9007362339,2,"1",0.185148665048544
25417,"Morera","Alto (> 8 mts)",137,"Grande",-68.8367261259,-32.900687937,2,"0",0.185148665048544
25418,"Morera","Alto (> 8 mts)",220,"Grande",-68.8367102056,-32.9006266013,2,"1",0.185148665048544
25421,"Fresno europeo","Alto (> 8 mts)",184,"Grande",-68.8367535019,-32.9003311741,2,"0",0.0420032310177706
25424,"Perenne","Alto (> 8 mts)",106,"Grande",-68.8365552729,-32.9005986269,2,"1",0.0364741641337386
25427,"Morera","Alto (> 8 mts)",110,"Grande",-68.836363607,-32.9003270883,2,"1",0.185148665048544
25429,"Morera","Alto (> 8 mts)",230,"Grande",-68.8361153524,-32.8997750786,2,"0",0.185148665048544
25430,"Paraiso","Alto (> 8 mts)",90,"Grande",-68.8362201239,-32.8997616906,2,"1",0.0859023207481815
25431,"Morera","Alto (> 8 mts)",206,"Grande",-68.8363184753,-32.8997520811,2,"1",0.185148665048544
25435,"Fresno europeo","Alto (> 8 mts)",140,"Grande",-68.8367696219,-32.8997009139,2,"0",0.0420032310177706
25436,"Morera","Medio (4 - 8 mts)",56,"Mediano",-68.8368476667,-32.8996904659,2,"1",0.185148665048544
25437,"Morera","Alto (> 8 mts)",146,"Grande",-68.8369267777,-32.8996814621,2,"0",0.185148665048544
25443,"Morera","Alto (> 8 mts)",111,"Grande",-68.8375556046,-32.9000772208,2,"0",0.185148665048544
25444,"Morera","Alto (> 8 mts)",126,"Grande",-68.8375668125,-32.9001323088,2,"1",0.185148665048544
25445,"Fresno europeo","Alto (> 8 mts)",154,"Grande",-68.8375863566,-32.9002112519,2,"0",0.0420032310177706
25450,"Morera","Alto (> 8 mts)",150,"Grande",-68.8376831463,-32.9006132635,2,"1",0.185148665048544
25451,"Morera","Alto (> 8 mts)",150,"Grande",-68.8376924663,-32.9006586513,2,"1",0.185148665048544
25453,"Fresno europeo","Alto (> 8 mts)",105,"Grande",-68.8377167413,-32.9007470286,2,"0",0.0420032310177706
25454,"Morera","Alto (> 8 mts)",200,"Grande",-68.8409169486,-32.9013774513,2,"1",0.185148665048544
25459,"Fresno europeo","Alto (> 8 mts)",120,"Grande",-68.8407925377,-32.9010162564,2,"0",0.0420032310177706
25460,"Morera","Alto (> 8 mts)",180,"Grande",-68.8407414994,-32.9008670519,2,"1",0.185148665048544
25463,"Morera","Alto (> 8 mts)",140,"Grande",-68.8406649476,-32.9006402695,2,"1",0.185148665048544
25465,"Morera","Alto (> 8 mts)",145,"Grande",-68.8406117797,-32.9004868243,2,"1",0.185148665048544
25467,"Morera","Alto (> 8 mts)",200,"Grande",-68.8405553832,-32.9003457281,2,"1",0.185148665048544
25471,"Morera","Alto (> 8 mts)",185,"Grande",-68.8404426382,-32.9000371161,2,"0",0.185148665048544
25474,"Morera","Alto (> 8 mts)",160,"Grande",-68.8403479317,-32.8998024656,2,"1",0.185148665048544
25475,"Fresno europeo","Alto (> 8 mts)",155,"Grande",-68.8403256004,-32.8997386876,2,"0",0.0420032310177706
25476,"Morera","Alto (> 8 mts)",140,"Grande",-68.8402701957,-32.899641054,2,"1",0.185148665048544
25477,"Morera","Alto (> 8 mts)",160,"Grande",-68.8402392864,-32.8995925036,2,"1",0.185148665048544
25481,"Pltano","Alto (> 8 mts)",220,"Grande",-68.8416733426,-32.8997789036,2,"0",0.0903973509933775
25483,"Pltano","Alto (> 8 mts)",274,"Grande",-68.8417338928,-32.8999891642,2,"0",0.0903973509933775
25486,"Pltano","Alto (> 8 mts)",254,"Grande",-68.8418516945,-32.9004620693,2,"0",0.0903973509933775
25491,"Pltano","Alto (> 8 mts)",236,"Grande",-68.8419451005,-32.9008298064,2,"1",0.0903973509933775
25492,"Pltano","Alto (> 8 mts)",216,"Grande",-68.8419779955,-32.9009647408,2,"1",0.0903973509933775
25493,"Pltano","Alto (> 8 mts)",290,"Grande",-68.8419971006,-32.9010404168,2,"0",0.0903973509933775
25499,"Olmo comun","Alto (> 8 mts)",108,"Grande",-68.8415786971,-32.9013094024,2,"0",0.0227272727272727
25500,"Morera","Alto (> 8 mts)",196,"Grande",-68.8413085343,-32.9013507008,2,"0",0.185148665048544
25502,"Olmo bola","Alto (> 8 mts)",90,"Grande",-68.8411210841,-32.901387359,2,"0",0.0231481481481481
25503,"Olmo bola","Alto (> 8 mts)",112,"Grande",-68.8410109548,-32.9014075972,2,"0",0.0231481481481481
25509,"Morera","Medio (4 - 8 mts)",122,"Grande",-68.8393963084,-32.9016133434,2,"1",0.185148665048544
25510,"Morera","Bajo (2 - 4 mts)",30,"Mediano",-68.8393897724,-32.9015736237,2,"1",0.185148665048544
25515,"Morera","Medio (4 - 8 mts)",98,"Grande",-68.8392171932,-32.9009299326,2,"0",0.185148665048544
25518,"Morera","Alto (> 8 mts)",112,"Grande",-68.839221857,-32.9006440199,2,"1",0.185148665048544
25521,"Morera","Alto (> 8 mts)",68,"Grande",-68.8396159846,-32.9005723882,2,"1",0.185148665048544
25522,"Fresno americano","Alto (> 8 mts)",138,"Grande",-68.8396987279,-32.9005587228,2,"0",0.0512455516014235
25528,"Morera","Alto (> 8 mts)",138,"Grande",-68.8404301211,-32.9004608042,2,"1",0.185148665048544
25529,"Morera","Alto (> 8 mts)",82,"Grande",-68.8404492793,-32.9005060935,2,"1",0.185148665048544
25533,"Morera","Alto (> 8 mts)",82,"Grande",-68.8406225952,-32.9010127036,2,"1",0.185148665048544
25534,"Morera","Alto (> 8 mts)",120,"Grande",-68.8407087191,-32.9012661882,2,"1",0.185148665048544
25542,"Morera","Alto (> 8 mts)",108,"Grande",-68.8380191503,-32.9008624538,2,"1",0.185148665048544
25547,"Morera","Alto (> 8 mts)",98,"Grande",-68.8383894655,-32.9007944442,2,"0",0.185148665048544
25549,"Morera","Alto (> 8 mts)",68,"Grande",-68.8384776425,-32.9007782502,2,"0",0.185148665048544
25551,"Fresno europeo","Alto (> 8 mts)",88,"Grande",-68.8387628574,-32.9007258677,2,"0",0.0420032310177706
25552,"Fresno europeo","Alto (> 8 mts)",92,"Grande",-68.8388049967,-32.9007184064,2,"0",0.0420032310177706
25554,"Morera","Alto (> 8 mts)",98,"Grande",-68.838931176,-32.9006949547,2,"1",0.185148665048544
25555,"Fresno europeo","Bajo (2 - 4 mts)",44,"Mediano",-68.8390269914,-32.9007481705,2,"1",0.0420032310177706
25556,"Fresno europeo","Bajo (2 - 4 mts)",48,"Mediano",-68.8390644542,-32.9008703147,2,"0",0.0420032310177706
25560,"Morera","Medio (4 - 8 mts)",102,"Grande",-68.8391111257,-32.901068476,2,"0",0.185148665048544
25561,"Morera","Medio (4 - 8 mts)",116,"Grande",-68.8391323921,-32.9011297281,2,"0",0.185148665048544
25562,"Morera","Medio (4 - 8 mts)",62,"Grande",-68.8389997474,-32.9011882574,2,"0",0.185148665048544
25564,"Morera","Medio (4 - 8 mts)",98,"Grande",-68.8386875377,-32.901244391,2,"0",0.185148665048544
25569,"Morera","Alto (> 8 mts)",146,"Grande",-68.8381871399,-32.9013377906,2,"1",0.185148665048544
25571,"Caducifolio","Medio (4 - 8 mts)",102,"Grande",-68.8380193168,-32.9013440655,2,"0",0.0512249443207127
25577,"Morera","Medio (4 - 8 mts)",98,"Grande",-68.8387718534,-32.9013131183,2,"0",0.185148665048544
25581,"Morera","Alto (> 8 mts)",98,"Grande",-68.8390434309,-32.9012655885,2,"0",0.185148665048544
25583,"Morera","Medio (4 - 8 mts)",88,"Grande",-68.839172678,-32.9013092424,2,"1",0.185148665048544
25584,"Morera","Medio (4 - 8 mts)",68,"Grande",-68.839190745,-32.9013701937,2,"0",0.185148665048544
25585,"Morera","Alto (> 8 mts)",142,"Grande",-68.8392002619,-32.9014271026,2,"1",0.185148665048544
25587,"Morera","Medio (4 - 8 mts)",138,"Grande",-68.8392384973,-32.9015620445,2,"1",0.185148665048544
25588,"Morera","Alto (> 8 mts)",108,"Grande",-68.8392533531,-32.901622026,2,"0",0.185148665048544
25592,"Morera","Medio (4 - 8 mts)",122,"Grande",-68.8388073107,-32.9018011585,2,"1",0.185148665048544
25596,"Morera","Alto (> 8 mts)",172,"Grande",-68.8384523392,-32.9018599414,2,"1",0.185148665048544
25602,"Morera","Alto (> 8 mts)",98,"Grande",-68.8381130687,-32.9017143901,2,"0",0.185148665048544
25606,"Fresno europeo","Medio (4 - 8 mts)",62,"Grande",-68.836962415,-32.9012321447,2,"0",0.0420032310177706
25610,"Morera","Medio (4 - 8 mts)",118,"Grande",-68.8374686608,-32.9020336846,2,"1",0.185148665048544
25616,"Paraiso","Alto (> 8 mts)",98,"Grande",-68.8377926383,-32.9019738724,2,"1",0.0859023207481815
25621,"Paraiso","Alto (> 8 mts)",106,"Grande",-68.83800762,-32.9018978168,2,"1",0.0859023207481815
25622,"Acer","Medio (4 - 8 mts)",98,"Grande",-68.837991709,-32.9018307619,2,"0",0.0204081632653061
25623,"Paraiso","Alto (> 8 mts)",92,"Grande",-68.8379864338,-32.9017927939,2,"0",0.0859023207481815
25625,"Morera","Alto (> 8 mts)",108,"Grande",-68.8379185023,-32.9015313962,2,"0",0.185148665048544
25626,"Paraiso","Alto (> 8 mts)",104,"Grande",-68.8378987592,-32.9014375741,2,"1",0.0859023207481815
25629,"Paraiso","Alto (> 8 mts)",104,"Grande",-68.8378144823,-32.901131452,2,"0",0.0859023207481815
25632,"Morera","Medio (4 - 8 mts)",52,"Mediano",-68.8376917319,-32.9009276335,2,"0",0.185148665048544
25636,"Morera","Alto (> 8 mts)",108,"Grande",-68.8371897092,-32.9010134051,2,"1",0.185148665048544
25637,"Morera","Alto (> 8 mts)",118,"Grande",-68.8371204764,-32.9010218981,2,"0",0.185148665048544
25639,"Morera","Alto (> 8 mts)",256,"Grande",-68.8369905499,-32.9010440889,2,"0",0.185148665048544
25646,"Morera","Alto (> 8 mts)",120,"Grande",-68.8419337628,-32.9027771048,2,"0",0.185148665048544
25648,"Morera","Alto (> 8 mts)",180,"Grande",-68.8418338184,-32.9025345754,2,"0",0.185148665048544
25654,"Morera","Alto (> 8 mts)",72,"Grande",-68.8411981196,-32.9018831157,2,"0",0.185148665048544
25655,"Morera","Alto (> 8 mts)",108,"Grande",-68.8410808827,-32.9017532136,2,"0",0.185148665048544
25658,"Olmo comun","Medio (4 - 8 mts)",100,"Grande",-68.8413528076,-32.9014748773,2,"0",0.0227272727272727
25669,"Pltano","Alto (> 8 mts)",225,"Grande",-68.8422328238,-32.9019224769,2,"0",0.0903973509933775
25670,"Pltano","Alto (> 8 mts)",200,"Grande",-68.8422561734,-32.9020158313,2,"0",0.0903973509933775
25672,"Pltano","Alto (> 8 mts)",190,"Grande",-68.8423007673,-32.9021844133,2,"0",0.0903973509933775
25674,"Pltano","Alto (> 8 mts)",230,"Grande",-68.8423506939,-32.9023596746,2,"0",0.0903973509933775
25675,"Pltano","Alto (> 8 mts)",230,"Grande",-68.8423740312,-32.9024601523,2,"0",0.0903973509933775
25685,"Pltano","Alto (> 8 mts)",290,"Grande",-68.8425712856,-32.9033400892,2,"0",0.0903973509933775
25687,"Pltano","Alto (> 8 mts)",230,"Grande",-68.8426244734,-32.9034851478,2,"0",0.0903973509933775
25690,"Fresno americano","Bajo (2 - 4 mts)",12,"Chico",-68.8427157965,-32.90382538,2,"0",0.0512455516014235
25692,"Olmo comun","Alto (> 8 mts)",210,"Grande",-68.8426717701,-32.9039394785,2,"0",0.0227272727272727
25693,"Morera","Alto (> 8 mts)",83,"Grande",-68.8403797266,-32.9018003805,2,"0",0.185148665048544
25698,"Ailanthus","Muy bajo (1 - 2 mts)",8,"Chico",-68.8405473418,-32.9024473764,2,"0",0.0380952380952381
25699,"Caducifolio","Alto (> 8 mts)",110,"Grande",-68.8405611499,-32.9024960853,2,"0",0.0512249443207127
25700,"Morera","Alto (> 8 mts)",92,"Grande",-68.8405760116,-32.9025533615,2,"0",0.185148665048544
25701,"Acacia SP","Alto (> 8 mts)",130,"Grande",-68.8405949117,-32.9026236273,2,"0",0.150492264416315
25703,"Morera","Alto (> 8 mts)",67,"Grande",-68.8408056882,-32.9026273222,2,"0",0.185148665048544
25705,"Morera","Alto (> 8 mts)",125,"Grande",-68.840984248,-32.9025955332,2,"0",0.185148665048544
25708,"Morera","Medio (4 - 8 mts)",56,"Mediano",-68.8412569096,-32.902540973,2,"1",0.185148665048544
25709,"Morera","Alto (> 8 mts)",124,"Grande",-68.841325347,-32.9025246492,2,"1",0.185148665048544
25711,"Morera","Alto (> 8 mts)",170,"Grande",-68.8414759516,-32.9023940393,2,"0",0.185148665048544
25715,"Morera","Alto (> 8 mts)",142,"Grande",-68.8412383943,-32.9021600749,2,"0",0.185148665048544
25716,"Morera","Alto (> 8 mts)",128,"Grande",-68.8411805896,-32.9021091633,2,"0",0.185148665048544
25719,"Morera","Alto (> 8 mts)",158,"Grande",-68.8409383601,-32.9018641756,2,"1",0.185148665048544
25720,"Morera","Alto (> 8 mts)",135,"Grande",-68.8408785238,-32.9017828202,2,"0",0.185148665048544
25725,"Fresno americano","Bajo (2 - 4 mts)",11,"Chico",-68.8405670228,-32.9016045921,2,"0",0.0512455516014235
25732,"Morera","Medio (4 - 8 mts)",82,"Grande",-68.8410210131,-32.9033332017,2,"0",0.185148665048544
25739,"Morera","Alto (> 8 mts)",138,"Grande",-68.8406904948,-32.9027772942,2,"0",0.185148665048544
25740,"Morera","Alto (> 8 mts)",130,"Grande",-68.840737137,-32.9027692772,2,"0",0.185148665048544
25743,"Morera","Alto (> 8 mts)",125,"Grande",-68.8409686072,-32.9027222421,2,"0",0.185148665048544
25746,"Morera","Alto (> 8 mts)",190,"Grande",-68.8411839804,-32.9026784783,2,"1",0.185148665048544
25748,"Morera","Alto (> 8 mts)",124,"Grande",-68.84144066,-32.9026312588,2,"1",0.185148665048544
25752,"Morera","Alto (> 8 mts)",137,"Grande",-68.8416925929,-32.902723142,2,"1",0.185148665048544
25760,"Morera","Alto (> 8 mts)",128,"Grande",-68.8418716233,-32.9033226188,2,"0",0.185148665048544
25762,"Morera","Alto (> 8 mts)",180,"Grande",-68.8419365976,-32.9035201106,2,"0",0.185148665048544
25763,"Morera","Alto (> 8 mts)",180,"Grande",-68.8420203826,-32.9037488335,2,"0",0.185148665048544
25766,"Paraiso","Alto (> 8 mts)",124,"Grande",-68.8420501345,-32.9039214851,2,"0",0.0859023207481815
25769,"Fresno europeo","Alto (> 8 mts)",82,"Grande",-68.8413437931,-32.9040481501,2,"0",0.0420032310177706
25770,"Fresno europeo","Medio (4 - 8 mts)",34,"Mediano",-68.8411218123,-32.9040593666,2,"0",0.0420032310177706
25777,"Perenne","Bajo (2 - 4 mts)",28,"Mediano",-68.8409588683,-32.9034956513,2,"0",0.0364741641337386
25778,"Acacia SP","Alto (> 8 mts)",110,"Grande",-68.8404194759,-32.902820603,2,"0",0.150492264416315
25780,"Morera","Alto (> 8 mts)",170,"Grande",-68.8401318481,-32.902875419,2,"0",0.185148665048544
25781,"Morera","Alto (> 8 mts)",180,"Grande",-68.840048445,-32.9028922641,2,"0",0.185148665048544
25783,"Morera","Bajo (2 - 4 mts)",32,"Mediano",-68.839906456,-32.9029247172,2,"0",0.185148665048544
25788,"Morera","Alto (> 8 mts)",150,"Grande",-68.8394042351,-32.9030257864,2,"1",0.185148665048544
25789,"Fresno europeo","Alto (> 8 mts)",95,"Grande",-68.8393586516,-32.903093809,2,"0",0.0420032310177706
25791,"Fresno europeo","Alto (> 8 mts)",102,"Grande",-68.8393730843,-32.9033883194,2,"0",0.0420032310177706
25792,"Fresno europeo","Medio (4 - 8 mts)",110,"Grande",-68.8396227061,-32.9042576881,2,"0",0.0420032310177706
25799,"Olmo comun","Alto (> 8 mts)",110,"Grande",-68.8406202122,-32.9041332681,2,"0",0.0227272727272727
25800,"Olmo comun","Alto (> 8 mts)",122,"Grande",-68.8407367402,-32.9041231374,2,"0",0.0227272727272727
25806,"Paraiso","Alto (> 8 mts)",104,"Grande",-68.8405079294,-32.9035789304,2,"0",0.0859023207481815
25819,"Morera","Medio (4 - 8 mts)",69,"Grande",-68.8405955511,-32.9029826809,2,"0",0.185148665048544
25827,"Morera","Alto (> 8 mts)",168,"Grande",-68.8396991103,-32.9027867698,2,"1",0.185148665048544
25828,"Morera","Alto (> 8 mts)",72,"Grande",-68.8396789217,-32.9027201091,2,"1",0.185148665048544
25832,"Morera","Alto (> 8 mts)",142,"Grande",-68.8395536941,-32.9022207731,2,"0",0.185148665048544
25833,"Morera","Alto (> 8 mts)",192,"Grande",-68.8395378004,-32.9021434779,2,"1",0.185148665048544
25837,"Morera","Alto (> 8 mts)",110,"Grande",-68.8394613652,-32.901853216,2,"1",0.185148665048544
25838,"Fresno americano","Medio (4 - 8 mts)",110,"Grande",-68.8394828287,-32.901805454,2,"0",0.0512455516014235
25839,"Fresno europeo","Medio (4 - 8 mts)",110,"Grande",-68.8395356921,-32.9017922508,2,"0",0.0420032310177706
25847,"Fresno europeo","Bajo (2 - 4 mts)",98,"Grande",-68.8402355459,-32.9016758534,2,"0",0.0420032310177706
25852,"Morera","Alto (> 8 mts)",160,"Grande",-68.8403503269,-32.9020419057,2,"0",0.185148665048544
25856,"Morera","Medio (4 - 8 mts)",78,"Grande",-68.8404764279,-32.9025196331,2,"0",0.185148665048544
25857,"Morera","Medio (4 - 8 mts)",82,"Grande",-68.8404915061,-32.9025753767,2,"1",0.185148665048544
25861,"Morera","Alto (> 8 mts)",108,"Grande",-68.8383036997,-32.9024847104,2,"1",0.185148665048544
25873,"Acer","Alto (> 8 mts)",158,"Grande",-68.8387825085,-32.9019215923,2,"1",0.0204081632653061
25875,"Fresno europeo","Medio (4 - 8 mts)",98,"Grande",-68.8389920758,-32.9018837209,2,"0",0.0420032310177706
25877,"Fresno europeo","Medio (4 - 8 mts)",62,"Grande",-68.839153566,-32.9018542135,2,"0",0.0420032310177706
25878,"Morera","Medio (4 - 8 mts)",108,"Grande",-68.8392262896,-32.9018401595,2,"1",0.185148665048544
25879,"Morera","Alto (> 8 mts)",172,"Grande",-68.8393273497,-32.9018913521,2,"1",0.185148665048544
25881,"Morera","Alto (> 8 mts)",138,"Grande",-68.839358487,-32.9020115207,2,"0",0.185148665048544
25883,"Morera","Alto (> 8 mts)",132,"Grande",-68.8394179105,-32.9022409769,2,"0",0.185148665048544
25885,"Ailanthus","Bajo (2 - 4 mts)",18,"Chico",-68.8392849654,-32.9023803895,2,"0",0.0380952380952381
25891,"Ailanthus","Alto (> 8 mts)",134,"Grande",-68.8383779993,-32.9027719946,2,"0",0.0380952380952381
25892,"Morera","Medio (4 - 8 mts)",102,"Grande",-68.8383673637,-32.9027426759,2,"0",0.185148665048544
25893,"Paraiso","Alto (> 8 mts)",172,"Grande",-68.8383481936,-32.9026472217,2,"0",0.0859023207481815
25894,"Olmo comun","Medio (4 - 8 mts)",98,"Grande",-68.8384159155,-32.9025955676,2,"0",0.0227272727272727
25895,"Fresno europeo","Medio (4 - 8 mts)",52,"Mediano",-68.8384811423,-32.9025816757,2,"0",0.0420032310177706
25896,"Fresno europeo","Medio (4 - 8 mts)",42,"Mediano",-68.8385559858,-32.9025695996,2,"0",0.0420032310177706
25898,"Morera","Medio (4 - 8 mts)",72,"Grande",-68.8386798293,-32.9025484047,2,"1",0.185148665048544
25901,"Morera","Bajo (2 - 4 mts)",20,"Chico",-68.839358795,-32.902422321,2,"1",0.185148665048544
25902,"Morera","Alto (> 8 mts)",178,"Grande",-68.8394688328,-32.9024536608,2,"0",0.185148665048544
25904,"Morera","Alto (> 8 mts)",122,"Grande",-68.8395123749,-32.9026099795,2,"1",0.185148665048544
25905,"Morera","Alto (> 8 mts)",158,"Grande",-68.8395293642,-32.9026724884,2,"0",0.185148665048544
25907,"Morera","Medio (4 - 8 mts)",86,"Grande",-68.839562279,-32.9027947997,2,"0",0.185148665048544
25911,"Morera","Medio (4 - 8 mts)",72,"Grande",-68.8391312646,-32.9029358112,2,"0",0.185148665048544
25913,"Morera","Medio (4 - 8 mts)",122,"Grande",-68.8389943974,-32.9029634972,2,"0",0.185148665048544
25917,"Morera","Bajo (2 - 4 mts)",38,"Mediano",-68.8386386045,-32.9030265581,2,"1",0.185148665048544
25919,"Paraiso","Alto (> 8 mts)",290,"Grande",-68.8376183374,-32.9021431133,2,"0",0.0859023207481815
25922,"Paraiso","Alto (> 8 mts)",58,"Mediano",-68.8378617113,-32.9021009875,2,"0",0.0859023207481815
25923,"Paraiso","Alto (> 8 mts)",88,"Grande",-68.8379000827,-32.9020951321,2,"0",0.0859023207481815
25926,"Pltano","Alto (> 8 mts)",152,"Grande",-68.838133334,-32.9023626852,2,"0",0.0903973509933775
25927,"Prunas","Muy bajo (1 - 2 mts)",6,"Chico",-68.8381551786,-32.902455574,2,"0",0.0321782178217822
25928,"Olmo comun","Medio (4 - 8 mts)",88,"Grande",-68.8381870418,-32.9025672444,2,"0",0.0227272727272727
25929,"Morera","Alto (> 8 mts)",106,"Grande",-68.8382220836,-32.902694428,2,"0",0.185148665048544
25931,"Morera","Bajo (2 - 4 mts)",28,"Mediano",-68.8382549871,-32.9028219695,2,"0",0.185148665048544
25932,"Paraiso","Alto (> 8 mts)",102,"Grande",-68.8382624061,-32.9028566941,2,"0",0.0859023207481815
25933,"Pltano","Alto (> 8 mts)",142,"Grande",-68.8382952907,-32.9029946951,2,"0",0.0903973509933775
25935,"Pltano","Alto (> 8 mts)",128,"Grande",-68.8383043062,-32.9030402809,2,"1",0.0903973509933775
25936,"Olmo comun","Alto (> 8 mts)",86,"Grande",-68.8381582658,-32.9031088521,2,"0",0.0227272727272727
25937,"Morera","Alto (> 8 mts)",116,"Grande",-68.8380599014,-32.9031236928,2,"0",0.185148665048544
25943,"Morera","Alto (> 8 mts)",98,"Grande",-68.8375856885,-32.9029196565,2,"1",0.185148665048544
25949,"Fresno americano","Muy bajo (1 - 2 mts)",10,"Chico",-68.8374109194,-32.902234249,2,"0",0.0512455516014235
25952,"Paraiso","Muy bajo (1 - 2 mts)",4,"Chico",-68.8385409585,-32.9033700343,2,"0",0.0859023207481815
25955,"Morera","Alto (> 8 mts)",160,"Grande",-68.8386164437,-32.9036539431,2,"1",0.185148665048544
25959,"Morera","Alto (> 8 mts)",125,"Grande",-68.8387189128,-32.9040585912,2,"0",0.185148665048544
25960,"Morera","Alto (> 8 mts)",190,"Grande",-68.8387825342,-32.9042670672,2,"0",0.185148665048544
25961,"Fresno europeo","Alto (> 8 mts)",134,"Grande",-68.8389448931,-32.9043299438,2,"1",0.0420032310177706
25965,"Perenne","Alto (> 8 mts)",87,"Grande",-68.8393408226,-32.9040882595,2,"0",0.0364741641337386
25972,"Morera","Alto (> 8 mts)",190,"Grande",-68.839242245,-32.903037394,2,"0",0.185148665048544
25979,"Morera","Alto (> 8 mts)",121,"Grande",-68.8388049053,-32.9031288934,2,"0",0.185148665048544
25981,"Morera","Medio (4 - 8 mts)",135,"Grande",-68.8386697403,-32.9031478124,2,"0",0.185148665048544
25983,"Fresno europeo","Medio (4 - 8 mts)",32,"Mediano",-68.837913626,-32.9042082356,2,"0",0.0420032310177706
25986,"Olmo comun","Alto (> 8 mts)",147,"Grande",-68.8378669094,-32.9040354114,2,"0",0.0227272727272727
25989,"Paraiso","Alto (> 8 mts)",180,"Grande",-68.8377894233,-32.9037373927,2,"0",0.0859023207481815
25996,"Morera","Alto (> 8 mts)",126,"Grande",-68.8383586863,-32.9032664562,2,"0",0.185148665048544
25997,"Morera","Alto (> 8 mts)",105,"Grande",-68.8384004411,-32.9034566783,2,"0",0.185148665048544
25999,"Morera","Alto (> 8 mts)",142,"Grande",-68.8384901463,-32.9038018852,2,"0",0.185148665048544
26008,"Acacia SP","Alto (> 8 mts)",140,"Grande",-68.8326278514,-32.887573486,3,"1",0.150492264416315
26009,"Acacia SP","Alto (> 8 mts)",126,"Grande",-68.8326154887,-32.8873478482,3,"0",0.150492264416315
26012,"Morera","Medio (4 - 8 mts)",126,"Grande",-68.8326058337,-32.8870013097,3,"0",0.185148665048544
26013,"Morera","Bajo (2 - 4 mts)",24,"Mediano",-68.8326019319,-32.8869166356,3,"0",0.185148665048544
26014,"Acacia SP","Medio (4 - 8 mts)",90,"Grande",-68.8325987775,-32.8868004989,3,"0",0.150492264416315
26015,"Acacia SP","Alto (> 8 mts)",230,"Grande",-68.8325965766,-32.8867206061,3,"1",0.150492264416315
26016,"Acacia SP","Bajo (2 - 4 mts)",46,"Mediano",-68.8325967017,-32.8866540614,3,"0",0.150492264416315
26018,"Morera","Medio (4 - 8 mts)",160,"Grande",-68.8325757016,-32.8864553906,3,"0",0.185148665048544
26019,"Morera","Medio (4 - 8 mts)",124,"Grande",-68.8325742785,-32.8864102761,3,"1",0.185148665048544
26022,"Fresno americano","Bajo (2 - 4 mts)",140,"Grande",-68.8324902363,-32.8861698591,3,"0",0.0512455516014235
26023,"Fresno americano","Bajo (2 - 4 mts)",100,"Grande",-68.8324401923,-32.8861714467,3,"0",0.0512455516014235
26024,"Fresno americano","Medio (4 - 8 mts)",130,"Grande",-68.832314723,-32.8861746148,3,"0",0.0512455516014235
26029,"Fresno americano","Medio (4 - 8 mts)",120,"Grande",-68.8319095622,-32.8861881661,3,"0",0.0512455516014235
26031,"Fresno americano","Medio (4 - 8 mts)",62,"Grande",-68.8317588749,-32.8861954394,3,"0",0.0512455516014235
26032,"Fresno americano","Medio (4 - 8 mts)",124,"Grande",-68.831695802,-32.8861967765,3,"0",0.0512455516014235
26038,"Morera","Medio (4 - 8 mts)",140,"Grande",-68.8313702786,-32.886539577,3,"1",0.185148665048544
26039,"Morera","Medio (4 - 8 mts)",60,"Mediano",-68.8313795267,-32.8866559744,3,"1",0.185148665048544
26040,"Morera","Medio (4 - 8 mts)",120,"Grande",-68.8313853523,-32.8866993347,3,"1",0.185148665048544
26041,"Morera","Medio (4 - 8 mts)",80,"Grande",-68.8313926351,-32.8868281963,3,"1",0.185148665048544
26043,"Morera","Medio (4 - 8 mts)",180,"Grande",-68.8313976756,-32.8870203085,3,"0",0.185148665048544
26044,"Morera","Medio (4 - 8 mts)",100,"Grande",-68.831399051,-32.8870874512,3,"1",0.185148665048544
26046,"Morera","Medio (4 - 8 mts)",120,"Grande",-68.8314178851,-32.8873383579,3,"1",0.185148665048544
26047,"Morera","Medio (4 - 8 mts)",140,"Grande",-68.8314177393,-32.8874328478,3,"0",0.185148665048544
26050,"Fresno europeo","Medio (4 - 8 mts)",160,"Grande",-68.831631929,-32.8876524746,3,"0",0.0420032310177706
26052,"Fresno europeo","Medio (4 - 8 mts)",110,"Grande",-68.8318456669,-32.8876439454,3,"0",0.0420032310177706
26054,"Fresno europeo","Medio (4 - 8 mts)",150,"Grande",-68.8320282826,-32.8876368889,3,"0",0.0420032310177706
26057,"Fresno europeo","Alto (> 8 mts)",130,"Grande",-68.8339116976,-32.8875506157,3,"0",0.0420032310177706
26058,"Fresno europeo","Alto (> 8 mts)",160,"Grande",-68.8339983417,-32.8875446227,3,"0",0.0420032310177706
26061,"Morera","Bajo (2 - 4 mts)",44,"Mediano",-68.8341192589,-32.8873064128,3,"0",0.185148665048544
26062,"Morera","Medio (4 - 8 mts)",160,"Grande",-68.8341204467,-32.8872321492,3,"0",0.185148665048544
26066,"Morera","Medio (4 - 8 mts)",100,"Grande",-68.8340858126,-32.8867807606,3,"0",0.185148665048544
26067,"Morera","Medio (4 - 8 mts)",124,"Grande",-68.8340777674,-32.8865755158,3,"0",0.185148665048544
26069,"Morera","Medio (4 - 8 mts)",130,"Grande",-68.8340621411,-32.8862629939,3,"1",0.185148665048544
26075,"Fresno americano","Bajo (2 - 4 mts)",120,"Grande",-68.8335996529,-32.8861117753,3,"0",0.0512455516014235
26077,"Paraiso","Bajo (2 - 4 mts)",16,"Chico",-68.8333897535,-32.8861236182,3,"0",0.0859023207481815
26079,"Fresno europeo","Alto (> 8 mts)",210,"Grande",-68.8332386736,-32.8861346429,3,"0",0.0420032310177706
26082,"Fresno americano","Bajo (2 - 4 mts)",180,"Grande",-68.8328982738,-32.8861478041,3,"0",0.0512455516014235
26089,"Morera","Medio (4 - 8 mts)",140,"Grande",-68.8327321759,-32.8868435979,3,"0",0.185148665048544
26091,"Morera","Medio (4 - 8 mts)",130,"Grande",-68.8327390638,-32.8871023025,3,"0",0.185148665048544
26093,"Morera","Medio (4 - 8 mts)",120,"Grande",-68.8327449292,-32.8872226862,3,"1",0.185148665048544
26095,"Morera","Medio (4 - 8 mts)",120,"Grande",-68.8327479715,-32.8873667806,3,"0",0.185148665048544
26097,"Acacia SP","Medio (4 - 8 mts)",140,"Grande",-68.8327484133,-32.8874729103,3,"1",0.150492264416315
26099,"Fresno europeo","Muy bajo (1 - 2 mts)",7,"Chico",-68.8329051696,-32.8875926301,3,"0",0.0420032310177706
26104,"Fresno europeo","Alto (> 8 mts)",160,"Grande",-68.8335566136,-32.8875599198,3,"0",0.0420032310177706
26105,"Fresno europeo","Alto (> 8 mts)",170,"Grande",-68.8336556927,-32.8875541906,3,"0",0.0420032310177706
26108,"Morera","Medio (4 - 8 mts)",160,"Grande",-68.8312894641,-32.8873970291,3,"0",0.185148665048544
26109,"Morera","Medio (4 - 8 mts)",84,"Grande",-68.8312905826,-32.8872579726,3,"1",0.185148665048544
26111,"Morera","Medio (4 - 8 mts)",140,"Grande",-68.831273534,-32.8870057464,3,"0",0.185148665048544
26114,"Morera","Medio (4 - 8 mts)",120,"Grande",-68.8312509912,-32.8867203306,3,"0",0.185148665048544
26116,"Morera","Medio (4 - 8 mts)",120,"Grande",-68.8312510238,-32.8865903969,3,"1",0.185148665048544
26120,"Olmo comun","Bajo (2 - 4 mts)",84,"Grande",-68.8312292552,-32.8862912763,3,"0",0.0227272727272727
26121,"Morera","Bajo (2 - 4 mts)",70,"Grande",-68.8311040307,-32.886221677,3,"1",0.185148665048544
26122,"Morera","Medio (4 - 8 mts)",120,"Grande",-68.8309832568,-32.8862283667,3,"0",0.185148665048544
26124,"Fresno europeo","Medio (4 - 8 mts)",130,"Grande",-68.8305910984,-32.8862446373,3,"0",0.0420032310177706
26125,"Ailanthus","Bajo (2 - 4 mts)",6,"Chico",-68.8305346214,-32.8862464967,3,"0",0.0380952380952381
26126,"Ailanthus","Medio (4 - 8 mts)",160,"Grande",-68.8304325489,-32.8862483845,3,"0",0.0380952380952381
26129,"Morera","Medio (4 - 8 mts)",130,"Grande",-68.8301424344,-32.8862714681,3,"0",0.185148665048544
26134,"Fresno europeo","Medio (4 - 8 mts)",150,"Grande",-68.8299783864,-32.8866138304,3,"0",0.0420032310177706
26140,"Morera","Medio (4 - 8 mts)",84,"Grande",-68.8300084105,-32.8871767072,3,"0",0.185148665048544
26144,"Fresno europeo","Bajo (2 - 4 mts)",110,"Grande",-68.8300663424,-32.8876760526,3,"0",0.0420032310177706
26146,"Fresno americano","Medio (4 - 8 mts)",150,"Grande",-68.8302659072,-32.8877119404,3,"0",0.0512455516014235
26148,"Fresno europeo","Medio (4 - 8 mts)",140,"Grande",-68.8305928357,-32.88770508,3,"0",0.0420032310177706
26151,"Fresno europeo","Muy bajo (1 - 2 mts)",4,"Chico",-68.8311052369,-32.8876786547,3,"0",0.0420032310177706
26152,"Morera","Medio (4 - 8 mts)",104,"Grande",-68.8311961741,-32.887675058,3,"0",0.185148665048544
26153,"Fresno europeo","Medio (4 - 8 mts)",150,"Grande",-68.8312647872,-32.8876737078,3,"0",0.0420032310177706
26158,"Morera","Medio (4 - 8 mts)",140,"Grande",-68.8294546669,-32.8873160762,3,"1",0.185148665048544
26163,"Morera","Alto (> 8 mts)",140,"Grande",-68.8292620809,-32.8868181698,3,"1",0.185148665048544
26166,"Olmo comun","Medio (4 - 8 mts)",170,"Grande",-68.8298679946,-32.8868356768,3,"0",0.0227272727272727
26167,"Perenne","Medio (4 - 8 mts)",170,"Grande",-68.829874887,-32.8869199042,3,"0",0.0364741641337386
26168,"Morera","Medio (4 - 8 mts)",50,"Mediano",-68.8298952386,-32.8872871007,3,"0",0.185148665048544
26170,"Fresno europeo","Bajo (2 - 4 mts)",60,"Mediano",-68.8299127681,-32.8875652964,3,"0",0.0420032310177706
26171,"Fresno europeo","Medio (4 - 8 mts)",173,"Grande",-68.8326665256,-32.8883393264,3,"0",0.0420032310177706
26174,"Acacia SP","Medio (4 - 8 mts)",90,"Grande",-68.8326502529,-32.8879564464,3,"1",0.150492264416315
26178,"Fresno europeo","Medio (4 - 8 mts)",120,"Grande",-68.8323695465,-32.8877229994,3,"0",0.0420032310177706
26183,"Fresno europeo","Muy bajo (1 - 2 mts)",6,"Chico",-68.8319320525,-32.8877467417,3,"0",0.0420032310177706
26185,"Fresno europeo","Medio (4 - 8 mts)",180,"Grande",-68.8317868084,-32.8877507844,3,"0",0.0420032310177706
26190,"Perenne","Medio (4 - 8 mts)",270,"Grande",-68.8314595352,-32.8880525908,3,"1",0.0364741641337386
26194,"Fresno americano","Medio (4 - 8 mts)",200,"Grande",-68.8314998752,-32.8885908648,3,"0",0.0512455516014235
26196,"Fresno americano","Medio (4 - 8 mts)",130,"Grande",-68.8315872081,-32.8887502212,3,"0",0.0512455516014235
26198,"Fresno europeo","Medio (4 - 8 mts)",96,"Grande",-68.8318105742,-32.8887475462,3,"0",0.0420032310177706
26201,"Fresno europeo","Bajo (2 - 4 mts)",40,"Mediano",-68.8321350676,-32.8887304893,3,"0",0.0420032310177706
26205,"Fresno europeo","Medio (4 - 8 mts)",128,"Grande",-68.8326187079,-32.8887050787,3,"0",0.0420032310177706
26215,"Morera","Medio (4 - 8 mts)",127,"Grande",-68.8299279011,-32.8885386029,3,"0",0.185148665048544
26220,"Tipa","Medio (4 - 8 mts)",30,"Mediano",-68.8298518603,-32.8878406804,3,"0",0.101123595505618
26225,"Fresno europeo","Bajo (2 - 4 mts)",37,"Mediano",-68.8301789922,-32.8881196575,3,"0",0.0420032310177706
26227,"Fresno europeo","Bajo (2 - 4 mts)",40,"Mediano",-68.8301958266,-32.8882585409,3,"0",0.0420032310177706
26228,"Fresno europeo","Bajo (2 - 4 mts)",56,"Mediano",-68.830201587,-32.8883201342,3,"0",0.0420032310177706
26231,"Fresno americano","Medio (4 - 8 mts)",50,"Mediano",-68.8302283237,-32.8885343223,3,"0",0.0512455516014235
26232,"Fresno europeo","Bajo (2 - 4 mts)",23,"Mediano",-68.8302399076,-32.8886245071,3,"0",0.0420032310177706
26236,"Morera","Medio (4 - 8 mts)",133,"Grande",-68.8304424483,-32.8887823976,3,"1",0.185148665048544
26241,"Fresno europeo","Medio (4 - 8 mts)",43,"Mediano",-68.8312318421,-32.8887602017,3,"0",0.0420032310177706
26244,"Olmo comun","Alto (> 8 mts)",200,"Grande",-68.8313775423,-32.8886228777,3,"0",0.0227272727272727
26252,"Morera","Medio (4 - 8 mts)",58,"Mediano",-68.83132539,-32.8878638013,3,"0",0.185148665048544
26253,"Fresno europeo","Medio (4 - 8 mts)",110,"Grande",-68.8312505049,-32.8877758656,3,"0",0.0420032310177706
26255,"Acacia SP","Alto (> 8 mts)",110,"Grande",-68.8305072672,-32.8898762371,3,"0",0.150492264416315
26256,"Acacia SP","Alto (> 8 mts)",120,"Grande",-68.8304883763,-32.8898066911,3,"0",0.150492264416315
26257,"Acacia SP","Alto (> 8 mts)",115,"Grande",-68.8304715081,-32.8897412956,3,"0",0.150492264416315
26258,"Acacia SP","Medio (4 - 8 mts)",55,"Mediano",-68.8304518309,-32.8896356809,3,"0",0.150492264416315
26259,"Perenne","Alto (> 8 mts)",80,"Grande",-68.8304241387,-32.889546173,3,"0",0.0364741641337386
26260,"Acacia SP","Medio (4 - 8 mts)",70,"Grande",-68.8303975775,-32.8894476047,3,"0",0.150492264416315
26261,"Acacia SP","Bajo (2 - 4 mts)",70,"Grande",-68.830384035,-32.8893756313,3,"0",0.150492264416315
26262,"Acacia SP","Alto (> 8 mts)",120,"Grande",-68.8303582608,-32.8892728937,3,"0",0.150492264416315
26266,"Paraiso","Medio (4 - 8 mts)",160,"Grande",-68.8302890098,-32.8889977406,3,"1",0.0859023207481815
26267,"Fresno europeo","Medio (4 - 8 mts)",65,"Grande",-68.8303533533,-32.8889145035,3,"0",0.0420032310177706
26272,"Fresno europeo","Alto (> 8 mts)",175,"Grande",-68.8308378337,-32.8888955038,3,"0",0.0420032310177706
26278,"Fresno europeo","Medio (4 - 8 mts)",65,"Grande",-68.8313496358,-32.8888757465,3,"0",0.0420032310177706
26279,"Pltano","Alto (> 8 mts)",185,"Grande",-68.8314005635,-32.8889314964,3,"0",0.0903973509933775
26282,"Pltano","Alto (> 8 mts)",158,"Grande",-68.8314233052,-32.8892947121,3,"0",0.0903973509933775
26283,"Pltano","Alto (> 8 mts)",160,"Grande",-68.8314328722,-32.889497437,3,"0",0.0903973509933775
26284,"Pltano","Alto (> 8 mts)",150,"Grande",-68.8314371573,-32.8895422451,3,"0",0.0903973509933775
26286,"Pltano","Alto (> 8 mts)",138,"Grande",-68.8314412831,-32.8896774142,3,"0",0.0903973509933775
26288,"Pltano","Alto (> 8 mts)",140,"Grande",-68.8314522239,-32.8898821715,3,"0",0.0903973509933775
26289,"Pltano","Alto (> 8 mts)",160,"Grande",-68.8314583679,-32.8899488544,3,"0",0.0903973509933775
26293,"Morera","Alto (> 8 mts)",130,"Grande",-68.8309919143,-32.8901121443,3,"1",0.185148665048544
26294,"Morera","Alto (> 8 mts)",138,"Grande",-68.8306649467,-32.8901348754,3,"1",0.185148665048544
26295,"Morera","Medio (4 - 8 mts)",65,"Grande",-68.8326916497,-32.8888546199,3,"1",0.185148665048544
26296,"Fresno europeo","Medio (4 - 8 mts)",115,"Grande",-68.8325699199,-32.888815439,3,"1",0.0420032310177706
26300,"Fresno americano","Alto (> 8 mts)",100,"Grande",-68.8322168543,-32.8888278916,3,"0",0.0512455516014235
26302,"Fresno americano","Medio (4 - 8 mts)",65,"Grande",-68.8320102501,-32.8888394264,3,"0",0.0512455516014235
26305,"Pltano","Alto (> 8 mts)",133,"Grande",-68.8315275847,-32.8889704241,3,"1",0.0903973509933775
26306,"Pltano","Alto (> 8 mts)",135,"Grande",-68.8315264947,-32.8890381396,3,"0",0.0903973509933775
26308,"Pltano","Medio (4 - 8 mts)",220,"Grande",-68.8315325479,-32.8891866717,3,"1",0.0903973509933775
26311,"Pltano","Alto (> 8 mts)",135,"Grande",-68.8315440479,-32.8894196031,3,"1",0.0903973509933775
26314,"Pltano","Alto (> 8 mts)",145,"Grande",-68.8315522869,-32.8896002374,3,"0",0.0903973509933775
26315,"Pltano","Alto (> 8 mts)",145,"Grande",-68.831556655,-32.8896639027,3,"0",0.0903973509933775
26316,"Pltano","Alto (> 8 mts)",145,"Grande",-68.8315625181,-32.8897282914,3,"0",0.0903973509933775
26317,"Pltano","Alto (> 8 mts)",200,"Grande",-68.8315691078,-32.8897813774,3,"0",0.0903973509933775
26318,"Pltano","Alto (> 8 mts)",140,"Grande",-68.8315823272,-32.8899156823,3,"0",0.0903973509933775
26319,"Pltano","Alto (> 8 mts)",145,"Grande",-68.8315887138,-32.8900196559,3,"0",0.0903973509933775
26325,"Pltano","Alto (> 8 mts)",160,"Grande",-68.8320885146,-32.8900381454,3,"0",0.0903973509933775
26329,"Pltano","Alto (> 8 mts)",180,"Grande",-68.8324385204,-32.8900180779,3,"0",0.0903973509933775
26335,"Fresno europeo","Alto (> 8 mts)",195,"Grande",-68.8327294239,-32.889749042,3,"0",0.0420032310177706
26338,"Acacia SP","Alto (> 8 mts)",145,"Grande",-68.8327169121,-32.8894500072,3,"1",0.150492264416315
26340,"Acacia SP","Alto (> 8 mts)",180,"Grande",-68.832701333,-32.8891527889,3,"1",0.150492264416315
26343,"Fresno europeo","Alto (> 8 mts)",150,"Grande",-68.832776134,-32.8879629266,3,"0",0.0420032310177706
26344,"Pltano","Alto (> 8 mts)",290,"Grande",-68.8327720992,-32.8878351515,3,"0",0.0903973509933775
26345,"Pltano","Alto (> 8 mts)",300,"Grande",-68.8327708791,-32.8877450709,3,"0",0.0903973509933775
26349,"Fresno europeo","Alto (> 8 mts)",190,"Grande",-68.8332606171,-32.8876848985,3,"0",0.0420032310177706
26353,"Fresno europeo","Alto (> 8 mts)",130,"Grande",-68.8338275602,-32.8876644624,3,"0",0.0420032310177706
26355,"Fresno europeo","Muy bajo (1 - 2 mts)",8,"Chico",-68.8340254898,-32.8876541385,3,"0",0.0420032310177706
26357,"Morera","Bajo (2 - 4 mts)",25,"Mediano",-68.8341458975,-32.8877141219,3,"0",0.185148665048544
26358,"Morera","Alto (> 8 mts)",240,"Grande",-68.8341502856,-32.887780081,3,"0",0.185148665048544
26359,"Morera","Alto (> 8 mts)",210,"Grande",-68.8341599323,-32.8879409646,3,"0",0.185148665048544
26362,"Morera","Alto (> 8 mts)",200,"Grande",-68.8341880022,-32.8883625427,3,"0",0.185148665048544
26364,"Fresno europeo","Medio (4 - 8 mts)",90,"Grande",-68.8340631027,-32.8886592761,3,"1",0.0420032310177706
26367,"Fresno europeo","Bajo (2 - 4 mts)",40,"Mediano",-68.8335946018,-32.8886769859,3,"0",0.0420032310177706
26368,"Fresno europeo","Medio (4 - 8 mts)",100,"Grande",-68.8334969123,-32.8886819053,3,"0",0.0420032310177706
26369,"Fresno europeo","Alto (> 8 mts)",110,"Grande",-68.8333778701,-32.8886861894,3,"1",0.0420032310177706
26374,"Acacia SP","Medio (4 - 8 mts)",76,"Grande",-68.832789116,-32.8884480541,3,"1",0.150492264416315
26375,"Morera","Medio (4 - 8 mts)",160,"Grande",-68.8327789609,-32.8882786126,3,"1",0.185148665048544
26377,"Tipa","Bajo (2 - 4 mts)",48,"Mediano",-68.8327688363,-32.8880929408,3,"0",0.101123595505618
26378,"Pltano","Alto (> 8 mts)",300,"Grande",-68.8339144549,-32.8898964014,3,"0",0.0903973509933775
26379,"Pltano","Alto (> 8 mts)",190,"Grande",-68.8338080679,-32.889900141,3,"0",0.0903973509933775
26380,"Pltano","Alto (> 8 mts)",175,"Grande",-68.8336967878,-32.8899121641,3,"0",0.0903973509933775
26381,"Pltano","Alto (> 8 mts)",240,"Grande",-68.8336080906,-32.8899197565,3,"0",0.0903973509933775
26382,"Pltano","Alto (> 8 mts)",185,"Grande",-68.8335228043,-32.8899293398,3,"0",0.0903973509933775
26383,"Pltano","Alto (> 8 mts)",170,"Grande",-68.8334276638,-32.889939193,3,"0",0.0903973509933775
26384,"Pltano","Alto (> 8 mts)",260,"Grande",-68.8333549248,-32.8899467929,3,"0",0.0903973509933775
26388,"Pltano","Alto (> 8 mts)",270,"Grande",-68.8329204973,-32.8899863205,3,"0",0.0903973509933775
26390,"Fresno americano","Medio (4 - 8 mts)",78,"Grande",-68.8328643178,-32.8898894236,3,"1",0.0512455516014235
26392,"Fresno americano","Alto (> 8 mts)",130,"Grande",-68.832824265,-32.8889663933,3,"0",0.0512455516014235
26397,"Morera","Muy bajo (1 - 2 mts)",8,"Chico",-68.832859918,-32.8897288211,3,"0",0.185148665048544
26400,"Pltano","Alto (> 8 mts)",200,"Grande",-68.8342410029,-32.8898644766,3,"1",0.0903973509933775
26402,"Morera","Medio (4 - 8 mts)",160,"Grande",-68.8342680534,-32.8897376382,3,"0",0.185148665048544
26403,"Morera","Alto (> 8 mts)",168,"Grande",-68.8342616405,-32.8896231149,3,"0",0.185148665048544
26404,"Morera","Alto (> 8 mts)",200,"Grande",-68.8342597985,-32.8895321336,3,"0",0.185148665048544
26405,"Morera","Alto (> 8 mts)",180,"Grande",-68.8342542926,-32.8894470968,3,"1",0.185148665048544
26406,"Morera","Medio (4 - 8 mts)",35,"Mediano",-68.8342517756,-32.8893461644,3,"1",0.185148665048544
26407,"Morera","Alto (> 8 mts)",180,"Grande",-68.8342396788,-32.8892422735,3,"0",0.185148665048544
26416,"Fresno europeo","Muy bajo (1 - 2 mts)",3,"Chico",-68.8335842486,-32.8887796676,3,"0",0.0420032310177706
26417,"Fresno americano","Medio (4 - 8 mts)",103,"Grande",-68.8334970826,-32.8887834631,3,"0",0.0512455516014235
26419,"Fresno europeo","Medio (4 - 8 mts)",75,"Grande",-68.8330853378,-32.8888030851,3,"0",0.0420032310177706
26420,"Fresno europeo","Alto (> 8 mts)",250,"Grande",-68.8330002346,-32.8888078811,3,"0",0.0420032310177706
26421,"Fresno americano","Medio (4 - 8 mts)",110,"Grande",-68.8329107853,-32.8888067698,3,"0",0.0512455516014235
26423,"Fresno americano","Medio (4 - 8 mts)",120,"Grande",-68.8342576981,-32.8926393884,3,"0",0.0512455516014235
26426,"Fresno americano","Medio (4 - 8 mts)",102,"Grande",-68.8344768,-32.8924832037,3,"0",0.0512455516014235
26427,"Fresno americano","Bajo (2 - 4 mts)",140,"Grande",-68.8344605663,-32.8922472096,3,"0",0.0512455516014235
26428,"Fresno europeo","Medio (4 - 8 mts)",120,"Grande",-68.8344499057,-32.8921752406,3,"0",0.0420032310177706
26429,"Pltano","Alto (> 8 mts)",245,"Grande",-68.8344452378,-32.8919842562,3,"1",0.0903973509933775
26430,"Fresno europeo","Medio (4 - 8 mts)",145,"Grande",-68.8344399168,-32.8918571107,3,"0",0.0420032310177706
26431,"Fresno europeo","Bajo (2 - 4 mts)",20,"Chico",-68.8344302701,-32.8917571906,3,"0",0.0420032310177706
26434,"Fresno europeo","Medio (4 - 8 mts)",80,"Grande",-68.8344078658,-32.8915062203,3,"0",0.0420032310177706
26439,"Acacia SP","Alto (> 8 mts)",185,"Grande",-68.834272888,-32.8912165986,3,"1",0.150492264416315
26443,"Acacia SP","Medio (4 - 8 mts)",168,"Grande",-68.8338327311,-32.8912426144,3,"1",0.150492264416315
26444,"Acacia SP","Alto (> 8 mts)",170,"Grande",-68.833702328,-32.891251458,3,"0",0.150492264416315
26456,"Fresno europeo","Medio (4 - 8 mts)",122,"Grande",-68.8339472342,-32.8926531015,3,"0",0.0420032310177706
26458,"Fresno europeo","Bajo (2 - 4 mts)",45,"Mediano",-68.8337750699,-32.8926701853,3,"0",0.0420032310177706
26460,"Fresno europeo","Medio (4 - 8 mts)",120,"Grande",-68.8335248062,-32.8926820252,3,"0",0.0420032310177706
26461,"Fresno europeo","Medio (4 - 8 mts)",115,"Grande",-68.8333005595,-32.8926930877,3,"0",0.0420032310177706
26463,"Acacia SP","Medio (4 - 8 mts)",100,"Grande",-68.8327759404,-32.8913089227,3,"0",0.150492264416315
26464,"Acacia SP","Medio (4 - 8 mts)",70,"Grande",-68.8326861504,-32.8913171884,3,"0",0.150492264416315
26465,"Fresno europeo","Medio (4 - 8 mts)",100,"Grande",-68.8326121816,-32.8913234012,3,"0",0.0420032310177706
26466,"Acacia SP","Alto (> 8 mts)",110,"Grande",-68.8324721539,-32.8913352062,3,"0",0.150492264416315
26468,"Fresno europeo","Medio (4 - 8 mts)",110,"Grande",-68.8322432001,-32.8913504985,3,"0",0.0420032310177706
26472,"Acacia SP","Medio (4 - 8 mts)",90,"Grande",-68.831826565,-32.8913709483,3,"0",0.150492264416315
26474,"Fresno europeo","Medio (4 - 8 mts)",110,"Grande",-68.831699137,-32.8913887206,3,"0",0.0420032310177706
26477,"Pltano","Alto (> 8 mts)",300,"Grande",-68.8316741827,-32.8915860672,3,"0",0.0903973509933775
26483,"Fresno europeo","Medio (4 - 8 mts)",70,"Grande",-68.8317899225,-32.892437329,3,"0",0.0420032310177706
26487,"Fresno europeo","Medio (4 - 8 mts)",90,"Grande",-68.8319955077,-32.8925737607,3,"0",0.0420032310177706
26493,"Fresno europeo","Bajo (2 - 4 mts)",80,"Grande",-68.8325162759,-32.8927075489,3,"0",0.0420032310177706
26494,"Fresno europeo","Bajo (2 - 4 mts)",28,"Mediano",-68.8326660927,-32.8927200124,3,"0",0.0420032310177706
26496,"Fresno europeo","Bajo (2 - 4 mts)",38,"Mediano",-68.8325207902,-32.8926940296,3,"0",0.0420032310177706
26498,"Fresno europeo","Medio (4 - 8 mts)",90,"Grande",-68.8329839768,-32.8927112384,3,"0",0.0420032310177706
26499,"Olmo comun","Medio (4 - 8 mts)",36,"Mediano",-68.8315475651,-32.8920225856,3,"0",0.0227272727272727
26503,"Olmo comun","Medio (4 - 8 mts)",100,"Grande",-68.8315249516,-32.8917169721,3,"0",0.0227272727272727
26504,"Olmo comun","Medio (4 - 8 mts)",120,"Grande",-68.8315299078,-32.8916394333,3,"0",0.0227272727272727
26515,"Conifera","Bajo (2 - 4 mts)",50,"Mediano",-68.8308970769,-32.8920465944,3,"0",0.021505376344086
26517,"Conifera","Bajo (2 - 4 mts)",36,"Mediano",-68.830927417,-32.8921656586,3,"0",0.021505376344086
26519,"Conifera","Bajo (2 - 4 mts)",30,"Mediano",-68.83096277,-32.8922902299,3,"0",0.021505376344086
26523,"Fresno europeo","Bajo (2 - 4 mts)",50,"Mediano",-68.8308602201,-32.8911510265,3,"0",0.0420032310177706
26530,"Fresno europeo","Medio (4 - 8 mts)",100,"Grande",-68.830807355,-32.890219196,3,"0",0.0420032310177706
26532,"Morera","Medio (4 - 8 mts)",105,"Grande",-68.8311355001,-32.8901955643,3,"0",0.185148665048544
26533,"Morera","Medio (4 - 8 mts)",110,"Grande",-68.831288763,-32.8901918939,3,"0",0.185148665048544
26535,"Pltano","Alto (> 8 mts)",176,"Grande",-68.8314788279,-32.8902812373,3,"0",0.0903973509933775
26536,"Pltano","Alto (> 8 mts)",156,"Grande",-68.8314821201,-32.8903486882,3,"0",0.0903973509933775
26542,"Pltano","Alto (> 8 mts)",210,"Grande",-68.8315127077,-32.8909018268,3,"0",0.0903973509933775
26544,"Fresno europeo","Bajo (2 - 4 mts)",29,"Mediano",-68.8315203417,-32.8910469192,3,"0",0.0420032310177706
26548,"Morera","Medio (4 - 8 mts)",110,"Grande",-68.8311776165,-32.8913182267,3,"1",0.185148665048544
26550,"Pltano","Alto (> 8 mts)",180,"Grande",-68.8316269653,-32.8905578052,3,"0",0.0903973509933775
26552,"Pltano","Alto (> 8 mts)",140,"Grande",-68.831620444,-32.8903893605,3,"0",0.0903973509933775
26553,"Pltano","Alto (> 8 mts)",125,"Grande",-68.8316095758,-32.8903154973,3,"0",0.0903973509933775
26556,"Pltano","Alto (> 8 mts)",250,"Grande",-68.8316363428,-32.8901648779,3,"0",0.0903973509933775
26557,"Pltano","Muy bajo (1 - 2 mts)",5,"Chico",-68.8316860997,-32.8901620063,3,"0",0.0903973509933775
26558,"Pltano","Alto (> 8 mts)",160,"Grande",-68.8317327582,-32.8901581386,3,"1",0.0903973509933775
26560,"Pltano","Alto (> 8 mts)",190,"Grande",-68.8319546745,-32.890142927,3,"0",0.0903973509933775
26561,"Pltano","Alto (> 8 mts)",200,"Grande",-68.8320998906,-32.8901342268,3,"0",0.0903973509933775
26562,"Pltano","Alto (> 8 mts)",190,"Grande",-68.832173236,-32.890130522,3,"0",0.0903973509933775
26575,"Acacia SP","Medio (4 - 8 mts)",170,"Grande",-68.8327669479,-32.8905773687,3,"1",0.150492264416315
26579,"Acacia SP","Alto (> 8 mts)",110,"Grande",-68.8327803373,-32.8909595233,3,"0",0.150492264416315
26582,"Fresno europeo","Medio (4 - 8 mts)",126,"Grande",-68.8326707798,-32.8912079775,3,"0",0.0420032310177706
26584,"Acacia SP","Medio (4 - 8 mts)",100,"Grande",-68.8325462197,-32.8912206103,3,"0",0.150492264416315
26591,"Acacia SP","Medio (4 - 8 mts)",75,"Grande",-68.831742093,-32.8912796737,3,"0",0.150492264416315
26592,"Pltano","Alto (> 8 mts)",190,"Grande",-68.831664048,-32.8912372794,3,"0",0.0903973509933775
26594,"Pltano","Alto (> 8 mts)",180,"Grande",-68.8316560298,-32.8911256392,3,"1",0.0903973509933775
26595,"Pltano","Alto (> 8 mts)",140,"Grande",-68.8316492342,-32.8910456501,3,"0",0.0903973509933775
26599,"Pltano","Alto (> 8 mts)",140,"Grande",-68.8316346373,-32.8907959522,3,"0",0.0903973509933775
26606,"Ligustro","Muy bajo (1 - 2 mts)",8,"Chico",-68.8328974345,-32.8906944023,3,"0",0.0138888888888889
26608,"Acacia SP","Alto (> 8 mts)",190,"Grande",-68.8328980755,-32.8904997992,3,"1",0.150492264416315
26611,"Acacia SP","Alto (> 8 mts)",200,"Grande",-68.8328810985,-32.8901987523,3,"1",0.150492264416315
26614,"Pltano","Alto (> 8 mts)",176,"Grande",-68.8330815165,-32.8900545095,3,"0",0.0903973509933775
26615,"Pltano","Alto (> 8 mts)",200,"Grande",-68.833256728,-32.8900363451,3,"0",0.0903973509933775
26619,"Pltano","Alto (> 8 mts)",180,"Grande",-68.8336475812,-32.8900077726,3,"0",0.0903973509933775
26621,"Pltano","Muy bajo (1 - 2 mts)",8,"Chico",-68.8338575079,-32.8899925426,3,"0",0.0903973509933775
26623,"Pltano","Alto (> 8 mts)",325,"Grande",-68.834055338,-32.8899798948,3,"0",0.0903973509933775
26624,"Pltano","Alto (> 8 mts)",155,"Grande",-68.8341435336,-32.8899742572,3,"0",0.0903973509933775
26628,"Morera","Muy bajo (1 - 2 mts)",8,"Chico",-68.8342959062,-32.8900937837,3,"0",0.185148665048544
26637,"Morera","Medio (4 - 8 mts)",280,"Grande",-68.8343802661,-32.8910606581,3,"1",0.185148665048544
26638,"Fresno europeo","Medio (4 - 8 mts)",90,"Grande",-68.8342602341,-32.8911109586,3,"0",0.0420032310177706
26640,"Acacia SP","Medio (4 - 8 mts)",108,"Grande",-68.8340876315,-32.891125192,3,"1",0.150492264416315
26641,"Olmo comun","Medio (4 - 8 mts)",123,"Grande",-68.8339181093,-32.8911357873,3,"0",0.0227272727272727
26644,"Fresno europeo","Bajo (2 - 4 mts)",30,"Mediano",-68.8335433689,-32.8911569296,3,"0",0.0420032310177706
26647,"Acacia SP","Medio (4 - 8 mts)",110,"Grande",-68.8330411122,-32.8911861962,3,"0",0.150492264416315
26650,"Conifera","Alto (> 8 mts)",100,"Grande",-68.8317665706,-32.8931439528,3,"0",0.021505376344086
26654,"Ailanthus","Alto (> 8 mts)",48,"Mediano",-68.8317873145,-32.8937042914,3,"0",0.0380952380952381
26656,"Conifera","Alto (> 8 mts)",68,"Grande",-68.8318626697,-32.893813858,3,"0",0.021505376344086
26657,"Conifera","Alto (> 8 mts)",90,"Grande",-68.8318919662,-32.8938640314,3,"0",0.021505376344086
26660,"Morera","Alto (> 8 mts)",120,"Grande",-68.8321912305,-32.8942002229,3,"0",0.185148665048544
26668,"Morera","Alto (> 8 mts)",115,"Grande",-68.8317606178,-32.8934095829,3,"1",0.185148665048544
26670,"Morera","Medio (4 - 8 mts)",45,"Mediano",-68.8317857788,-32.8932823359,3,"0",0.185148665048544
26671,"Morera","Alto (> 8 mts)",75,"Grande",-68.8318160556,-32.8932180022,3,"0",0.185148665048544
26672,"Morera","Alto (> 8 mts)",65,"Grande",-68.8318470325,-32.8931615655,3,"0",0.185148665048544
26674,"Morera","Alto (> 8 mts)",150,"Grande",-68.8319268543,-32.8930472366,3,"0",0.185148665048544
26676,"Morera","Alto (> 8 mts)",138,"Grande",-68.83273375,-32.8941518356,3,"0",0.185148665048544
26679,"Morera","Alto (> 8 mts)",70,"Grande",-68.8324785386,-32.894189337,3,"1",0.185148665048544
26682,"Morera","Alto (> 8 mts)",180,"Grande",-68.8323221915,-32.8941812828,3,"0",0.185148665048544
26683,"Morera","Alto (> 8 mts)",90,"Grande",-68.8322636687,-32.8941046057,3,"0",0.185148665048544
26689,"Morera","Medio (4 - 8 mts)",125,"Grande",-68.8319996334,-32.8937497263,3,"1",0.185148665048544
26690,"Morera","Alto (> 8 mts)",175,"Grande",-68.8319667474,-32.8937026553,3,"0",0.185148665048544
26693,"Morera","Alto (> 8 mts)",140,"Grande",-68.8318674626,-32.8934265882,3,"0",0.185148665048544
26694,"Morera","Alto (> 8 mts)",125,"Grande",-68.8319328502,-32.8932113524,3,"0",0.185148665048544
26695,"Morera","Alto (> 8 mts)",152,"Grande",-68.8319740805,-32.8931674954,3,"0",0.185148665048544
26697,"Morera","Alto (> 8 mts)",180,"Grande",-68.8320910268,-32.8930418179,3,"0",0.185148665048544
26702,"Morera","Alto (> 8 mts)",145,"Grande",-68.8325787349,-32.8929072642,3,"1",0.185148665048544
26704,"Caducifolio","Medio (4 - 8 mts)",65,"Grande",-68.8327626016,-32.8929032786,3,"1",0.0512249443207127
26705,"Morera","Alto (> 8 mts)",158,"Grande",-68.8328736885,-32.8929820509,3,"0",0.185148665048544
26706,"Morera","Alto (> 8 mts)",122,"Grande",-68.8328778204,-32.8930582493,3,"0",0.185148665048544
26707,"Morera","Alto (> 8 mts)",140,"Grande",-68.8328806577,-32.8931409382,3,"0",0.185148665048544
26710,"Morera","Alto (> 8 mts)",128,"Grande",-68.8328864495,-32.8933805315,3,"0",0.185148665048544
26711,"Morera","Alto (> 8 mts)",65,"Grande",-68.832890192,-32.8934376424,3,"1",0.185148665048544
26714,"Morera","Alto (> 8 mts)",195,"Grande",-68.8328947868,-32.8936339313,3,"1",0.185148665048544
26715,"Morera","Alto (> 8 mts)",178,"Grande",-68.8329101005,-32.8939691156,3,"0",0.185148665048544
26716,"Morera","Alto (> 8 mts)",128,"Grande",-68.8329079844,-32.8940698064,3,"1",0.185148665048544
26719,"Paraiso","Medio (4 - 8 mts)",90,"Grande",-68.8324585446,-32.8943070711,3,"1",0.0859023207481815
26720,"Morera","Medio (4 - 8 mts)",160,"Grande",-68.8324420276,-32.8943377966,3,"0",0.185148665048544
26723,"Morera","Medio (4 - 8 mts)",110,"Grande",-68.8325962326,-32.8945756888,3,"0",0.185148665048544
26724,"Morera","Medio (4 - 8 mts)",100,"Grande",-68.8327538949,-32.8947942892,3,"0",0.185148665048544
26726,"Acer","Bajo (2 - 4 mts)",36,"Mediano",-68.832860968,-32.8949359996,3,"0",0.0204081632653061
26727,"Morera","Medio (4 - 8 mts)",115,"Grande",-68.8329479114,-32.8949481065,3,"1",0.185148665048544
26738,"Morera","Medio (4 - 8 mts)",100,"Grande",-68.8332780414,-32.8952335417,3,"0",0.185148665048544
26739,"Fresno europeo","Alto (> 8 mts)",170,"Grande",-68.8334310884,-32.8952047662,3,"0",0.0420032310177706
26741,"Morera","Alto (> 8 mts)",135,"Grande",-68.8336306729,-32.8951695062,3,"1",0.185148665048544
26743,"Morera","Alto (> 8 mts)",155,"Grande",-68.8338281886,-32.8951294164,3,"0",0.185148665048544
26746,"Pltano","Alto (> 8 mts)",230,"Grande",-68.8342839366,-32.8950409549,3,"0",0.0903973509933775
26747,"Morera","Alto (> 8 mts)",110,"Grande",-68.8344428102,-32.8950132129,3,"1",0.185148665048544
26749,"Morera","Alto (> 8 mts)",120,"Grande",-68.834585722,-32.894986272,3,"1",0.185148665048544
26752,"Pltano","Alto (> 8 mts)",180,"Grande",-68.8346732627,-32.8952869086,3,"1",0.0903973509933775
26757,"Fresno europeo","Muy bajo (1 - 2 mts)",15,"Chico",-68.8346676006,-32.8959535453,2,"0",0.0420032310177706
26759,"Morera","Alto (> 8 mts)",150,"Grande",-68.8344579628,-32.8960013614,2,"0",0.185148665048544
26765,"Morera","Alto (> 8 mts)",168,"Grande",-68.8333370708,-32.8956147605,3,"0",0.185148665048544
26766,"Morera","Alto (> 8 mts)",145,"Grande",-68.8332976337,-32.8955677641,3,"1",0.185148665048544
26767,"Morera","Alto (> 8 mts)",160,"Grande",-68.8332668443,-32.8955150643,3,"1",0.185148665048544
26768,"Morera","Alto (> 8 mts)",165,"Grande",-68.8332301025,-32.8954539357,3,"0",0.185148665048544
26769,"Morera","Alto (> 8 mts)",165,"Grande",-68.8331727623,-32.8953857536,3,"0",0.185148665048544
26770,"Morera","Alto (> 8 mts)",150,"Grande",-68.8331413361,-32.8953329917,3,"1",0.185148665048544
26772,"Morera","Medio (4 - 8 mts)",120,"Grande",-68.8330632994,-32.895083965,3,"1",0.185148665048544
26773,"Morera","Medio (4 - 8 mts)",100,"Grande",-68.8330560618,-32.8949539315,3,"0",0.185148665048544
26775,"Morera","Medio (4 - 8 mts)",70,"Grande",-68.8330575334,-32.8947391508,3,"0",0.185148665048544
26777,"Morera","Medio (4 - 8 mts)",150,"Grande",-68.8330592368,-32.8946287654,3,"0",0.185148665048544
26778,"Morera","Medio (4 - 8 mts)",120,"Grande",-68.8330567103,-32.8945517576,3,"1",0.185148665048544
26779,"Fresno americano","Medio (4 - 8 mts)",40,"Mediano",-68.8330545429,-32.8944531305,3,"0",0.0512455516014235
26787,"Morera","Medio (4 - 8 mts)",126,"Grande",-68.8338016206,-32.8940527831,3,"1",0.185148665048544
26788,"Morera","Medio (4 - 8 mts)",48,"Mediano",-68.834127593,-32.8939978521,3,"0",0.185148665048544
26790,"Morera","Medio (4 - 8 mts)",36,"Mediano",-68.8343197223,-32.8939601457,3,"0",0.185148665048544
26798,"Pltano","Alto (> 8 mts)",180,"Grande",-68.8346209153,-32.89452888,3,"0",0.0903973509933775
26800,"Morera","Medio (4 - 8 mts)",85,"Grande",-68.8346365144,-32.8948192451,3,"1",0.185148665048544
26802,"Morera","Medio (4 - 8 mts)",100,"Grande",-68.8344961334,-32.8949032772,3,"1",0.185148665048544
26805,"Morera","Medio (4 - 8 mts)",115,"Grande",-68.8341885394,-32.8949591353,3,"0",0.185148665048544
26806,"Morera","Medio (4 - 8 mts)",100,"Grande",-68.8341305847,-32.8949733051,3,"0",0.185148665048544
26808,"Pltano","Alto (> 8 mts)",150,"Grande",-68.8339643311,-32.8950039223,3,"0",0.0903973509933775
26813,"Morera","Medio (4 - 8 mts)",136,"Grande",-68.8335072933,-32.8950852999,3,"0",0.185148665048544
26814,"Morera","Medio (4 - 8 mts)",120,"Grande",-68.8333273256,-32.8951221882,3,"1",0.185148665048544
26817,"Pltano","Alto (> 8 mts)",150,"Grande",-68.8344469218,-32.8938347438,3,"0",0.0903973509933775
26818,"Fresno europeo","Alto (> 8 mts)",90,"Grande",-68.8341893951,-32.8938887853,3,"0",0.0420032310177706
26819,"Pltano","Alto (> 8 mts)",260,"Grande",-68.8340466946,-32.8939093394,3,"0",0.0903973509933775
26821,"Fresno americano","Alto (> 8 mts)",130,"Grande",-68.833895156,-32.8939306075,3,"0",0.0512455516014235
26823,"Prunas","Alto (> 8 mts)",75,"Grande",-68.8336765002,-32.8939708965,3,"0",0.0321782178217822
26825,"Morera","Alto (> 8 mts)",230,"Grande",-68.8334305165,-32.8940186274,3,"1",0.185148665048544
26826,"Fresno europeo","Alto (> 8 mts)",100,"Grande",-68.8333287549,-32.894036458,3,"0",0.0420032310177706
26827,"Morera","Alto (> 8 mts)",115,"Grande",-68.8332513505,-32.89404979,3,"1",0.185148665048544
26828,"Morera","Alto (> 8 mts)",125,"Grande",-68.8331782154,-32.8940661934,3,"0",0.185148665048544
26831,"Morera","Alto (> 8 mts)",195,"Grande",-68.8330568695,-32.8937807961,3,"1",0.185148665048544
26836,"Paraiso","Alto (> 8 mts)",195,"Grande",-68.8330390242,-32.8933819914,3,"0",0.0859023207481815
26837,"Morera","Alto (> 8 mts)",155,"Grande",-68.8330333273,-32.8933006774,3,"0",0.185148665048544
26839,"Morera","Alto (> 8 mts)",138,"Grande",-68.8330240528,-32.8931587127,3,"1",0.185148665048544
26840,"Morera","Alto (> 8 mts)",185,"Grande",-68.8330220013,-32.8931031595,3,"0",0.185148665048544
26843,"Morera","Alto (> 8 mts)",70,"Grande",-68.8331128566,-32.8928804703,3,"0",0.185148665048544
26844,"Fresno europeo","Medio (4 - 8 mts)",45,"Mediano",-68.8331689834,-32.892877841,3,"0",0.0420032310177706
26846,"Morera","Alto (> 8 mts)",180,"Grande",-68.8335009812,-32.8928632523,3,"1",0.185148665048544
26847,"Morera","Alto (> 8 mts)",175,"Grande",-68.8336838427,-32.8928543552,3,"1",0.185148665048544
26853,"Morera","Alto (> 8 mts)",78,"Grande",-68.8342390531,-32.8928250354,3,"0",0.185148665048544
26856,"Morera","Bajo (2 - 4 mts)",12,"Chico",-68.8345162952,-32.8929682178,3,"0",0.185148665048544
26857,"Pltano","Alto (> 8 mts)",200,"Grande",-68.8345258992,-32.8930946791,3,"1",0.0903973509933775
26858,"Pltano","Alto (> 8 mts)",165,"Grande",-68.8345343767,-32.8931550008,3,"1",0.0903973509933775
26864,"Pltano","Alto (> 8 mts)",130,"Grande",-68.8345661717,-32.8937931181,3,"1",0.0903973509933775
26866,"Fresno europeo","Muy bajo (1 - 2 mts)",4,"Chico",-68.8370200819,-32.8859677653,3,"0",0.0420032310177706
26868,"Fresno americano","Medio (4 - 8 mts)",140,"Grande",-68.8373049986,-32.8859640787,3,"0",0.0512455516014235
26870,"Fresno americano","Medio (4 - 8 mts)",170,"Grande",-68.8374916038,-32.8859565667,3,"0",0.0512455516014235
26872,"Fresno europeo","Bajo (2 - 4 mts)",86,"Grande",-68.837918464,-32.8859403492,3,"0",0.0420032310177706
26877,"Pltano","Bajo (2 - 4 mts)",40,"Mediano",-68.8381992621,-32.8863211366,3,"0",0.0903973509933775
26881,"Pltano","Alto (> 8 mts)",164,"Grande",-68.8383191748,-32.8868661057,3,"0",0.0903973509933775
26883,"Pltano","Alto (> 8 mts)",170,"Grande",-68.8383609538,-32.887027641,3,"1",0.0903973509933775
26888,"Fresno europeo","Muy bajo (1 - 2 mts)",4,"Chico",-68.8383143732,-32.8873822081,3,"0",0.0420032310177706
26891,"Fresno europeo","Medio (4 - 8 mts)",120,"Grande",-68.8380094333,-32.8873951666,3,"0",0.0420032310177706
26892,"Fresno europeo","Medio (4 - 8 mts)",120,"Grande",-68.837764144,-32.8874080134,3,"0",0.0420032310177706
26896,"Fresno europeo","Alto (> 8 mts)",180,"Grande",-68.8372117054,-32.8874238866,3,"0",0.0420032310177706
26897,"Fresno europeo","Medio (4 - 8 mts)",164,"Grande",-68.8371062269,-32.8874228476,3,"0",0.0420032310177706
26898,"Fresno europeo","Medio (4 - 8 mts)",200,"Grande",-68.8370194479,-32.8874232755,3,"0",0.0420032310177706
26899,"Fresno europeo","Muy bajo (1 - 2 mts)",4,"Chico",-68.836927006,-32.8874230649,3,"0",0.0420032310177706
26900,"Fresno europeo","Medio (4 - 8 mts)",62,"Grande",-68.8369203548,-32.8873201732,3,"0",0.0420032310177706
26905,"Morera","Medio (4 - 8 mts)",86,"Grande",-68.836880403,-32.886909349,3,"0",0.185148665048544
26912,"Fresno americano","Medio (4 - 8 mts)",122,"Grande",-68.8365883125,-32.8859889138,3,"0",0.0512455516014235
26915,"Fresno europeo","Bajo (2 - 4 mts)",20,"Chico",-68.8363506116,-32.8859945731,3,"0",0.0420032310177706
26917,"Fresno europeo","Bajo (2 - 4 mts)",16,"Chico",-68.8360944333,-32.8860030742,3,"0",0.0420032310177706
26918,"Fresno europeo","Muy bajo (1 - 2 mts)",4,"Chico",-68.8359813618,-32.8860059015,3,"0",0.0420032310177706
26920,"Fresno europeo","Bajo (2 - 4 mts)",6,"Chico",-68.8358385532,-32.8860162288,3,"0",0.0420032310177706
26924,"Pltano","Alto (> 8 mts)",170,"Grande",-68.8355208133,-32.8861509199,3,"0",0.0903973509933775
26926,"Pltano","Alto (> 8 mts)",200,"Grande",-68.8355202856,-32.8863029192,3,"0",0.0903973509933775
26927,"Pltano","Alto (> 8 mts)",180,"Grande",-68.8355344968,-32.8866692304,3,"1",0.0903973509933775
26928,"Pltano","Alto (> 8 mts)",180,"Grande",-68.8355380978,-32.8867447068,3,"0",0.0903973509933775
26929,"Pltano","Alto (> 8 mts)",180,"Grande",-68.8355384606,-32.8869353267,3,"0",0.0903973509933775
26930,"Pltano","Bajo (2 - 4 mts)",180,"Grande",-68.8355459081,-32.8870112589,3,"0",0.0903973509933775
26931,"Pltano","Medio (4 - 8 mts)",170,"Grande",-68.8355460592,-32.8870451537,3,"1",0.0903973509933775
26934,"Pltano","Medio (4 - 8 mts)",260,"Grande",-68.835552054,-32.8873468749,3,"1",0.0903973509933775
26940,"Fresno europeo","Alto (> 8 mts)",200,"Grande",-68.8359621014,-32.8874690516,3,"0",0.0420032310177706
26941,"Fresno europeo","Alto (> 8 mts)",122,"Grande",-68.83604322,-32.8874666333,3,"1",0.0420032310177706
26946,"Fresno europeo","Medio (4 - 8 mts)",90,"Grande",-68.8364386638,-32.887452724,3,"0",0.0420032310177706
26947,"Fresno europeo","Alto (> 8 mts)",100,"Grande",-68.8365303689,-32.8874468026,3,"0",0.0420032310177706
26952,"Fresno europeo","Alto (> 8 mts)",130,"Grande",-68.8367850917,-32.8872655859,3,"1",0.0420032310177706
26953,"Morera","Alto (> 8 mts)",180,"Grande",-68.8367789688,-32.8872022278,3,"0",0.185148665048544
26954,"Morera","Medio (4 - 8 mts)",190,"Grande",-68.8367746027,-32.8871354969,3,"1",0.185148665048544
26959,"Fresno europeo","Alto (> 8 mts)",130,"Grande",-68.8367404793,-32.886628431,3,"0",0.0420032310177706
26960,"Fresno europeo","Medio (4 - 8 mts)",100,"Grande",-68.8367280265,-32.8864841441,3,"0",0.0420032310177706
26962,"Fresno europeo","Bajo (2 - 4 mts)",100,"Grande",-68.8367206983,-32.886342659,3,"0",0.0420032310177706
26965,"Fresno europeo","Bajo (2 - 4 mts)",30,"Mediano",-68.8353250364,-32.886035197,3,"0",0.0420032310177706
26967,"Fresno americano","Bajo (2 - 4 mts)",160,"Grande",-68.8350875768,-32.8860420571,3,"0",0.0512455516014235
26968,"Fresno europeo","Muy bajo (1 - 2 mts)",4,"Chico",-68.8350122121,-32.8860439405,3,"0",0.0420032310177706
26977,"Morera","Bajo (2 - 4 mts)",120,"Grande",-68.8341930315,-32.8866376131,3,"0",0.185148665048544
26979,"Morera","Medio (4 - 8 mts)",170,"Grande",-68.8342113903,-32.8869940762,3,"0",0.185148665048544
26982,"Morera","Medio (4 - 8 mts)",160,"Grande",-68.8342359383,-32.8872982287,3,"1",0.185148665048544
26983,"Morera","Medio (4 - 8 mts)",70,"Grande",-68.8342441682,-32.8873878596,3,"0",0.185148665048544
26984,"Prunas","Bajo (2 - 4 mts)",16,"Chico",-68.83424176,-32.8874879244,3,"0",0.0321782178217822
26986,"Fresno europeo","Alto (> 8 mts)",140,"Grande",-68.8343917953,-32.8875317641,3,"0",0.0420032310177706
26989,"Fresno europeo","Alto (> 8 mts)",110,"Grande",-68.8347793891,-32.8875182996,3,"0",0.0420032310177706
26992,"Fresno europeo","Muy bajo (1 - 2 mts)",3,"Chico",-68.8350223028,-32.8875075367,3,"0",0.0420032310177706
26995,"Fresno europeo","Bajo (2 - 4 mts)",44,"Mediano",-68.8353922262,-32.8874937306,3,"0",0.0420032310177706
26996,"Pltano","Alto (> 8 mts)",190,"Grande",-68.8354367269,-32.8874381403,3,"0",0.0903973509933775
27000,"Pltano","Alto (> 8 mts)",170,"Grande",-68.8354211254,-32.8871274572,3,"0",0.0903973509933775
27005,"Pltano","Alto (> 8 mts)",160,"Grande",-68.8354109895,-32.8867669917,3,"0",0.0903973509933775
27006,"Pltano","Alto (> 8 mts)",180,"Grande",-68.8354061183,-32.8866271328,3,"0",0.0903973509933775
27010,"Pltano","Alto (> 8 mts)",170,"Grande",-68.8353953764,-32.8863100838,3,"0",0.0903973509933775
27012,"Pltano","Alto (> 8 mts)",160,"Grande",-68.8353903421,-32.8861429035,3,"0",0.0903973509933775
27016,"Acacia SP","Medio (4 - 8 mts)",100,"Grande",-68.8389508799,-32.8908041455,3,"0",0.150492264416315
27019,"Fresno europeo","Medio (4 - 8 mts)",90,"Grande",-68.838513272,-32.8908968575,3,"0",0.0420032310177706
27020,"Acacia SP","Medio (4 - 8 mts)",150,"Grande",-68.8384136334,-32.8909145823,3,"1",0.150492264416315
27023,"Pltano","Alto (> 8 mts)",155,"Grande",-68.8383705922,-32.8911834561,3,"1",0.0903973509933775
27024,"Paraiso","Medio (4 - 8 mts)",128,"Grande",-68.8383471478,-32.8914791904,3,"0",0.0859023207481815
27025,"Paraiso","Alto (> 8 mts)",168,"Grande",-68.8383398472,-32.89158864,3,"0",0.0859023207481815
27026,"Morera","Medio (4 - 8 mts)",40,"Mediano",-68.838330251,-32.8916350647,3,"0",0.185148665048544
27029,"Morera","Medio (4 - 8 mts)",140,"Grande",-68.83846497,-32.8919265346,3,"1",0.185148665048544
27030,"Morera","Alto (> 8 mts)",115,"Grande",-68.8385426803,-32.8919116281,3,"0",0.185148665048544
27031,"Morera","Alto (> 8 mts)",145,"Grande",-68.8385913899,-32.8919056389,3,"1",0.185148665048544
27037,"Pltano","Alto (> 8 mts)",190,"Grande",-68.8394193196,-32.8917454824,3,"0",0.0903973509933775
27038,"Pltano","Alto (> 8 mts)",170,"Grande",-68.8394940582,-32.8917271838,3,"0",0.0903973509933775
27040,"Pltano","Alto (> 8 mts)",160,"Grande",-68.839533405,-32.8915974836,3,"0",0.0903973509933775
27042,"Pltano","Alto (> 8 mts)",163,"Grande",-68.839492261,-32.8914198851,3,"0",0.0903973509933775
27043,"Pltano","Alto (> 8 mts)",175,"Grande",-68.8394794372,-32.8913599964,3,"0",0.0903973509933775
27045,"Pltano","Alto (> 8 mts)",190,"Grande",-68.8393987798,-32.8910456534,3,"0",0.0903973509933775
27046,"Morera","Alto (> 8 mts)",155,"Grande",-68.8393790304,-32.8909740337,3,"0",0.185148665048544
27049,"Fresno americano","Medio (4 - 8 mts)",95,"Grande",-68.8385663945,-32.8884801089,3,"0",0.0512455516014235
27050,"Fresno americano","Bajo (2 - 4 mts)",90,"Grande",-68.8384989514,-32.8884842318,3,"1",0.0512455516014235
27051,"Fresno americano","Alto (> 8 mts)",145,"Grande",-68.8384052231,-32.8884855534,3,"1",0.0512455516014235
27052,"Fresno americano","Medio (4 - 8 mts)",50,"Mediano",-68.8382376329,-32.8884940327,3,"0",0.0512455516014235
27054,"Fresno americano","Medio (4 - 8 mts)",135,"Grande",-68.8373125074,-32.8885220078,3,"0",0.0512455516014235
27055,"Fresno americano","Medio (4 - 8 mts)",122,"Grande",-68.8372327703,-32.8885282159,3,"0",0.0512455516014235
27057,"Fresno europeo","Alto (> 8 mts)",140,"Grande",-68.8370539662,-32.8885330325,3,"0",0.0420032310177706
27058,"Morera","Alto (> 8 mts)",135,"Grande",-68.8370085655,-32.8884897084,3,"1",0.185148665048544
27060,"Fresno americano","Medio (4 - 8 mts)",120,"Grande",-68.8369780539,-32.8880846125,3,"0",0.0512455516014235
27062,"Fresno europeo","Medio (4 - 8 mts)",100,"Grande",-68.8369662743,-32.8879616551,3,"0",0.0420032310177706
27065,"Fresno europeo","Bajo (2 - 4 mts)",130,"Grande",-68.8369320344,-32.8875951142,3,"0",0.0420032310177706
27066,"Fresno europeo","Bajo (2 - 4 mts)",20,"Chico",-68.8369682734,-32.8875312315,3,"0",0.0420032310177706
27072,"Fresno europeo","Bajo (2 - 4 mts)",22,"Mediano",-68.8382121459,-32.8874845721,3,"0",0.0420032310177706
27075,"Pltano","Alto (> 8 mts)",160,"Grande",-68.8384988865,-32.8876475457,3,"0",0.0903973509933775
27079,"Pltano","Alto (> 8 mts)",260,"Grande",-68.8386235996,-32.8881545278,3,"0",0.0903973509933775
27082,"Pltano","Medio (4 - 8 mts)",35,"Mediano",-68.8384965955,-32.8895507423,3,"1",0.0903973509933775
27089,"Pltano","Alto (> 8 mts)",180,"Grande",-68.8377211446,-32.8896027066,3,"0",0.0903973509933775
27090,"Pltano","Alto (> 8 mts)",200,"Grande",-68.8376310379,-32.8896100024,3,"0",0.0903973509933775
27095,"Fresno europeo","Medio (4 - 8 mts)",45,"Mediano",-68.8370794612,-32.8896099559,3,"0",0.0420032310177706
27096,"Fresno europeo","Muy bajo (1 - 2 mts)",4,"Chico",-68.8370750937,-32.8895437661,3,"0",0.0420032310177706
27098,"Morera","Alto (> 8 mts)",185,"Grande",-68.8370693255,-32.889367027,3,"1",0.185148665048544
27099,"Fresno europeo","Medio (4 - 8 mts)",35,"Mediano",-68.8370605551,-32.8892277007,3,"0",0.0420032310177706
27101,"Fresno americano","Alto (> 8 mts)",95,"Grande",-68.837039529,-32.8890637493,3,"0",0.0512455516014235
27102,"Fresno europeo","Medio (4 - 8 mts)",35,"Mediano",-68.8370378257,-32.8889783479,3,"0",0.0420032310177706
27103,"Fresno americano","Alto (> 8 mts)",78,"Grande",-68.8370292403,-32.8888957147,3,"0",0.0512455516014235
27107,"Fresno americano","Bajo (2 - 4 mts)",50,"Mediano",-68.8370468069,-32.8886492512,3,"0",0.0512455516014235
27117,"Pltano","Alto (> 8 mts)",185,"Grande",-68.8387373593,-32.8886405177,3,"0",0.0903973509933775
27120,"Pltano","Muy bajo (1 - 2 mts)",8,"Chico",-68.8388078312,-32.888880812,3,"0",0.0903973509933775
27121,"Pltano","Muy bajo (1 - 2 mts)",12,"Chico",-68.8388457147,-32.8890132129,3,"0",0.0903973509933775
27122,"Pltano","Alto (> 8 mts)",165,"Grande",-68.8388590251,-32.8890902047,3,"0",0.0903973509933775
27123,"Pltano","Alto (> 8 mts)",100,"Grande",-68.8388887038,-32.8892116026,3,"1",0.0903973509933775
27130,"Pltano","Alto (> 8 mts)",150,"Grande",-68.8392149549,-32.8903955682,3,"0",0.0903973509933775
27132,"Pltano","Alto (> 8 mts)",156,"Grande",-68.8391817216,-32.8902157282,3,"0",0.0903973509933775
27133,"Pltano","Alto (> 8 mts)",200,"Grande",-68.8391336795,-32.890010171,3,"0",0.0903973509933775
27134,"Pltano","Medio (4 - 8 mts)",200,"Grande",-68.8391024982,-32.8899369135,3,"0",0.0903973509933775
27136,"Pltano","Alto (> 8 mts)",170,"Grande",-68.8390399384,-32.8896630795,3,"0",0.0903973509933775
27137,"Pltano","Alto (> 8 mts)",180,"Grande",-68.8390309001,-32.8896377303,3,"0",0.0903973509933775
27140,"Pltano","Alto (> 8 mts)",300,"Grande",-68.838738934,-32.8896326077,3,"0",0.0903973509933775
27151,"Pltano","Alto (> 8 mts)",220,"Grande",-68.837361772,-32.8897380615,3,"0",0.0903973509933775
27153,"Pltano","Alto (> 8 mts)",220,"Grande",-68.8371689847,-32.8897462279,3,"1",0.0903973509933775
27157,"Fresno europeo","Medio (4 - 8 mts)",70,"Grande",-68.8371136021,-32.8902842852,3,"0",0.0420032310177706
27159,"Morera","Medio (4 - 8 mts)",60,"Mediano",-68.8371312734,-32.8906144174,3,"0",0.185148665048544
27160,"Paraiso","Medio (4 - 8 mts)",90,"Grande",-68.8371375619,-32.8906821427,3,"0",0.0859023207481815
27161,"Morera","Bajo (2 - 4 mts)",16,"Chico",-68.8371479656,-32.8907788175,3,"0",0.185148665048544
27164,"Fresno europeo","Alto (> 8 mts)",200,"Grande",-68.8377041334,-32.8908391423,3,"0",0.0420032310177706
27165,"Fresno europeo","Muy bajo (1 - 2 mts)",8,"Chico",-68.8379059408,-32.8908229031,3,"0",0.0420032310177706
27168,"Fresno europeo","Medio (4 - 8 mts)",100,"Grande",-68.8382862803,-32.8907774994,3,"0",0.0420032310177706
27174,"Acacia SP","Medio (4 - 8 mts)",130,"Grande",-68.8387551665,-32.890701371,3,"0",0.150492264416315
27178,"Acacia SP","Bajo (2 - 4 mts)",100,"Grande",-68.8369699123,-32.8909022137,3,"0",0.150492264416315
27186,"Fresno europeo","Bajo (2 - 4 mts)",50,"Mediano",-68.8358185117,-32.8909995841,3,"0",0.0420032310177706
27187,"Acacia SP","Medio (4 - 8 mts)",100,"Grande",-68.8357773648,-32.8910015535,3,"1",0.150492264416315
27188,"Pltano","Alto (> 8 mts)",233,"Grande",-68.8357128488,-32.8909612461,3,"0",0.0903973509933775
27189,"Pltano","Alto (> 8 mts)",176,"Grande",-68.8357123129,-32.8909041683,3,"1",0.0903973509933775
27191,"Acer","Medio (4 - 8 mts)",80,"Grande",-68.8356980418,-32.890703343,3,"0",0.0204081632653061
27192,"Pltano","Alto (> 8 mts)",230,"Grande",-68.8356891973,-32.8906313764,3,"0",0.0903973509933775
27204,"Pltano","Alto (> 8 mts)",180,"Grande",-68.8358705114,-32.889847143,3,"0",0.0903973509933775
27206,"Pltano","Alto (> 8 mts)",236,"Grande",-68.8360374554,-32.8898423125,3,"0",0.0903973509933775
27207,"Pltano","Alto (> 8 mts)",210,"Grande",-68.8361312024,-32.8898316151,3,"0",0.0903973509933775
27211,"Pltano","Medio (4 - 8 mts)",220,"Grande",-68.8364886449,-32.8897986789,3,"0",0.0903973509933775
27213,"Acer","Medio (4 - 8 mts)",60,"Mediano",-68.8367702884,-32.8897799724,3,"0",0.0204081632653061
27214,"Pltano","Alto (> 8 mts)",220,"Grande",-68.8368340933,-32.8897788835,3,"0",0.0903973509933775
27215,"Pltano","Alto (> 8 mts)",150,"Grande",-68.836932528,-32.8897761265,3,"0",0.0903973509933775
27216,"Fresno europeo","Medio (4 - 8 mts)",63,"Grande",-68.8369665666,-32.8898054758,3,"0",0.0420032310177706
27218,"Fresno europeo","Medio (4 - 8 mts)",100,"Grande",-68.8369751772,-32.8899473231,3,"0",0.0420032310177706
27220,"Paraiso","Medio (4 - 8 mts)",53,"Mediano",-68.8369860456,-32.8900818696,3,"0",0.0859023207481815
27222,"Fresno europeo","Alto (> 8 mts)",120,"Grande",-68.8369927454,-32.8902068222,3,"0",0.0420032310177706
27223,"Paraiso","Medio (4 - 8 mts)",100,"Grande",-68.8370033236,-32.8903930659,3,"0",0.0859023207481815
27230,"Fresno europeo","Alto (> 8 mts)",80,"Grande",-68.8369616993,-32.8896048774,3,"1",0.0420032310177706
27232,"Pltano","Alto (> 8 mts)",175,"Grande",-68.8368278819,-32.8896692297,3,"0",0.0903973509933775
27242,"Pltano","Alto (> 8 mts)",125,"Grande",-68.8359565106,-32.8897283471,3,"0",0.0903973509933775
27246,"Pltano","Alto (> 8 mts)",128,"Grande",-68.8356505016,-32.8897236776,3,"1",0.0903973509933775
27247,"Fresno europeo","Medio (4 - 8 mts)",20,"Chico",-68.8356540249,-32.8896676872,3,"0",0.0420032310177706
27251,"Acer","Alto (> 8 mts)",65,"Grande",-68.8356369816,-32.8893298262,3,"0",0.0204081632653061
27254,"Pltano","Alto (> 8 mts)",200,"Grande",-68.8356269303,-32.8890531371,3,"1",0.0903973509933775
27255,"Pltano","Alto (> 8 mts)",230,"Grande",-68.835625087,-32.8889951622,3,"1",0.0903973509933775
27257,"Pltano","Alto (> 8 mts)",200,"Grande",-68.8356259797,-32.8887518807,3,"0",0.0903973509933775
27258,"Fresno europeo","Medio (4 - 8 mts)",80,"Grande",-68.8356692687,-32.8886993365,3,"1",0.0420032310177706
27261,"Fresno europeo","Alto (> 8 mts)",125,"Grande",-68.8368864307,-32.8886870935,3,"0",0.0420032310177706
27264,"Fresno europeo","Alto (> 8 mts)",90,"Grande",-68.8369085076,-32.8889289055,3,"0",0.0420032310177706
27280,"Pltano","Alto (> 8 mts)",150,"Grande",-68.8346964325,-32.8898343254,3,"0",0.0903973509933775
27283,"Pltano","Alto (> 8 mts)",175,"Grande",-68.8344274005,-32.8898524542,3,"0",0.0903973509933775
27287,"Prunas","Medio (4 - 8 mts)",15,"Chico",-68.8343508128,-32.8891417298,3,"0",0.0321782178217822
27289,"Fresno europeo","Alto (> 8 mts)",115,"Grande",-68.834475624,-32.8887428451,3,"0",0.0420032310177706
27293,"Fresno americano","Bajo (2 - 4 mts)",90,"Grande",-68.8350352455,-32.8887240693,3,"0",0.0512455516014235
27295,"Fresno americano","Alto (> 8 mts)",120,"Grande",-68.8352636449,-32.8887157141,3,"1",0.0512455516014235
27296,"Fresno europeo","Muy bajo (1 - 2 mts)",10,"Chico",-68.8353291845,-32.888717024,3,"0",0.0420032310177706
27297,"Pltano","Alto (> 8 mts)",300,"Grande",-68.835489724,-32.8887484726,3,"0",0.0903973509933775
27299,"Pltano","Alto (> 8 mts)",158,"Grande",-68.8354989936,-32.8889372088,3,"0",0.0903973509933775
27302,"Pltano","Alto (> 8 mts)",165,"Grande",-68.8355047583,-32.8891720169,3,"0",0.0903973509933775
27303,"Morera","Medio (4 - 8 mts)",180,"Grande",-68.8344462489,-32.8905786112,3,"1",0.185148665048544
27304,"Morera","Medio (4 - 8 mts)",185,"Grande",-68.8344447704,-32.8905116136,3,"1",0.185148665048544
27309,"Morera","Medio (4 - 8 mts)",140,"Grande",-68.8344231217,-32.8901418013,3,"1",0.185148665048544
27310,"Morera","Medio (4 - 8 mts)",120,"Grande",-68.8344017899,-32.8900533361,3,"1",0.185148665048544
27313,"Pltano","Alto (> 8 mts)",172,"Grande",-68.8345592177,-32.8899441503,3,"0",0.0903973509933775
27314,"Pltano","Alto (> 8 mts)",180,"Grande",-68.8346431188,-32.889940925,3,"0",0.0903973509933775
27316,"Pltano","Alto (> 8 mts)",185,"Grande",-68.8348683487,-32.8899145326,3,"0",0.0903973509933775
27317,"Pltano","Alto (> 8 mts)",210,"Grande",-68.8349528859,-32.889914013,3,"0",0.0903973509933775
27321,"Pltano","Alto (> 8 mts)",290,"Grande",-68.8353563846,-32.8898846989,3,"0",0.0903973509933775
27325,"Pltano","Alto (> 8 mts)",180,"Grande",-68.8355505381,-32.8899610571,3,"0",0.0903973509933775
27327,"Pltano","Alto (> 8 mts)",180,"Grande",-68.8355565572,-32.8901160658,3,"0",0.0903973509933775
27328,"Fresno europeo","Muy bajo (1 - 2 mts)",5,"Chico",-68.8355682324,-32.8902177017,3,"0",0.0420032310177706
27329,"Pltano","Alto (> 8 mts)",190,"Grande",-68.8355749499,-32.8903013334,3,"0",0.0903973509933775
27332,"Pltano","Alto (> 8 mts)",152,"Grande",-68.835585494,-32.8905351198,3,"0",0.0903973509933775
27334,"Morera","Medio (4 - 8 mts)",100,"Grande",-68.835588935,-32.890755137,3,"1",0.185148665048544
27336,"Pltano","Alto (> 8 mts)",250,"Grande",-68.835591191,-32.8909802923,3,"0",0.0903973509933775
27337,"Acacia SP","Medio (4 - 8 mts)",90,"Grande",-68.835563125,-32.8910155115,3,"1",0.150492264416315
27339,"Fresno europeo","Bajo (2 - 4 mts)",26,"Mediano",-68.8353734895,-32.8910319063,3,"0",0.0420032310177706
27354,"Fresno europeo","Medio (4 - 8 mts)",90,"Grande",-68.8367533715,-32.8877616986,3,"0",0.0420032310177706
27356,"Fresno europeo","Medio (4 - 8 mts)",55,"Mediano",-68.8368790282,-32.8883677904,3,"1",0.0420032310177706
27364,"Fresno europeo","Medio (4 - 8 mts)",115,"Grande",-68.836810923,-32.8875939319,3,"0",0.0420032310177706
27366,"Fresno europeo","Muy bajo (1 - 2 mts)",5,"Chico",-68.8365126102,-32.8875464064,3,"0",0.0420032310177706
27374,"Pltano","Bajo (2 - 4 mts)",220,"Grande",-68.8355811399,-32.8878004641,3,"1",0.0903973509933775
27376,"Pltano","Alto (> 8 mts)",180,"Grande",-68.8355829777,-32.8879673002,3,"0",0.0903973509933775
27379,"Pltano","Alto (> 8 mts)",188,"Grande",-68.835608224,-32.8884700661,3,"1",0.0903973509933775
27380,"Pltano","Alto (> 8 mts)",240,"Grande",-68.8356112329,-32.8885502404,3,"0",0.0903973509933775
27382,"Fresno americano","Medio (4 - 8 mts)",120,"Grande",-68.8359263489,-32.8885825993,3,"0",0.0512455516014235
27385,"Fresno europeo","Alto (> 8 mts)",145,"Grande",-68.8363471564,-32.8885719643,3,"0",0.0420032310177706
27387,"Pltano","Alto (> 8 mts)",200,"Grande",-68.8354895073,-32.8883845271,3,"0",0.0903973509933775
27393,"Pltano","Alto (> 8 mts)",160,"Grande",-68.8354517897,-32.8877743469,3,"0",0.0903973509933775
27394,"Pltano","Alto (> 8 mts)",116,"Grande",-68.8354518433,-32.8876979556,3,"1",0.0903973509933775
27396,"Fresno europeo","Alto (> 8 mts)",148,"Grande",-68.8349891338,-32.8876054888,3,"1",0.0420032310177706
27399,"Fresno europeo","Medio (4 - 8 mts)",90,"Grande",-68.8344670064,-32.8876344356,3,"0",0.0420032310177706
27401,"Fresno americano","Medio (4 - 8 mts)",125,"Grande",-68.8342611329,-32.8878291989,3,"0",0.0512455516014235
27403,"Morera","Medio (4 - 8 mts)",105,"Grande",-68.8342959927,-32.8883041399,3,"0",0.185148665048544
27404,"Morera","Medio (4 - 8 mts)",100,"Grande",-68.8343003349,-32.8884258506,3,"1",0.185148665048544
27410,"Fresno americano","Medio (4 - 8 mts)",140,"Grande",-68.8347824288,-32.8886243691,3,"1",0.0512455516014235
27412,"Fresno europeo","Alto (> 8 mts)",130,"Grande",-68.8350138015,-32.8886186783,3,"0",0.0420032310177706
27414,"Fresno americano","Alto (> 8 mts)",145,"Grande",-68.8356697588,-32.8924626793,3,"0",0.0512455516014235
27415,"Fresno americano","Medio (4 - 8 mts)",128,"Grande",-68.8356855255,-32.8926315443,3,"0",0.0512455516014235
27417,"Morera","Alto (> 8 mts)",160,"Grande",-68.8356410542,-32.8928082038,3,"1",0.185148665048544
27423,"Morera","Alto (> 8 mts)",156,"Grande",-68.8350674367,-32.8927494419,3,"0",0.185148665048544
27424,"Morera","Alto (> 8 mts)",142,"Grande",-68.8349463895,-32.8927260185,3,"1",0.185148665048544
27427,"Morera","Alto (> 8 mts)",145,"Grande",-68.8347152065,-32.892673866,3,"1",0.185148665048544
27428,"Pltano","Alto (> 8 mts)",210,"Grande",-68.8346005548,-32.8925446824,3,"1",0.0903973509933775
27429,"Pltano","Alto (> 8 mts)",220,"Grande",-68.8345959862,-32.8924766411,3,"0",0.0903973509933775
27430,"Pltano","Alto (> 8 mts)",210,"Grande",-68.8345817312,-32.8922643912,3,"0",0.0903973509933775
27433,"Olmo bola","Medio (4 - 8 mts)",105,"Grande",-68.8345683188,-32.8920628662,3,"1",0.0231481481481481
27434,"Fresno europeo","Medio (4 - 8 mts)",70,"Grande",-68.8345667712,-32.8919754903,3,"0",0.0420032310177706
27435,"Morera","Alto (> 8 mts)",160,"Grande",-68.8345462238,-32.8917027016,3,"1",0.185148665048544
27438,"Fresno americano","Alto (> 8 mts)",138,"Grande",-68.8345731954,-32.891188794,3,"0",0.0512455516014235
27441,"Fresno europeo","Alto (> 8 mts)",180,"Grande",-68.834894889,-32.8911674614,3,"0",0.0420032310177706
27443,"Acacia SP","Alto (> 8 mts)",150,"Grande",-68.8352127063,-32.8911495131,3,"0",0.150492264416315
27444,"Morera","Alto (> 8 mts)",125,"Grande",-68.8354131434,-32.8911386033,3,"1",0.185148665048544
27445,"Acacia SP","Alto (> 8 mts)",148,"Grande",-68.8354729183,-32.8911338751,3,"0",0.150492264416315
27448,"Acer","Medio (4 - 8 mts)",100,"Grande",-68.8356117037,-32.8912960707,3,"1",0.0204081632653061
27449,"Fresno europeo","Alto (> 8 mts)",100,"Grande",-68.8356176725,-32.8913627136,3,"0",0.0420032310177706
27450,"Acer","Alto (> 8 mts)",100,"Grande",-68.8356176008,-32.8914646461,3,"0",0.0204081632653061
27452,"Fresno europeo","Muy bajo (1 - 2 mts)",4,"Chico",-68.8356260553,-32.8916043084,3,"0",0.0420032310177706
27454,"Acer","Alto (> 8 mts)",155,"Grande",-68.8356365586,-32.8917619378,3,"0",0.0204081632653061
27455,"Fresno europeo","Alto (> 8 mts)",132,"Grande",-68.8356427541,-32.8918574278,3,"0",0.0420032310177706
27457,"Fresno europeo","Medio (4 - 8 mts)",125,"Grande",-68.8356499673,-32.892024618,3,"0",0.0420032310177706
27460,"Liquidambar","Muy bajo (1 - 2 mts)",14,"Chico",-68.8356621351,-32.8922648445,3,"0",0
27461,"Tilo","Alto (> 8 mts)",128,"Grande",-68.8356663523,-32.8923540273,3,"0",0
27462,"Morera","Alto (> 8 mts)",128,"Grande",-68.837193579,-32.8914334146,3,"1",0.185148665048544
27463,"Morera","Alto (> 8 mts)",170,"Grande",-68.8371782696,-32.8912725329,3,"1",0.185148665048544
27469,"Morera","Medio (4 - 8 mts)",130,"Grande",-68.837914565,-32.890958168,3,"1",0.185148665048544
27470,"Pltano","Alto (> 8 mts)",188,"Grande",-68.8382183993,-32.8913744214,3,"0",0.0903973509933775
27473,"Paraiso","Alto (> 8 mts)",148,"Grande",-68.8381954052,-32.89173606,3,"0",0.0859023207481815
27478,"Paraiso","Alto (> 8 mts)",155,"Grande",-68.8381605121,-32.8924699915,3,"1",0.0859023207481815
27480,"Paraiso","Alto (> 8 mts)",300,"Grande",-68.8381447712,-32.8927163933,3,"1",0.0859023207481815
27481,"Morera","Alto (> 8 mts)",148,"Grande",-68.8381410535,-32.8928095377,3,"1",0.185148665048544
27484,"Fresno europeo","Medio (4 - 8 mts)",50,"Mediano",-68.8379631202,-32.8929266335,3,"0",0.0420032310177706
27485,"Paraiso","Medio (4 - 8 mts)",145,"Grande",-68.8379186834,-32.8929224173,3,"0",0.0859023207481815
27489,"Fresno europeo","Alto (> 8 mts)",150,"Grande",-68.8374019964,-32.8928895562,3,"0",0.0420032310177706
27491,"Morera","Muy bajo (1 - 2 mts)",8,"Chico",-68.8372564693,-32.8926282642,3,"0",0.185148665048544
27493,"Morera","Alto (> 8 mts)",170,"Grande",-68.8372437793,-32.892443915,3,"1",0.185148665048544
27494,"Morera","Alto (> 8 mts)",145,"Grande",-68.8372404424,-32.8923984654,3,"1",0.185148665048544
27498,"Morera","Alto (> 8 mts)",170,"Grande",-68.8372187867,-32.8919089993,3,"1",0.185148665048544
27499,"Morera","Medio (4 - 8 mts)",115,"Grande",-68.8372113904,-32.891804123,3,"1",0.185148665048544
27500,"Morera","Alto (> 8 mts)",160,"Grande",-68.8372074596,-32.8917327941,3,"0",0.185148665048544
27502,"Morera","Medio (4 - 8 mts)",140,"Grande",-68.8371943265,-32.8915506354,3,"1",0.185148665048544
27504,"Morera","Medio (4 - 8 mts)",65,"Grande",-68.8360802667,-32.8928392042,3,"1",0.185148665048544
27506,"Morera","Medio (4 - 8 mts)",168,"Grande",-68.8363464459,-32.8928574091,3,"1",0.185148665048544
27510,"Morera","Medio (4 - 8 mts)",115,"Grande",-68.8367189955,-32.8928647714,3,"0",0.185148665048544
27511,"Morera","Alto (> 8 mts)",150,"Grande",-68.8370792126,-32.8928634289,3,"0",0.185148665048544
27521,"Morera","Medio (4 - 8 mts)",90,"Grande",-68.8370721061,-32.8918032464,3,"1",0.185148665048544
27527,"Fresno europeo","Muy bajo (1 - 2 mts)",5,"Chico",-68.837041068,-32.8910837204,3,"0",0.0420032310177706
27533,"Morera","Medio (4 - 8 mts)",145,"Grande",-68.8364582288,-32.8910552776,3,"1",0.185148665048544
27540,"Perenne","Muy bajo (1 - 2 mts)",100,"Grande",-68.8357334767,-32.8913080582,3,"0",0.0364741641337386
27541,"Fresno europeo","Medio (4 - 8 mts)",115,"Grande",-68.8357304388,-32.8913326758,3,"0",0.0420032310177706
27545,"Fresno europeo","Alto (> 8 mts)",150,"Grande",-68.8357661662,-32.8919911079,3,"0",0.0420032310177706
27553,"Pltano","Alto (> 8 mts)",180,"Grande",-68.8396282788,-32.8919723455,2,"0",0.0903973509933775
27561,"Pltano","Alto (> 8 mts)",190,"Grande",-68.8398247185,-32.8927427316,2,"0",0.0903973509933775
27564,"Morera","Medio (4 - 8 mts)",55,"Mediano",-68.8395054165,-32.8928369998,2,"1",0.185148665048544
27571,"Morera","Medio (4 - 8 mts)",110,"Grande",-68.8383452183,-32.8930447879,2,"0",0.185148665048544
27572,"Morera","Medio (4 - 8 mts)",77,"Grande",-68.8382766447,-32.8929633667,2,"0",0.185148665048544
27575,"Paraiso","Alto (> 8 mts)",317,"Grande",-68.8382973156,-32.89251096,3,"0",0.0859023207481815
27578,"Paraiso","Medio (4 - 8 mts)",100,"Grande",-68.8383219929,-32.8921216066,3,"0",0.0859023207481815
27579,"Morera","Medio (4 - 8 mts)",110,"Grande",-68.838429008,-32.8920446503,3,"0",0.185148665048544
27580,"Morera","Medio (4 - 8 mts)",100,"Grande",-68.8387290181,-32.8919794846,3,"1",0.185148665048544
27582,"Morera","Medio (4 - 8 mts)",100,"Grande",-68.8388285464,-32.8919642841,3,"1",0.185148665048544
27586,"Morera","Alto (> 8 mts)",220,"Grande",-68.8377199458,-32.8949453735,2,"0",0.185148665048544
27589,"Morera","Medio (4 - 8 mts)",142,"Grande",-68.8376244434,-32.8945679821,2,"1",0.185148665048544
27591,"Morera","Medio (4 - 8 mts)",95,"Grande",-68.8375933598,-32.8944409837,2,"0",0.185148665048544
27592,"Morera","Alto (> 8 mts)",168,"Grande",-68.8375973399,-32.8943930099,2,"1",0.185148665048544
27593,"Morera","Medio (4 - 8 mts)",70,"Grande",-68.8376517784,-32.8943466147,2,"0",0.185148665048544
27594,"Fresno europeo","Alto (> 8 mts)",160,"Grande",-68.8377293044,-32.8943261946,2,"0",0.0420032310177706
27597,"Morera","Alto (> 8 mts)",145,"Grande",-68.8382758995,-32.8943146397,2,"1",0.185148665048544
27599,"Fresno europeo","Medio (4 - 8 mts)",99,"Grande",-68.8388285874,-32.8943026394,2,"0",0.0420032310177706
27602,"Fresno europeo","Alto (> 8 mts)",190,"Grande",-68.8394925004,-32.8942974142,2,"0",0.0420032310177706
27605,"Paraiso","Alto (> 8 mts)",178,"Grande",-68.8398547465,-32.8942895308,2,"1",0.0859023207481815
27606,"Paraiso","Alto (> 8 mts)",148,"Grande",-68.8399830076,-32.8942853668,2,"1",0.0859023207481815
27613,"Pltano","Alto (> 8 mts)",160,"Grande",-68.8403392153,-32.8947176076,2,"0",0.0903973509933775
27614,"Pltano","Alto (> 8 mts)",180,"Grande",-68.8403566004,-32.8947878012,2,"0",0.0903973509933775
27618,"Morera","Medio (4 - 8 mts)",145,"Grande",-68.8395816876,-32.895052462,2,"1",0.185148665048544
27619,"Morera","Medio (4 - 8 mts)",142,"Grande",-68.8394961629,-32.8950644349,2,"1",0.185148665048544
27620,"Morera","Alto (> 8 mts)",142,"Grande",-68.8394071076,-32.895078387,2,"1",0.185148665048544
27622,"Morera","Alto (> 8 mts)",180,"Grande",-68.8390131397,-32.8951442448,2,"1",0.185148665048544
27624,"Morera","Alto (> 8 mts)",155,"Grande",-68.8388218623,-32.8951834023,2,"1",0.185148665048544
27625,"Morera","Alto (> 8 mts)",162,"Grande",-68.8387503389,-32.8951951222,2,"1",0.185148665048544
27626,"Morera","Medio (4 - 8 mts)",145,"Grande",-68.8386357052,-32.8952196374,2,"1",0.185148665048544
27627,"Morera","Alto (> 8 mts)",138,"Grande",-68.8384965794,-32.8952503912,2,"0",0.185148665048544
27629,"Morera","Alto (> 8 mts)",162,"Grande",-68.8383281214,-32.8952788852,2,"0",0.185148665048544
27630,"Morera","Medio (4 - 8 mts)",150,"Grande",-68.8382519817,-32.89530187,2,"1",0.185148665048544
27631,"Morera","Alto (> 8 mts)",190,"Grande",-68.8381167416,-32.8953227044,2,"1",0.185148665048544
27633,"Morera","Alto (> 8 mts)",160,"Grande",-68.8379121057,-32.895360671,2,"1",0.185148665048544
27634,"Morera","Medio (4 - 8 mts)",145,"Grande",-68.8378010283,-32.8952855577,2,"1",0.185148665048544
27635,"Morera","Alto (> 8 mts)",128,"Grande",-68.8372334183,-32.8940187048,2,"1",0.185148665048544
27636,"Morera","Alto (> 8 mts)",100,"Grande",-68.8371473512,-32.8940354543,2,"1",0.185148665048544
27637,"Morera","Alto (> 8 mts)",165,"Grande",-68.8370881307,-32.8940410578,2,"0",0.185148665048544
27638,"Morera","Alto (> 8 mts)",120,"Grande",-68.8369483971,-32.8940653115,2,"0",0.185148665048544
27639,"Morera","Alto (> 8 mts)",118,"Grande",-68.8368666096,-32.8940795417,2,"1",0.185148665048544
27640,"Morera","Medio (4 - 8 mts)",115,"Grande",-68.8367897412,-32.8940922455,2,"1",0.185148665048544
27642,"Morera","Alto (> 8 mts)",110,"Grande",-68.8366499267,-32.8941198097,3,"1",0.185148665048544
27645,"Morera","Alto (> 8 mts)",175,"Grande",-68.836474323,-32.894147887,3,"1",0.185148665048544
27647,"Morera","Alto (> 8 mts)",95,"Grande",-68.8363308744,-32.8941725274,3,"0",0.185148665048544
27651,"Morera","Alto (> 8 mts)",90,"Grande",-68.8362338621,-32.8943870929,3,"0",0.185148665048544
27652,"Morera","Alto (> 8 mts)",132,"Grande",-68.8362470141,-32.894441933,3,"0",0.185148665048544
27653,"Morera","Alto (> 8 mts)",122,"Grande",-68.8362659181,-32.8945073303,2,"1",0.185148665048544
27654,"Morera","Alto (> 8 mts)",185,"Grande",-68.8362827894,-32.894573807,2,"0",0.185148665048544
27657,"Morera","Alto (> 8 mts)",108,"Grande",-68.8363231657,-32.8947401136,2,"1",0.185148665048544
27661,"Morera","Alto (> 8 mts)",128,"Grande",-68.8364000818,-32.8950134445,2,"1",0.185148665048544
27665,"Fresno europeo","Alto (> 8 mts)",105,"Grande",-68.8367098039,-32.8950786809,2,"0",0.0420032310177706
27666,"Morera","Alto (> 8 mts)",145,"Grande",-68.8367660375,-32.8950703686,2,"1",0.185148665048544
27667,"Morera","Alto (> 8 mts)",160,"Grande",-68.8368130963,-32.8950097039,2,"1",0.185148665048544
27671,"Acer","Alto (> 8 mts)",108,"Grande",-68.8368202079,-32.8947299609,2,"0",0.0204081632653061
27674,"Prunas","Medio (4 - 8 mts)",20,"Chico",-68.8367934141,-32.894573984,2,"0",0.0321782178217822
27680,"Acer","Medio (4 - 8 mts)",98,"Grande",-68.8369142379,-32.8948276907,2,"1",0.0204081632653061
27681,"Fresno americano","Alto (> 8 mts)",60,"Mediano",-68.8369056608,-32.8949088452,2,"1",0.0512455516014235
27683,"Fresno europeo","Alto (> 8 mts)",125,"Grande",-68.8369850363,-32.8950337968,2,"1",0.0420032310177706
27688,"Morera","Muy bajo (1 - 2 mts)",12,"Chico",-68.837531457,-32.8948619929,2,"0",0.185148665048544
27689,"Morera","Alto (> 8 mts)",115,"Grande",-68.8375162189,-32.8948165495,2,"1",0.185148665048544
27691,"Pltano","Alto (> 8 mts)",195,"Grande",-68.8374917924,-32.8947454149,2,"0",0.0903973509933775
27692,"Pltano","Alto (> 8 mts)",185,"Grande",-68.8374749461,-32.8946687971,2,"0",0.0903973509933775
27695,"Morera","Medio (4 - 8 mts)",98,"Grande",-68.8374073309,-32.8942988158,2,"1",0.185148665048544
27696,"Fresno americano","Alto (> 8 mts)",95,"Grande",-68.8373934546,-32.894171479,2,"1",0.0512455516014235
27697,"Pltano","Alto (> 8 mts)",220,"Grande",-68.8373856358,-32.8941226874,2,"0",0.0903973509933775
27698,"Morera","Alto (> 8 mts)",110,"Grande",-68.837382836,-32.8940757057,2,"1",0.185148665048544
27699,"Morera","Muy bajo (1 - 2 mts)",10,"Chico",-68.837464432,-32.8954363143,2,"0",0.185148665048544
27700,"Morera","Alto (> 8 mts)",125,"Grande",-68.8373719968,-32.8954530503,2,"1",0.185148665048544
27705,"Morera","Alto (> 8 mts)",165,"Grande",-68.8369852232,-32.8955321921,2,"1",0.185148665048544
27707,"Morera","Alto (> 8 mts)",170,"Grande",-68.8367761531,-32.8955694694,2,"1",0.185148665048544
27711,"Fresno europeo","Medio (4 - 8 mts)",68,"Grande",-68.8365485709,-32.8951693607,2,"0",0.0420032310177706
27722,"Fresno europeo","Muy bajo (1 - 2 mts)",4,"Chico",-68.837598485,-32.8951472126,2,"0",0.0420032310177706
27723,"Morera","Alto (> 8 mts)",112,"Grande",-68.837624912,-32.8952484887,2,"1",0.185148665048544
27724,"Morera","Alto (> 8 mts)",140,"Grande",-68.8376357067,-32.8953071126,2,"1",0.185148665048544
27726,"Morera","Medio (4 - 8 mts)",118,"Grande",-68.8350134622,-32.8954028663,3,"0",0.185148665048544
27727,"Fresno europeo","Bajo (2 - 4 mts)",20,"Chico",-68.8351859143,-32.8953727067,3,"0",0.0420032310177706
27730,"Fresno europeo","Medio (4 - 8 mts)",36,"Mediano",-68.8354827981,-32.8953293657,2,"0",0.0420032310177706
27737,"Morera","Muy bajo (1 - 2 mts)",8,"Chico",-68.8363866275,-32.8954718465,2,"0",0.185148665048544
27740,"Morera","Medio (4 - 8 mts)",110,"Grande",-68.8361051063,-32.895688824,2,"0",0.185148665048544
27742,"Morera","Medio (4 - 8 mts)",120,"Grande",-68.8358970678,-32.8957203826,2,"0",0.185148665048544
27751,"Morera","Medio (4 - 8 mts)",100,"Grande",-68.835094348,-32.89587609,2,"0",0.185148665048544
27752,"Morera","Medio (4 - 8 mts)",100,"Grande",-68.8350146891,-32.8958941089,2,"0",0.185148665048544
27756,"Pltano","Alto (> 8 mts)",136,"Grande",-68.8348156485,-32.8957376734,2,"0",0.0903973509933775
27760,"Fresno europeo","Medio (4 - 8 mts)",80,"Grande",-68.8350433275,-32.8948013879,3,"0",0.0420032310177706
27761,"Fresno europeo","Medio (4 - 8 mts)",60,"Mediano",-68.8349620809,-32.89481156,3,"0",0.0420032310177706
27762,"Morera","Alto (> 8 mts)",115,"Grande",-68.8348862796,-32.8948247147,3,"1",0.185148665048544
27765,"Morera","Muy bajo (1 - 2 mts)",12,"Chico",-68.8347374868,-32.8946615827,3,"0",0.185148665048544
27766,"Acacia SP","Alto (> 8 mts)",120,"Grande",-68.8347304737,-32.8944398377,3,"0",0.150492264416315
27767,"Acacia SP","Alto (> 8 mts)",115,"Grande",-68.8347261837,-32.894379958,3,"0",0.150492264416315
27769,"Pltano","Alto (> 8 mts)",180,"Grande",-68.8347060457,-32.8941451636,3,"0",0.0903973509933775
27770,"Morera","Alto (> 8 mts)",110,"Grande",-68.8347045194,-32.894103774,3,"1",0.185148665048544
27771,"Pltano","Alto (> 8 mts)",170,"Grande",-68.8347012895,-32.8940099731,3,"1",0.0903973509933775
27772,"Morera","Alto (> 8 mts)",110,"Grande",-68.8347857407,-32.8938852005,3,"1",0.185148665048544
27773,"Pltano","Alto (> 8 mts)",142,"Grande",-68.8348669143,-32.89386842,3,"0",0.0903973509933775
27775,"Fresno europeo","Alto (> 8 mts)",115,"Grande",-68.8350335561,-32.8938392484,3,"0",0.0420032310177706
27778,"Fresno americano","Alto (> 8 mts)",105,"Grande",-68.8351944624,-32.8939724825,3,"1",0.0512455516014235
27783,"Fresno americano","Medio (4 - 8 mts)",45,"Mediano",-68.835142087,-32.8944220217,3,"0",0.0512455516014235
27784,"Morera","Alto (> 8 mts)",130,"Grande",-68.8351304925,-32.894481042,3,"1",0.185148665048544
27787,"Fresno europeo","Medio (4 - 8 mts)",50,"Mediano",-68.8347920005,-32.8949464086,3,"0",0.0420032310177706
27789,"Fresno europeo","Alto (> 8 mts)",70,"Grande",-68.8347737503,-32.8951050821,3,"0",0.0420032310177706
27792,"Morera","Alto (> 8 mts)",115,"Grande",-68.8348385907,-32.895354395,3,"1",0.185148665048544
27794,"Morera","Medio (4 - 8 mts)",78,"Grande",-68.8350015109,-32.8953348631,3,"1",0.185148665048544
27797,"Pltano","Alto (> 8 mts)",130,"Grande",-68.8350450372,-32.8951475492,3,"0",0.0903973509933775
27798,"Pltano","Alto (> 8 mts)",125,"Grande",-68.8350600554,-32.8950601212,3,"0",0.0903973509933775
27803,"Pltano","Alto (> 8 mts)",120,"Grande",-68.8351431099,-32.8949395737,3,"0",0.0903973509933775
27809,"Morera","Alto (> 8 mts)",135,"Grande",-68.8352437002,-32.8943591257,3,"0",0.185148665048544
27811,"Morera","Alto (> 8 mts)",132,"Grande",-68.8353407917,-32.8943370314,3,"0",0.185148665048544
27812,"Morera","Medio (4 - 8 mts)",40,"Mediano",-68.835388885,-32.8943287261,3,"0",0.185148665048544
27814,"Morera","Alto (> 8 mts)",118,"Grande",-68.8354939732,-32.8943140767,3,"1",0.185148665048544
27819,"Morera","Alto (> 8 mts)",128,"Grande",-68.83586378,-32.8942512639,3,"1",0.185148665048544
27820,"Morera","Medio (4 - 8 mts)",105,"Grande",-68.8359395794,-32.8942388299,3,"0",0.185148665048544
27821,"Morera","Medio (4 - 8 mts)",100,"Grande",-68.8360002052,-32.8942246627,3,"1",0.185148665048544
27822,"Morera","Alto (> 8 mts)",132,"Grande",-68.8360625558,-32.8942605416,3,"0",0.185148665048544
27823,"Morera","Alto (> 8 mts)",120,"Grande",-68.8360782718,-32.894315926,3,"1",0.185148665048544
27825,"Morera","Alto (> 8 mts)",155,"Grande",-68.836139917,-32.8945608158,3,"0",0.185148665048544
27827,"Morera","Alto (> 8 mts)",75,"Grande",-68.8362025597,-32.8947865911,2,"0",0.185148665048544
27828,"Morera","Alto (> 8 mts)",180,"Grande",-68.8362201711,-32.8948574871,2,"0",0.185148665048544
27829,"Morera","Alto (> 8 mts)",105,"Grande",-68.8362588,-32.8950069478,2,"0",0.185148665048544
27838,"Ailanthus","Alto (> 8 mts)",115,"Grande",-68.8356725015,-32.8952313795,2,"0",0.0380952380952381
27840,"Paraiso","Alto (> 8 mts)",110,"Grande",-68.8355520205,-32.8951709044,2,"1",0.0859023207481815
27843,"Jacarand","Alto (> 8 mts)",85,"Grande",-68.8355325056,-32.8948567856,3,"0",0.103064066852368
27846,"Fresno europeo","Alto (> 8 mts)",52,"Mediano",-68.8354876101,-32.8951546244,2,"0",0.0420032310177706
27850,"Fresno europeo","Medio (4 - 8 mts)",80,"Grande",-68.8351589439,-32.8953094978,3,"1",0.0420032310177706
27853,"Morera","Alto (> 8 mts)",138,"Grande",-68.8349378684,-32.8937529746,3,"1",0.185148665048544
27858,"Pltano","Alto (> 8 mts)",190,"Grande",-68.8346526332,-32.8933916194,3,"1",0.0903973509933775
27861,"Pltano","Alto (> 8 mts)",190,"Grande",-68.8346375787,-32.8930958449,3,"1",0.0903973509933775
27863,"Morera","Alto (> 8 mts)",130,"Grande",-68.834688873,-32.8928691374,3,"1",0.185148665048544
27864,"Morera","Alto (> 8 mts)",110,"Grande",-68.8347992647,-32.8928753246,3,"1",0.185148665048544
27865,"Morera","Alto (> 8 mts)",150,"Grande",-68.834910167,-32.8928943164,3,"1",0.185148665048544
27866,"Morera","Medio (4 - 8 mts)",62,"Grande",-68.8350432872,-32.8929200099,3,"1",0.185148665048544
27867,"Paraiso","Medio (4 - 8 mts)",85,"Grande",-68.8352424493,-32.8929753252,3,"0",0.0859023207481815
27870,"Paraiso","Alto (> 8 mts)",210,"Grande",-68.8389181108,-32.8942168354,2,"0",0.0859023207481815
27874,"Pltano","Alto (> 8 mts)",170,"Grande",-68.8385061053,-32.8941884661,2,"1",0.0903973509933775
27880,"Pltano","Alto (> 8 mts)",180,"Grande",-68.8383624552,-32.8936387062,2,"0",0.0903973509933775
27882,"Morera","Medio (4 - 8 mts)",62,"Grande",-68.8383252798,-32.8934688111,2,"1",0.185148665048544
27883,"Pltano","Alto (> 8 mts)",180,"Grande",-68.8383093859,-32.8934142266,2,"0",0.0903973509933775
27884,"Pltano","Alto (> 8 mts)",180,"Grande",-68.8382622121,-32.8932592118,2,"0",0.0903973509933775
27888,"Morera","Medio (4 - 8 mts)",150,"Grande",-68.8386362212,-32.8931310678,2,"1",0.185148665048544
27889,"Fresno europeo","Alto (> 8 mts)",150,"Grande",-68.8388319458,-32.8930936187,2,"0",0.0420032310177706
27890,"Paraiso","Medio (4 - 8 mts)",52,"Mediano",-68.8388916273,-32.8930808871,2,"1",0.0859023207481815
27891,"Fresno europeo","Bajo (2 - 4 mts)",35,"Mediano",-68.8390135406,-32.8930541575,2,"0",0.0420032310177706
27894,"Morera","Medio (4 - 8 mts)",145,"Grande",-68.8394316404,-32.8929729703,2,"1",0.185148665048544
27901,"Pltano","Alto (> 8 mts)",158,"Grande",-68.8399952159,-32.8933931566,2,"0",0.0903973509933775
27903,"Pltano","Alto (> 8 mts)",155,"Grande",-68.8400449769,-32.8935827584,2,"0",0.0903973509933775
27904,"Pltano","Alto (> 8 mts)",172,"Grande",-68.8400718564,-32.8936720602,2,"0",0.0903973509933775
27906,"Pltano","Alto (> 8 mts)",170,"Grande",-68.840136719,-32.8939166817,2,"0",0.0903973509933775
27909,"Fresno europeo","Alto (> 8 mts)",152,"Grande",-68.839780306,-32.8941980788,2,"0",0.0420032310177706
27910,"Morera","Alto (> 8 mts)",175,"Grande",-68.8396794215,-32.8941958909,2,"1",0.185148665048544
27912,"Paraiso","Medio (4 - 8 mts)",132,"Grande",-68.8391975721,-32.894206657,2,"0",0.0859023207481815
27913,"Morera","Alto (> 8 mts)",145,"Grande",-68.8375354945,-32.8939968258,2,"1",0.185148665048544
27915,"Morera","Alto (> 8 mts)",150,"Grande",-68.8375713433,-32.8941783827,2,"1",0.185148665048544
27917,"Morera","Alto (> 8 mts)",120,"Grande",-68.837746583,-32.8942284737,2,"1",0.185148665048544
27918,"Fresno europeo","Alto (> 8 mts)",122,"Grande",-68.8378231021,-32.8942314584,2,"0",0.0420032310177706
27922,"Pltano","Alto (> 8 mts)",168,"Grande",-68.8383589662,-32.894184543,2,"1",0.0903973509933775
27923,"Fresno europeo","Medio (4 - 8 mts)",70,"Grande",-68.8383279552,-32.8940759393,2,"0",0.0420032310177706
27927,"Morera","Medio (4 - 8 mts)",85,"Grande",-68.8382573686,-32.8937926053,2,"1",0.185148665048544
27934,"Pltano","Alto (> 8 mts)",210,"Grande",-68.8381523189,-32.8933905172,2,"1",0.0903973509933775
27935,"Pltano","Alto (> 8 mts)",182,"Grande",-68.8381366104,-32.8933304442,2,"1",0.0903973509933775
27937,"Fresno americano","Medio (4 - 8 mts)",100,"Grande",-68.8378975525,-32.8932577288,2,"0",0.0512455516014235
27938,"Fresno europeo","Alto (> 8 mts)",150,"Grande",-68.8378160876,-32.8932713289,2,"0",0.0420032310177706
27941,"Fresno europeo","Alto (> 8 mts)",122,"Grande",-68.8375792789,-32.893313401,3,"0",0.0420032310177706
27943,"Fresno europeo","Medio (4 - 8 mts)",130,"Grande",-68.8374748089,-32.8933414882,3,"0",0.0420032310177706
27944,"Morera","Alto (> 8 mts)",178,"Grande",-68.8374781958,-32.893535266,2,"1",0.185148665048544
27947,"Morera","Medio (4 - 8 mts)",100,"Grande",-68.8375052962,-32.8937362881,2,"1",0.185148665048544
27948,"Morera","Alto (> 8 mts)",145,"Grande",-68.8375122454,-32.8937936447,2,"0",0.185148665048544
27950,"Morera","Alto (> 8 mts)",138,"Grande",-68.8375324142,-32.8939277523,2,"0",0.185148665048544
27952,"Morera","Alto (> 8 mts)",162,"Grande",-68.8367811052,-32.8939705934,3,"1",0.185148665048544
27953,"Morera","Alto (> 8 mts)",92,"Grande",-68.83659015,-32.8940050816,3,"0",0.185148665048544
27955,"Morera","Alto (> 8 mts)",125,"Grande",-68.8364147662,-32.8940334567,3,"0",0.185148665048544
27956,"Morera","Medio (4 - 8 mts)",105,"Grande",-68.8362766791,-32.8940608271,3,"1",0.185148665048544
27957,"Morera","Alto (> 8 mts)",165,"Grande",-68.8361487489,-32.8940594874,3,"1",0.185148665048544
27958,"Morera","Alto (> 8 mts)",158,"Grande",-68.8361348498,-32.8940041955,3,"0",0.185148665048544
27960,"Morera","Alto (> 8 mts)",170,"Grande",-68.8360887949,-32.8938249692,3,"1",0.185148665048544
27971,"Morera","Medio (4 - 8 mts)",168,"Grande",-68.8360511921,-32.8930173276,3,"1",0.185148665048544
27973,"Morera","Muy bajo (1 - 2 mts)",7,"Chico",-68.8361999282,-32.8930223394,3,"0",0.185148665048544
27975,"Morera","Alto (> 8 mts)",180,"Grande",-68.8365238108,-32.8930450503,3,"1",0.185148665048544
27976,"Morera","Alto (> 8 mts)",200,"Grande",-68.8366501497,-32.8930519546,3,"1",0.185148665048544
27978,"Morera","Medio (4 - 8 mts)",50,"Mediano",-68.8368126059,-32.8930608437,3,"0",0.185148665048544
27983,"Fresno americano","Medio (4 - 8 mts)",110,"Grande",-68.8371447251,-32.8930757813,3,"0",0.0512455516014235
27984,"Fresno americano","Medio (4 - 8 mts)",105,"Grande",-68.8371804092,-32.8930826806,3,"0",0.0512455516014235
27986,"Fresno europeo","Alto (> 8 mts)",190,"Grande",-68.8372568768,-32.893223773,3,"1",0.0420032310177706
27987,"Pltano","Alto (> 8 mts)",230,"Grande",-68.837302391,-32.8935408767,3,"0",0.0903973509933775
27988,"Pltano","Alto (> 8 mts)",210,"Grande",-68.8373111621,-32.8936217337,2,"0",0.0903973509933775
27989,"Morera","Medio (4 - 8 mts)",65,"Grande",-68.8373213154,-32.8937024158,2,"1",0.185148665048544
27990,"Pltano","Alto (> 8 mts)",205,"Grande",-68.837333441,-32.8937928712,2,"0",0.0903973509933775
27991,"Pltano","Alto (> 8 mts)",245,"Grande",-68.8373224239,-32.893853198,2,"0",0.0903973509933775
27994,"Morera","Alto (> 8 mts)",178,"Grande",-68.8357635368,-32.8930779135,3,"0",0.185148665048544
27996,"Ailanthus","Muy bajo (1 - 2 mts)",12,"Chico",-68.8357913806,-32.8931779476,3,"0",0.0380952380952381
28001,"Morera","Alto (> 8 mts)",130,"Grande",-68.8358683232,-32.8935042506,3,"0",0.185148665048544
28004,"Morera","Alto (> 8 mts)",150,"Grande",-68.8359290491,-32.8937480871,3,"1",0.185148665048544
28005,"Fresno europeo","Muy bajo (1 - 2 mts)",5,"Chico",-68.8359694392,-32.8939057728,3,"0",0.0420032310177706
28006,"Morera","Alto (> 8 mts)",168,"Grande",-68.8359851718,-32.8939839844,3,"0",0.185148665048544
28008,"Morera","Alto (> 8 mts)",60,"Mediano",-68.8359411666,-32.894112956,3,"0",0.185148665048544
28009,"Morera","Alto (> 8 mts)",98,"Grande",-68.8358817896,-32.8941234116,3,"0",0.185148665048544
28010,"Morera","Alto (> 8 mts)",105,"Grande",-68.8357973861,-32.8941372968,3,"1",0.185148665048544
28011,"Morera","Alto (> 8 mts)",100,"Grande",-68.8357144792,-32.8941510208,3,"0",0.185148665048544
28013,"Morera","Alto (> 8 mts)",128,"Grande",-68.8355245583,-32.8941852085,3,"1",0.185148665048544
28014,"Morera","Alto (> 8 mts)",80,"Grande",-68.8353641968,-32.8942128264,3,"0",0.185148665048544
28015,"Morera","Alto (> 8 mts)",105,"Grande",-68.8352480807,-32.8941064498,3,"1",0.185148665048544
28016,"Morera","Alto (> 8 mts)",100,"Grande",-68.8352604845,-32.8939998511,3,"1",0.185148665048544
28017,"Fresno europeo","Medio (4 - 8 mts)",75,"Grande",-68.8352802313,-32.8938317659,3,"0",0.0420032310177706
28024,"Pltano","Alto (> 8 mts)",185,"Grande",-68.8353531467,-32.8932826429,3,"0",0.0903973509933775
28027,"Morera","Alto (> 8 mts)",156,"Grande",-68.8457728233,-32.8929155791,2,"1",0.185148665048544
28028,"Morera","Alto (> 8 mts)",178,"Grande",-68.8458484097,-32.8929012452,2,"0",0.185148665048544
28029,"Morera","Alto (> 8 mts)",184,"Grande",-68.8459509324,-32.8928824261,2,"1",0.185148665048544
28031,"Morera","Alto (> 8 mts)",88,"Grande",-68.8461659381,-32.8928400507,2,"1",0.185148665048544
28032,"Morera","Alto (> 8 mts)",58,"Mediano",-68.8462922351,-32.8928164113,2,"1",0.185148665048544
28033,"Morera","Medio (4 - 8 mts)",42,"Mediano",-68.8464609836,-32.8927862938,2,"1",0.185148665048544
28036,"Morera","Alto (> 8 mts)",70,"Grande",-68.8466668858,-32.8929936226,2,"1",0.185148665048544
28037,"Fresno europeo","Alto (> 8 mts)",102,"Grande",-68.8466900952,-32.8930673796,2,"0",0.0420032310177706
28040,"Morera","Bajo (2 - 4 mts)",24,"Mediano",-68.8468115293,-32.8935369118,2,"0",0.185148665048544
28042,"Morera","Alto (> 8 mts)",145,"Grande",-68.8468361616,-32.8937081199,2,"0",0.185148665048544
28046,"Morera","Medio (4 - 8 mts)",114,"Grande",-68.8463830324,-32.8937944583,2,"1",0.185148665048544
28047,"Morera","Alto (> 8 mts)",122,"Grande",-68.8462345132,-32.8938150435,2,"1",0.185148665048544
28048,"Morera","Alto (> 8 mts)",142,"Grande",-68.8459095525,-32.8938730027,2,"1",0.185148665048544
28050,"Morera","Medio (4 - 8 mts)",72,"Grande",-68.8457499471,-32.893843391,2,"0",0.185148665048544
28054,"Morera","Muy bajo (1 - 2 mts)",8,"Chico",-68.8456721652,-32.8935824358,2,"0",0.185148665048544
28058,"Morera","Alto (> 8 mts)",146,"Grande",-68.8455713597,-32.89318391,2,"1",0.185148665048544
28059,"Morera","Alto (> 8 mts)",122,"Grande",-68.8455347305,-32.8930689821,2,"1",0.185148665048544
28061,"Fresno europeo","Bajo (2 - 4 mts)",46,"Mediano",-68.8501380802,-32.8910583349,5,"0",0.0420032310177706
28064,"Morera","Alto (> 8 mts)",106,"Grande",-68.8501854992,-32.8912215258,5,"0",0.185148665048544
28065,"Morera","Alto (> 8 mts)",98,"Grande",-68.8502031427,-32.8912795257,5,"1",0.185148665048544
28066,"Morera","Alto (> 8 mts)",102,"Grande",-68.8502149671,-32.891334855,5,"0",0.185148665048544
28069,"Morera","Alto (> 8 mts)",108,"Grande",-68.8502906595,-32.8916051411,5,"1",0.185148665048544
28072,"Morera","Alto (> 8 mts)",98,"Grande",-68.8503513992,-32.8918387518,5,"0",0.185148665048544
28073,"Morera","Alto (> 8 mts)",114,"Grande",-68.8503613819,-32.8918797502,5,"1",0.185148665048544
28074,"Morera","Bajo (2 - 4 mts)",32,"Mediano",-68.8502420893,-32.8919519636,5,"0",0.185148665048544
28075,"Morera","Medio (4 - 8 mts)",108,"Grande",-68.8501871357,-32.8919637099,5,"0",0.185148665048544
28077,"Morera","Alto (> 8 mts)",132,"Grande",-68.850010618,-32.8919969709,5,"1",0.185148665048544
28078,"Morera","Alto (> 8 mts)",142,"Grande",-68.8498745379,-32.8920198711,5,"0",0.185148665048544
28080,"Morera","Alto (> 8 mts)",126,"Grande",-68.849698127,-32.8920593336,5,"1",0.185148665048544
28083,"Morera","Alto (> 8 mts)",152,"Grande",-68.8494117244,-32.8921087624,2,"0",0.185148665048544
28085,"Pltano","Alto (> 8 mts)",330,"Grande",-68.8492189008,-32.8920930796,2,"1",0.0903973509933775
28091,"Pltano","Alto (> 8 mts)",162,"Grande",-68.8490508183,-32.8914714627,2,"0",0.0903973509933775
28092,"Pltano","Muy bajo (1 - 2 mts)",8,"Chico",-68.8490286095,-32.8913959643,2,"0",0.0903973509933775
28095,"Pltano","Alto (> 8 mts)",118,"Grande",-68.8491817274,-32.8911633323,5,"1",0.0903973509933775
28099,"Pltano","Alto (> 8 mts)",128,"Grande",-68.8496924631,-32.8910729278,5,"0",0.0903973509933775
28101,"Pltano","Alto (> 8 mts)",132,"Grande",-68.8497761406,-32.8910549612,5,"0",0.0903973509933775
28103,"Pltano","Alto (> 8 mts)",128,"Grande",-68.8500293938,-32.8910086296,5,"0",0.0903973509933775
28104,"Morera","Alto (> 8 mts)",210,"Grande",-68.8477968823,-32.8923963792,2,"0",0.185148665048544
28107,"Morera","Alto (> 8 mts)",132,"Grande",-68.8475289532,-32.8924526403,2,"0",0.185148665048544
28108,"Morera","Alto (> 8 mts)",108,"Grande",-68.8474424653,-32.8924675029,2,"1",0.185148665048544
28109,"Morera","Alto (> 8 mts)",152,"Grande",-68.8473721136,-32.8924834671,2,"1",0.185148665048544
28110,"Morera","Bajo (2 - 4 mts)",22,"Mediano",-68.8473123521,-32.892493944,2,"0",0.185148665048544
28111,"Morera","Alto (> 8 mts)",162,"Grande",-68.8472218003,-32.8925102442,2,"0",0.185148665048544
28112,"Morera","Medio (4 - 8 mts)",28,"Mediano",-68.8470928215,-32.8925344601,2,"0",0.185148665048544
28114,"Morera","Bajo (2 - 4 mts)",22,"Mediano",-68.8468605967,-32.8925801586,2,"0",0.185148665048544
28118,"Morera","Medio (4 - 8 mts)",44,"Mediano",-68.8466386386,-32.8922894275,2,"0",0.185148665048544
28121,"Fresno europeo","Alto (> 8 mts)",108,"Grande",-68.8465353712,-32.8918585539,2,"0",0.0420032310177706
28122,"Fresno americano","Alto (> 8 mts)",102,"Grande",-68.8465167749,-32.8917953261,2,"0",0.0512455516014235
28123,"Fresno americano","Muy bajo (1 - 2 mts)",12,"Chico",-68.8464981416,-32.8917058609,2,"0",0.0512455516014235
28124,"Pltano","Alto (> 8 mts)",98,"Grande",-68.8465275609,-32.8916681405,2,"0",0.0903973509933775
28125,"Pltano","Alto (> 8 mts)",108,"Grande",-68.8465962358,-32.8916536831,2,"0",0.0903973509933775
28126,"Pltano","Alto (> 8 mts)",146,"Grande",-68.8466869943,-32.8916410806,2,"0",0.0903973509933775
28132,"Pltano","Alto (> 8 mts)",164,"Grande",-68.8471922361,-32.8915540925,2,"0",0.0903973509933775
28134,"Pltano","Alto (> 8 mts)",188,"Grande",-68.847321536,-32.8915336819,2,"0",0.0903973509933775
28135,"Pltano","Alto (> 8 mts)",152,"Grande",-68.8473804393,-32.8915216495,2,"0",0.0903973509933775
28138,"Fresno americano","Alto (> 8 mts)",72,"Grande",-68.8475987159,-32.8915321887,2,"0",0.0512455516014235
28140,"Morera","Bajo (2 - 4 mts)",32,"Mediano",-68.8476343295,-32.8916428696,2,"0",0.185148665048544
28141,"Morera","Medio (4 - 8 mts)",52,"Mediano",-68.8476484969,-32.8917065039,2,"0",0.185148665048544
28142,"Morera","Medio (4 - 8 mts)",28,"Mediano",-68.8476639332,-32.8917681506,2,"0",0.185148665048544
28145,"Jacarand","Muy bajo (1 - 2 mts)",5,"Chico",-68.8477524137,-32.8920875472,2,"0",0.103064066852368
28146,"Morera","Medio (4 - 8 mts)",94,"Grande",-68.8477775446,-32.892160512,2,"1",0.185148665048544
28148,"Morera","Bajo (2 - 4 mts)",28,"Mediano",-68.8489601546,-32.8921837164,2,"0",0.185148665048544
28149,"Tipa","Alto (> 8 mts)",182,"Grande",-68.8488995339,-32.892197522,2,"0",0.101123595505618
28150,"Tipa","Alto (> 8 mts)",108,"Grande",-68.8488286517,-32.8922114883,2,"0",0.101123595505618
28152,"Morera","Medio (4 - 8 mts)",62,"Grande",-68.8485887381,-32.8922577064,2,"1",0.185148665048544
28153,"Tipa","Alto (> 8 mts)",162,"Grande",-68.8484709325,-32.8922783161,2,"0",0.101123595505618
28155,"Tipa","Alto (> 8 mts)",88,"Grande",-68.8482598184,-32.8923219788,2,"0",0.101123595505618
28156,"Tipa","Alto (> 8 mts)",172,"Grande",-68.8481876075,-32.8923397384,2,"0",0.101123595505618
28159,"Tipa","Alto (> 8 mts)",286,"Grande",-68.8479394089,-32.8922341193,2,"0",0.101123595505618
28162,"Tipa","Alto (> 8 mts)",226,"Grande",-68.8478882462,-32.8920285616,2,"0",0.101123595505618
28163,"Tipa","Alto (> 8 mts)",300,"Grande",-68.847871672,-32.8919710135,2,"1",0.101123595505618
28164,"Tipa","Alto (> 8 mts)",300,"Grande",-68.8478252476,-32.8918072099,2,"1",0.101123595505618
28166,"Tipa","Alto (> 8 mts)",262,"Grande",-68.8477791129,-32.8915990434,2,"0",0.101123595505618
28167,"Tipa","Alto (> 8 mts)",286,"Grande",-68.8477640461,-32.8915350951,2,"0",0.101123595505618
28171,"Tipa","Alto (> 8 mts)",310,"Grande",-68.8480346911,-32.8913874567,2,"0",0.101123595505618
28172,"Tipa","Alto (> 8 mts)",138,"Grande",-68.8480882514,-32.8913779639,2,"0",0.101123595505618
28173,"Tipa","Alto (> 8 mts)",146,"Grande",-68.8481487658,-32.8913642415,2,"0",0.101123595505618
28174,"Tipa","Alto (> 8 mts)",138,"Grande",-68.8484170103,-32.89130758,2,"0",0.101123595505618
28175,"Tipa","Alto (> 8 mts)",310,"Grande",-68.8484675798,-32.8912970915,2,"0",0.101123595505618
28184,"Tipa","Alto (> 8 mts)",132,"Grande",-68.8489477283,-32.8916344542,2,"0",0.101123595505618
28186,"Tipa","Alto (> 8 mts)",118,"Grande",-68.8489958372,-32.8918144899,2,"0",0.101123595505618
28188,"Tipa","Alto (> 8 mts)",120,"Grande",-68.8490357667,-32.8919651205,2,"0",0.101123595505618
28193,"Fresno americano","Bajo (2 - 4 mts)",22,"Mediano",-68.846895648,-32.8932535448,2,"0",0.0512455516014235
28194,"Fresno europeo","Alto (> 8 mts)",132,"Grande",-68.8469168477,-32.8933388861,2,"0",0.0420032310177706
28200,"Morera","Alto (> 8 mts)",126,"Grande",-68.8473126349,-32.893637469,2,"1",0.185148665048544
28201,"Morera","Alto (> 8 mts)",110,"Grande",-68.8475292271,-32.8936030182,2,"1",0.185148665048544
28203,"Morera","Alto (> 8 mts)",132,"Grande",-68.8476962967,-32.8935666303,2,"1",0.185148665048544
28204,"Morera","Alto (> 8 mts)",98,"Grande",-68.8477309779,-32.8935568738,2,"0",0.185148665048544
28205,"Morera","Alto (> 8 mts)",112,"Grande",-68.847810012,-32.8935421336,2,"1",0.185148665048544
28206,"Morera","Alto (> 8 mts)",110,"Grande",-68.8478954244,-32.8935287338,2,"0",0.185148665048544
28208,"Morera","Alto (> 8 mts)",114,"Grande",-68.8480355753,-32.8934987679,2,"0",0.185148665048544
28210,"Morera","Alto (> 8 mts)",198,"Grande",-68.848088277,-32.8933669145,2,"0",0.185148665048544
28218,"Morera","Alto (> 8 mts)",148,"Grande",-68.8479274089,-32.8927521263,2,"1",0.185148665048544
28221,"Morera","Alto (> 8 mts)",186,"Grande",-68.8477712859,-32.8925405348,2,"1",0.185148665048544
28222,"Morera","Alto (> 8 mts)",168,"Grande",-68.8477052724,-32.8925546056,2,"1",0.185148665048544
28224,"Morera","Alto (> 8 mts)",178,"Grande",-68.8474539912,-32.8926019591,2,"1",0.185148665048544
28227,"Morera","Alto (> 8 mts)",136,"Grande",-68.8472228831,-32.8926458508,2,"1",0.185148665048544
28228,"Morera","Alto (> 8 mts)",182,"Grande",-68.84715254,-32.892656779,2,"1",0.185148665048544
28229,"Morera","Alto (> 8 mts)",124,"Grande",-68.8470786237,-32.8926721599,2,"0",0.185148665048544
28231,"Morera","Alto (> 8 mts)",168,"Grande",-68.8468822479,-32.8927011677,2,"0",0.185148665048544
28232,"Morera","Medio (4 - 8 mts)",172,"Grande",-68.8490603985,-32.8923034676,2,"1",0.185148665048544
28233,"Morera","Medio (4 - 8 mts)",118,"Grande",-68.849002539,-32.8923136959,2,"1",0.185148665048544
28234,"Morera","Medio (4 - 8 mts)",168,"Grande",-68.8488914225,-32.8923301023,2,"0",0.185148665048544
28238,"Morera","Alto (> 8 mts)",186,"Grande",-68.8485214048,-32.8924012228,2,"0",0.185148665048544
28242,"Morera","Alto (> 8 mts)",102,"Grande",-68.8481607027,-32.8924637234,2,"0",0.185148665048544
28243,"Morera","Alto (> 8 mts)",98,"Grande",-68.8480753935,-32.8924786907,2,"1",0.185148665048544
28249,"Morera","Alto (> 8 mts)",172,"Grande",-68.8481285672,-32.8929924911,2,"1",0.185148665048544
28250,"Morera","Alto (> 8 mts)",132,"Grande",-68.8481529272,-32.8930596967,2,"1",0.185148665048544
28251,"Morera","Medio (4 - 8 mts)",42,"Mediano",-68.8481717354,-32.8931173132,2,"1",0.185148665048544
28253,"Morera","Alto (> 8 mts)",122,"Grande",-68.8482019151,-32.893238942,2,"0",0.185148665048544
28255,"Morera","Alto (> 8 mts)",172,"Grande",-68.8482363401,-32.8933442815,2,"0",0.185148665048544
28261,"Morera","Medio (4 - 8 mts)",72,"Grande",-68.848671313,-32.8933781225,2,"1",0.185148665048544
28262,"Morera","Medio (4 - 8 mts)",104,"Grande",-68.8488106714,-32.8933589534,2,"1",0.185148665048544
28265,"Morera","Medio (4 - 8 mts)",98,"Grande",-68.8492451522,-32.8932803095,2,"1",0.185148665048544
28266,"Morera","Medio (4 - 8 mts)",86,"Grande",-68.8493215917,-32.8932669664,2,"0",0.185148665048544
28267,"Morera","Alto (> 8 mts)",98,"Grande",-68.8493615165,-32.8931684597,2,"1",0.185148665048544
28274,"Pltano","Alto (> 8 mts)",168,"Grande",-68.849205956,-32.8926287615,2,"0",0.0903973509933775
28275,"Pltano","Alto (> 8 mts)",182,"Grande",-68.8491835036,-32.8925504306,2,"0",0.0903973509933775
28276,"Morera","Muy bajo (1 - 2 mts)",6,"Chico",-68.8491646659,-32.8924651737,2,"0",0.185148665048544
28277,"Pltano","Alto (> 8 mts)",172,"Grande",-68.8491458667,-32.8923956307,2,"0",0.0903973509933775
28279,"Fresno europeo","Alto (> 8 mts)",92,"Grande",-68.8503992799,-32.8920927254,5,"0",0.0420032310177706
28283,"Morera","Medio (4 - 8 mts)",122,"Grande",-68.8504813991,-32.8923240173,5,"0",0.185148665048544
28286,"Morera","Alto (> 8 mts)",188,"Grande",-68.8505771222,-32.8926647005,5,"1",0.185148665048544
28287,"Morera","Alto (> 8 mts)",158,"Grande",-68.850632606,-32.892895781,5,"0",0.185148665048544
28290,"Paraiso","Bajo (2 - 4 mts)",32,"Mediano",-68.850250102,-32.8930972113,5,"1",0.0859023207481815
28293,"Morera","Alto (> 8 mts)",98,"Grande",-68.8500233381,-32.8931439176,5,"1",0.185148665048544
28294,"Morera","Alto (> 8 mts)",118,"Grande",-68.8499160079,-32.8931593881,2,"1",0.185148665048544
28297,"Morera","Alto (> 8 mts)",114,"Grande",-68.8495652464,-32.8932181176,2,"0",0.185148665048544
28298,"Pltano","Alto (> 8 mts)",126,"Grande",-68.8494742149,-32.8930754507,2,"0",0.0903973509933775
28299,"Pltano","Alto (> 8 mts)",172,"Grande",-68.8494530243,-32.8930054404,2,"1",0.0903973509933775
28300,"Pltano","Alto (> 8 mts)",134,"Grande",-68.849437164,-32.8929282501,2,"0",0.0903973509933775
28302,"Pltano","Alto (> 8 mts)",126,"Grande",-68.8494013779,-32.8927916008,2,"1",0.0903973509933775
28303,"Pltano","Alto (> 8 mts)",110,"Grande",-68.8493817639,-32.8927316381,2,"1",0.0903973509933775
28309,"Pltano","Alto (> 8 mts)",112,"Grande",-68.8492673176,-32.8923088541,2,"1",0.0903973509933775
28311,"Morera","Medio (4 - 8 mts)",56,"Mediano",-68.8494442419,-32.8922297382,2,"0",0.185148665048544
28313,"Morera","Medio (4 - 8 mts)",156,"Grande",-68.8496932219,-32.8921793428,5,"0",0.185148665048544
28317,"Morera","Alto (> 8 mts)",158,"Grande",-68.85000683,-32.8921202204,5,"0",0.185148665048544
28328,"Olmo comun","Alto (> 8 mts)",260,"Grande",-68.8481630465,-32.8886597873,5,"0",0.0227272727272727
28329,"Fresno europeo","Bajo (2 - 4 mts)",16,"Chico",-68.8481834485,-32.8887323495,5,"0",0.0420032310177706
28335,"Morera","Alto (> 8 mts)",194,"Grande",-68.8477593815,-32.8890132385,2,"0",0.185148665048544
28336,"Morera","Alto (> 8 mts)",208,"Grande",-68.8476235047,-32.8890383204,2,"0",0.185148665048544
28338,"Morera","Alto (> 8 mts)",186,"Grande",-68.8473971776,-32.8890811308,2,"0",0.185148665048544
28340,"Morera","Alto (> 8 mts)",220,"Grande",-68.8472259201,-32.8891133971,2,"0",0.185148665048544
28341,"Morera","Alto (> 8 mts)",174,"Grande",-68.8470976223,-32.889042691,2,"1",0.185148665048544
28344,"Morera","Alto (> 8 mts)",180,"Grande",-68.8470226763,-32.8887584889,2,"0",0.185148665048544
28345,"Morera","Medio (4 - 8 mts)",44,"Mediano",-68.8469909546,-32.8886379309,2,"0",0.185148665048544
28347,"Morera","Alto (> 8 mts)",148,"Grande",-68.8469508169,-32.8885006317,2,"1",0.185148665048544
28348,"Morera","Alto (> 8 mts)",160,"Grande",-68.8468956929,-32.8883017412,2,"0",0.185148665048544
28349,"Morera","Medio (4 - 8 mts)",39,"Mediano",-68.8468800807,-32.8882367515,2,"0",0.185148665048544
28354,"Fresno americano","Alto (> 8 mts)",144,"Grande",-68.8474197512,-32.8880733519,2,"0",0.0512455516014235
28362,"Morera","Alto (> 8 mts)",180,"Grande",-68.8493366144,-32.8887096978,5,"0",0.185148665048544
28365,"Morera","Alto (> 8 mts)",220,"Grande",-68.8488927813,-32.8887971602,5,"0",0.185148665048544
28366,"Morera","Alto (> 8 mts)",140,"Grande",-68.8488321614,-32.8888105573,5,"1",0.185148665048544
28370,"Morera","Muy bajo (1 - 2 mts)",13,"Chico",-68.8485887776,-32.8888527605,5,"1",0.185148665048544
28371,"Morera","Alto (> 8 mts)",125,"Grande",-68.8485284511,-32.8888657683,5,"0",0.185148665048544
28375,"Fresno americano","Alto (> 8 mts)",120,"Grande",-68.8483181139,-32.8886607626,5,"0",0.0512455516014235
28378,"Morera","Alto (> 8 mts)",290,"Grande",-68.848233617,-32.888359367,5,"0",0.185148665048544
28386,"Fresno americano","Muy bajo (1 - 2 mts)",12,"Chico",-68.8485782723,-32.8878586244,5,"0",0.0512455516014235
28391,"Fresno americano","Medio (4 - 8 mts)",146,"Grande",-68.8490207517,-32.8877741298,5,"0",0.0512455516014235
28394,"Morera","Alto (> 8 mts)",126,"Grande",-68.849266078,-32.8877901973,5,"0",0.185148665048544
28397,"Morera","Alto (> 8 mts)",200,"Grande",-68.8493144183,-32.8879501715,5,"0",0.185148665048544
28398,"Fresno americano","Alto (> 8 mts)",79,"Grande",-68.8493362018,-32.8880435319,5,"0",0.0512455516014235
28399,"Morera","Alto (> 8 mts)",164,"Grande",-68.8493545243,-32.8881195693,5,"1",0.185148665048544
28400,"Morera","Alto (> 8 mts)",160,"Grande",-68.8493758384,-32.8882005606,5,"1",0.185148665048544
28401,"Olmo bola","Alto (> 8 mts)",370,"Grande",-68.8494112593,-32.8883245552,5,"0",0.0231481481481481
28402,"Morera","Alto (> 8 mts)",194,"Grande",-68.8494589139,-32.8884725676,5,"0",0.185148665048544
28407,"Morera","Alto (> 8 mts)",170,"Grande",-68.8470546773,-32.89031647,2,"1",0.185148665048544
28409,"Morera","Alto (> 8 mts)",150,"Grande",-68.8469311873,-32.8903401434,2,"0",0.185148665048544
28415,"Morera","Alto (> 8 mts)",180,"Grande",-68.8465185542,-32.8904224373,2,"0",0.185148665048544
28416,"Morera","Alto (> 8 mts)",195,"Grande",-68.8464583847,-32.8904341287,2,"0",0.185148665048544
28417,"Morera","Alto (> 8 mts)",162,"Grande",-68.846411588,-32.8904446589,2,"0",0.185148665048544
28420,"Morera","Medio (4 - 8 mts)",25,"Mediano",-68.846255475,-32.8904755538,2,"0",0.185148665048544
28424,"Morera","Medio (4 - 8 mts)",85,"Grande",-68.8461025791,-32.8902793263,2,"0",0.185148665048544
28429,"Pltano","Alto (> 8 mts)",290,"Grande",-68.8460114766,-32.8899392602,2,"0",0.0903973509933775
28430,"Pltano","Alto (> 8 mts)",220,"Grande",-68.8459958387,-32.8898758087,2,"0",0.0903973509933775
28431,"Pltano","Alto (> 8 mts)",210,"Grande",-68.8459806233,-32.8898177265,2,"0",0.0903973509933775
28435,"Morera","Alto (> 8 mts)",170,"Grande",-68.8459861568,-32.8895498227,2,"0",0.185148665048544
28438,"Morera","Alto (> 8 mts)",180,"Grande",-68.8461691124,-32.8895109126,2,"1",0.185148665048544
28439,"Morera","Alto (> 8 mts)",116,"Grande",-68.8462347986,-32.8894983679,2,"0",0.185148665048544
28441,"Morera","Alto (> 8 mts)",153,"Grande",-68.846408237,-32.8894657009,2,"1",0.185148665048544
28446,"Morera","Alto (> 8 mts)",170,"Grande",-68.8467548321,-32.8894010988,2,"1",0.185148665048544
28447,"Morera","Alto (> 8 mts)",160,"Grande",-68.8468279607,-32.8893847776,2,"1",0.185148665048544
28452,"Morera","Medio (4 - 8 mts)",42,"Mediano",-68.8470665649,-32.8895331571,2,"0",0.185148665048544
28455,"Morera","Alto (> 8 mts)",152,"Grande",-68.8471193432,-32.8897121019,2,"1",0.185148665048544
28456,"Morera","Alto (> 8 mts)",150,"Grande",-68.8471360915,-32.8897605,2,"0",0.185148665048544
28457,"Fresno americano","Alto (> 8 mts)",93,"Grande",-68.8471525623,-32.88982357,2,"0",0.0512455516014235
28460,"Fresno europeo","Medio (4 - 8 mts)",13,"Chico",-68.847222891,-32.8900794658,2,"0",0.0420032310177706
28461,"Morera","Alto (> 8 mts)",200,"Grande",-68.8472404884,-32.8901487372,2,"0",0.185148665048544
28463,"Morera","Alto (> 8 mts)",190,"Grande",-68.8484167772,-32.8900655935,2,"1",0.185148665048544
28465,"Morera","Alto (> 8 mts)",68,"Grande",-68.8482285524,-32.8900995492,2,"0",0.185148665048544
28470,"Morera","Alto (> 8 mts)",240,"Grande",-68.8478471034,-32.8901697179,2,"0",0.185148665048544
28472,"Morera","Alto (> 8 mts)",152,"Grande",-68.8476744604,-32.8902035827,2,"0",0.185148665048544
28474,"Morera","Alto (> 8 mts)",220,"Grande",-68.8475811113,-32.8902234351,2,"0",0.185148665048544
28475,"Morera","Muy bajo (1 - 2 mts)",5,"Chico",-68.847533703,-32.8902336413,2,"0",0.185148665048544
28476,"Morera","Alto (> 8 mts)",180,"Grande",-68.8474751133,-32.8902441223,2,"0",0.185148665048544
28477,"Morera","Alto (> 8 mts)",240,"Grande",-68.8474065773,-32.8901789005,2,"1",0.185148665048544
28478,"Morera","Alto (> 8 mts)",110,"Grande",-68.847354351,-32.8899941667,2,"1",0.185148665048544
28481,"Morera","Alto (> 8 mts)",250,"Grande",-68.8472929761,-32.8897461744,2,"0",0.185148665048544
28483,"Morera","Alto (> 8 mts)",290,"Grande",-68.8472577041,-32.8896177313,2,"1",0.185148665048544
28491,"Morera","Alto (> 8 mts)",160,"Grande",-68.8475011201,-32.8892519867,2,"0",0.185148665048544
28492,"Morera","Alto (> 8 mts)",170,"Grande",-68.847689566,-32.8892147195,2,"1",0.185148665048544
28493,"Morera","Alto (> 8 mts)",160,"Grande",-68.8477440655,-32.8892045931,2,"1",0.185148665048544
28495,"Morera","Alto (> 8 mts)",165,"Grande",-68.8478564821,-32.889181349,2,"1",0.185148665048544
28498,"Morera","Alto (> 8 mts)",150,"Grande",-68.8480808619,-32.8891417508,5,"0",0.185148665048544
28500,"Morera","Alto (> 8 mts)",155,"Grande",-68.8482245103,-32.8891142893,5,"0",0.185148665048544
28501,"Perenne","Alto (> 8 mts)",120,"Grande",-68.8482908398,-32.8891471544,5,"0",0.0364741641337386
28503,"Morera","Alto (> 8 mts)",175,"Grande",-68.8483986569,-32.8895867715,5,"1",0.185148665048544
28504,"Morera","Alto (> 8 mts)",155,"Grande",-68.8484106358,-32.8896265488,5,"1",0.185148665048544
28505,"Morera","Alto (> 8 mts)",200,"Grande",-68.8484462514,-32.889756275,5,"1",0.185148665048544
28510,"Morera","Alto (> 8 mts)",210,"Grande",-68.8496133254,-32.8898466584,5,"0",0.185148665048544
28515,"Morera","Alto (> 8 mts)",190,"Grande",-68.8490931009,-32.889940263,5,"0",0.185148665048544
28516,"Morera","Alto (> 8 mts)",200,"Grande",-68.8490006919,-32.8899580942,5,"0",0.185148665048544
28518,"Morera","Alto (> 8 mts)",185,"Grande",-68.8489216859,-32.8899715151,5,"0",0.185148665048544
28522,"Morera","Alto (> 8 mts)",44,"Mediano",-68.8486523864,-32.8899069458,5,"0",0.185148665048544
28531,"Perenne","Medio (4 - 8 mts)",93,"Grande",-68.8484767931,-32.8892755129,5,"0",0.0364741641337386
28532,"Morera","Alto (> 8 mts)",128,"Grande",-68.848443156,-32.8891532181,5,"0",0.185148665048544
28533,"Morera","Alto (> 8 mts)",111,"Grande",-68.8485047497,-32.8890588928,5,"0",0.185148665048544
28534,"Morera","Alto (> 8 mts)",103,"Grande",-68.8485450603,-32.8890515405,5,"0",0.185148665048544
28536,"Morera","Alto (> 8 mts)",120,"Grande",-68.8486409895,-32.8890350989,5,"0",0.185148665048544
28537,"Morera","Alto (> 8 mts)",160,"Grande",-68.8487128317,-32.8890213927,5,"0",0.185148665048544
28543,"Morera","Alto (> 8 mts)",145,"Grande",-68.8491349581,-32.8889315892,5,"1",0.185148665048544
28545,"Morera","Alto (> 8 mts)",146,"Grande",-68.8492538361,-32.8889098214,5,"0",0.185148665048544
28546,"Morera","Alto (> 8 mts)",143,"Grande",-68.849316161,-32.8888987155,5,"0",0.185148665048544
28551,"Morera","Alto (> 8 mts)",180,"Grande",-68.8496106397,-32.8891583668,5,"1",0.185148665048544
28553,"Morera","Alto (> 8 mts)",200,"Grande",-68.8496545482,-32.8893000077,5,"0",0.185148665048544
28555,"Morera","Alto (> 8 mts)",200,"Grande",-68.849702857,-32.8895009979,5,"0",0.185148665048544
28557,"Morera","Alto (> 8 mts)",180,"Grande",-68.8497536527,-32.8896723804,5,"1",0.185148665048544
28560,"Pltano","Alto (> 8 mts)",240,"Grande",-68.8499591748,-32.8908891777,5,"0",0.0903973509933775
28562,"Pltano","Alto (> 8 mts)",190,"Grande",-68.8498081063,-32.89091902,5,"0",0.0903973509933775
28563,"Morera","Alto (> 8 mts)",80,"Grande",-68.8497139687,-32.8909347406,5,"1",0.185148665048544
28566,"Pltano","Alto (> 8 mts)",180,"Grande",-68.8494987601,-32.8909768874,5,"0",0.0903973509933775
28570,"Pltano","Alto (> 8 mts)",190,"Grande",-68.8490375255,-32.8910591608,5,"0",0.0903973509933775
28574,"Morera","Alto (> 8 mts)",36,"Mediano",-68.8488498227,-32.8906562044,5,"0",0.185148665048544
28575,"Morera","Alto (> 8 mts)",250,"Grande",-68.8488316849,-32.8905783269,5,"1",0.185148665048544
28576,"Morera","Bajo (2 - 4 mts)",22,"Mediano",-68.8488117695,-32.8905018952,5,"0",0.185148665048544
28588,"Morera","Alto (> 8 mts)",210,"Grande",-68.8492455113,-32.8900613131,5,"0",0.185148665048544
28589,"Morera","Alto (> 8 mts)",200,"Grande",-68.8493143645,-32.8900471891,5,"0",0.185148665048544
28592,"Morera","Alto (> 8 mts)",180,"Grande",-68.8495449203,-32.8900029871,5,"0",0.185148665048544
28593,"Morera","Alto (> 8 mts)",220,"Grande",-68.849601153,-32.8899906781,5,"1",0.185148665048544
28594,"Morera","Alto (> 8 mts)",165,"Grande",-68.8496617679,-32.889977461,5,"0",0.185148665048544
28596,"Morera","Alto (> 8 mts)",105,"Grande",-68.8498226152,-32.8899929812,5,"0",0.185148665048544
28601,"Morera","Alto (> 8 mts)",185,"Grande",-68.8499195748,-32.8903484813,5,"0",0.185148665048544
28603,"Morera","Alto (> 8 mts)",200,"Grande",-68.8499631823,-32.8905114323,5,"1",0.185148665048544
28604,"Morera","Alto (> 8 mts)",200,"Grande",-68.8499823528,-32.8905769885,5,"0",0.185148665048544
28609,"Morera","Alto (> 8 mts)",107,"Grande",-68.8486633514,-32.8911310008,2,"0",0.185148665048544
28610,"Pltano","Alto (> 8 mts)",130,"Grande",-68.8485939703,-32.8911444918,2,"0",0.0903973509933775
28613,"Pltano","Alto (> 8 mts)",230,"Grande",-68.8483971707,-32.8911792336,2,"0",0.0903973509933775
28617,"Pltano","Alto (> 8 mts)",154,"Grande",-68.8480926683,-32.8912352703,2,"0",0.0903973509933775
28619,"Pltano","Alto (> 8 mts)",200,"Grande",-68.8479310593,-32.8912666015,2,"0",0.0903973509933775
28621,"Pltano","Alto (> 8 mts)",210,"Grande",-68.847796407,-32.8912904786,2,"0",0.0903973509933775
28624,"Morera","Alto (> 8 mts)",180,"Grande",-68.8476586731,-32.8911559634,2,"0",0.185148665048544
28627,"Morera","Alto (> 8 mts)",180,"Grande",-68.8476212894,-32.8910118528,2,"0",0.185148665048544
28628,"Morera","Alto (> 8 mts)",180,"Grande",-68.8476117176,-32.8909576062,2,"0",0.185148665048544
28630,"Morera","Muy bajo (1 - 2 mts)",2,"Chico",-68.8475880903,-32.890880609,2,"0",0.185148665048544
28634,"Acacia SP","Bajo (2 - 4 mts)",20,"Chico",-68.8475147514,-32.8906010169,2,"0",0.150492264416315
28637,"Morera","Medio (4 - 8 mts)",40,"Mediano",-68.8474763734,-32.8904548789,2,"0",0.185148665048544
28639,"Morera","Medio (4 - 8 mts)",55,"Mediano",-68.8475234545,-32.8903774143,2,"0",0.185148665048544
28642,"Morera","Alto (> 8 mts)",78,"Grande",-68.8476654304,-32.8903511398,2,"1",0.185148665048544
28643,"Morera","Alto (> 8 mts)",72,"Grande",-68.8477637231,-32.8903328623,2,"0",0.185148665048544
28645,"Morera","Alto (> 8 mts)",105,"Grande",-68.8480668711,-32.890274043,2,"0",0.185148665048544
28648,"Morera","Alto (> 8 mts)",220,"Grande",-68.8483355138,-32.8902126474,2,"1",0.185148665048544
28649,"Morera","Alto (> 8 mts)",180,"Grande",-68.8484213368,-32.8901940026,2,"0",0.185148665048544
28653,"Morera","Alto (> 8 mts)",138,"Grande",-68.8486063956,-32.890336924,5,"0",0.185148665048544
28657,"Morera","Alto (> 8 mts)",144,"Grande",-68.8487025752,-32.8907292834,2,"0",0.185148665048544
28658,"Morera","Alto (> 8 mts)",180,"Grande",-68.8487164524,-32.8907816785,2,"0",0.185148665048544
28659,"Morera","Alto (> 8 mts)",170,"Grande",-68.8487512855,-32.890883739,2,"1",0.185148665048544
28660,"Morera","Alto (> 8 mts)",116,"Grande",-68.8487715886,-32.8909634685,2,"1",0.185148665048544
28661,"Morera","Alto (> 8 mts)",160,"Grande",-68.8487984725,-32.8910548307,2,"1",0.185148665048544
28666,"Pltano","Alto (> 8 mts)",195,"Grande",-68.8474494348,-32.8913505025,2,"0",0.0903973509933775
28674,"Pltano","Alto (> 8 mts)",109,"Grande",-68.8466825332,-32.8914977874,2,"0",0.0903973509933775
28675,"Pltano","Alto (> 8 mts)",153,"Grande",-68.8466238781,-32.8915097034,2,"0",0.0903973509933775
28678,"Pltano","Alto (> 8 mts)",142,"Grande",-68.8464154233,-32.8914484166,2,"0",0.0903973509933775
28679,"Pltano","Alto (> 8 mts)",110,"Grande",-68.8464059598,-32.8914203624,2,"0",0.0903973509933775
28680,"Pltano","Alto (> 8 mts)",170,"Grande",-68.8463990902,-32.89137563,2,"0",0.0903973509933775
28682,"Pltano","Alto (> 8 mts)",180,"Grande",-68.8463622825,-32.8912400606,2,"0",0.0903973509933775
28683,"Pltano","Alto (> 8 mts)",145,"Grande",-68.8463338846,-32.8911430939,2,"0",0.0903973509933775
28684,"Acer","Medio (4 - 8 mts)",37,"Mediano",-68.8463086622,-32.8910496711,2,"0",0.0204081632653061
28688,"Pltano","Alto (> 8 mts)",126,"Grande",-68.8462528508,-32.8908470592,2,"0",0.0903973509933775
28696,"Fresno europeo","Muy bajo (1 - 2 mts)",10,"Chico",-68.846578714,-32.8905342199,2,"0",0.0420032310177706
28697,"Morera","Alto (> 8 mts)",165,"Grande",-68.8466353716,-32.8905257233,2,"0",0.185148665048544
28702,"Morera","Alto (> 8 mts)",200,"Grande",-68.8471198394,-32.8904425205,2,"1",0.185148665048544
28704,"Morera","Bajo (2 - 4 mts)",20,"Chico",-68.8473125964,-32.8904691963,2,"0",0.185148665048544
28712,"Morera","Alto (> 8 mts)",180,"Grande",-68.8474729344,-32.8910261296,2,"0",0.185148665048544
28714,"Morera","Alto (> 8 mts)",170,"Grande",-68.8475122047,-32.8911605918,2,"1",0.185148665048544
28717,"Fresno americano","Medio (4 - 8 mts)",106,"Grande",-68.8489921297,-32.887651898,5,"0",0.0512455516014235
28722,"Fresno americano","Medio (4 - 8 mts)",122,"Grande",-68.848493339,-32.8877451338,5,"0",0.0512455516014235
28724,"Fresno europeo","Muy bajo (1 - 2 mts)",10,"Chico",-68.8483005414,-32.8877812834,5,"0",0.0420032310177706
28727,"Tipa","Medio (4 - 8 mts)",82,"Grande",-68.8481583366,-32.8878045304,5,"0",0.101123595505618
28730,"Morera","Alto (> 8 mts)",120,"Grande",-68.8480510034,-32.887599945,5,"1",0.185148665048544
28732,"Morera","Alto (> 8 mts)",200,"Grande",-68.8479703365,-32.887327325,1,"0",0.185148665048544
28733,"Morera","Alto (> 8 mts)",250,"Grande",-68.8479517914,-32.8872372298,1,"0",0.185148665048544
28735,"Pltano","Alto (> 8 mts)",300,"Grande",-68.8479155216,-32.8870735286,1,"0",0.0903973509933775
28736,"Pltano","Alto (> 8 mts)",194,"Grande",-68.8479455926,-32.8868863522,1,"0",0.0903973509933775
28744,"Pltano","Alto (> 8 mts)",184,"Grande",-68.8485450057,-32.8867661843,1,"0",0.0903973509933775
28746,"Pltano","Alto (> 8 mts)",176,"Grande",-68.8486907366,-32.8867340467,1,"0",0.0903973509933775
28747,"Pltano","Alto (> 8 mts)",150,"Grande",-68.848755635,-32.8867188605,1,"0",0.0903973509933775
28748,"Pltano","Alto (> 8 mts)",200,"Grande",-68.8488281699,-32.8867026447,5,"0",0.0903973509933775
28758,"Morera","Medio (4 - 8 mts)",50,"Mediano",-68.8491426146,-32.8872802877,5,"0",0.185148665048544
28762,"Morera","Alto (> 8 mts)",170,"Grande",-68.848721702,-32.885651546,1,"1",0.185148665048544
28768,"Morera","Alto (> 8 mts)",140,"Grande",-68.8488462,-32.8861227703,1,"1",0.185148665048544
28770,"Morera","Alto (> 8 mts)",230,"Grande",-68.8489007675,-32.8863075632,1,"0",0.185148665048544
28771,"Morera","Alto (> 8 mts)",185,"Grande",-68.8489117942,-32.8863591533,1,"0",0.185148665048544
28772,"Pltano","Muy bajo (1 - 2 mts)",12,"Chico",-68.8488482638,-32.8865563974,1,"0",0.0903973509933775
28773,"Morera","Alto (> 8 mts)",140,"Grande",-68.8488022198,-32.8865681233,1,"1",0.185148665048544
28776,"Pltano","Alto (> 8 mts)",180,"Grande",-68.8485954268,-32.886608259,1,"0",0.0903973509933775
28777,"Pltano","Alto (> 8 mts)",220,"Grande",-68.8484752203,-32.886631808,1,"0",0.0903973509933775
28781,"Morera","Alto (> 8 mts)",70,"Grande",-68.8480060401,-32.8867278821,1,"0",0.185148665048544
28783,"Morera","Alto (> 8 mts)",155,"Grande",-68.8478065928,-32.8867179012,1,"0",0.185148665048544
28784,"Morera","Alto (> 8 mts)",145,"Grande",-68.8477927568,-32.8866820449,1,"1",0.185148665048544
28785,"Morera","Alto (> 8 mts)",150,"Grande",-68.8477646994,-32.8865908496,1,"0",0.185148665048544
28786,"Morera","Alto (> 8 mts)",140,"Grande",-68.8477515501,-32.8865309613,1,"0",0.185148665048544
28787,"Morera","Alto (> 8 mts)",80,"Grande",-68.8477229485,-32.8864186667,1,"0",0.185148665048544
28788,"Morera","Alto (> 8 mts)",220,"Grande",-68.8476866235,-32.886252079,1,"0",0.185148665048544
28790,"Morera","Alto (> 8 mts)",120,"Grande",-68.8476616964,-32.8861428537,1,"0",0.185148665048544
28794,"Morera","Alto (> 8 mts)",125,"Grande",-68.8476827459,-32.885804468,1,"1",0.185148665048544
28797,"Fresno americano","Medio (4 - 8 mts)",125,"Grande",-68.8479186213,-32.8857594062,1,"0",0.0512455516014235
28800,"Fresno americano","Alto (> 8 mts)",145,"Grande",-68.8481442935,-32.885715768,1,"0",0.0512455516014235
28802,"Morera","Alto (> 8 mts)",122,"Grande",-68.8483108169,-32.8856844406,1,"1",0.185148665048544
28807,"Morera","Alto (> 8 mts)",160,"Grande",-68.8483583295,-32.8855392735,1,"1",0.185148665048544
28811,"Fresno europeo","Alto (> 8 mts)",130,"Grande",-68.8478426309,-32.8856386674,1,"1",0.0420032310177706
28812,"Fresno europeo","Alto (> 8 mts)",120,"Grande",-68.8477817067,-32.8856443641,1,"0",0.0420032310177706
28815,"Morera","Alto (> 8 mts)",130,"Grande",-68.8474869351,-32.885475118,1,"1",0.185148665048544
28818,"Morera","Alto (> 8 mts)",180,"Grande",-68.8473959212,-32.885118623,1,"1",0.185148665048544
28819,"Morera","Alto (> 8 mts)",180,"Grande",-68.8473903024,-32.8850922868,1,"1",0.185148665048544
28825,"Morera","Alto (> 8 mts)",198,"Grande",-68.847683085,-32.8846829381,1,"0",0.185148665048544
28835,"Morera","Alto (> 8 mts)",170,"Grande",-68.8484615538,-32.884751334,1,"0",0.185148665048544
28836,"Morera","Alto (> 8 mts)",160,"Grande",-68.8484715966,-32.8847937275,1,"1",0.185148665048544
28837,"Morera","Alto (> 8 mts)",150,"Grande",-68.8485180426,-32.8849427496,1,"0",0.185148665048544
28839,"Caducifolio","Alto (> 8 mts)",110,"Grande",-68.8485792932,-32.8851847479,1,"0",0.0512249443207127
28842,"Fresno americano","Medio (4 - 8 mts)",60,"Mediano",-68.847163448,-32.8848516005,1,"0",0.0512455516014235
28843,"Fresno americano","Medio (4 - 8 mts)",85,"Grande",-68.8471936059,-32.8849642218,1,"0",0.0512455516014235
28845,"Fresno americano","Alto (> 8 mts)",85,"Grande",-68.8472365173,-32.8851305102,1,"0",0.0512455516014235
28850,"Fresno americano","Alto (> 8 mts)",65,"Grande",-68.8473291647,-32.8854950332,1,"0",0.0512455516014235
28855,"Fresno americano","Alto (> 8 mts)",150,"Grande",-68.8471077854,-32.8857770826,1,"0",0.0512455516014235
28864,"Fresno europeo","Bajo (2 - 4 mts)",20,"Chico",-68.8462671295,-32.8858586471,1,"0",0.0420032310177706
28867,"Morera","Medio (4 - 8 mts)",57,"Mediano",-68.8462131619,-32.8856726518,1,"0",0.185148665048544
28868,"Morera","Alto (> 8 mts)",155,"Grande",-68.8461943765,-32.8855973374,1,"1",0.185148665048544
28878,"Pltano","Alto (> 8 mts)",163,"Grande",-68.8464788912,-32.8848962606,1,"0",0.0903973509933775
28880,"Pltano","Alto (> 8 mts)",200,"Grande",-68.8466481088,-32.8848686059,1,"0",0.0903973509933775
28883,"Pltano","Alto (> 8 mts)",180,"Grande",-68.8469157215,-32.8848167826,1,"0",0.0903973509933775
28891,"Fresno americano","Alto (> 8 mts)",145,"Grande",-68.847841552,-32.8874261904,1,"0",0.0512455516014235
28894,"Fresno americano","Alto (> 8 mts)",80,"Grande",-68.8479233929,-32.8877208628,5,"0",0.0512455516014235
28899,"Fresno americano","Alto (> 8 mts)",240,"Grande",-68.8475798842,-32.8879245877,5,"0",0.0512455516014235
28901,"Paraiso","Muy bajo (1 - 2 mts)",15,"Chico",-68.8473266048,-32.8879687961,2,"0",0.0859023207481815
28905,"Fresno americano","Medio (4 - 8 mts)",120,"Grande",-68.8470518838,-32.8880222275,2,"0",0.0512455516014235
28906,"Eucalyptus","Medio (4 - 8 mts)",90,"Grande",-68.8469342875,-32.8880448062,2,"0",0.0909090909090909
28907,"Morera","Medio (4 - 8 mts)",55,"Mediano",-68.8468262202,-32.8880018517,2,"0",0.185148665048544
28908,"Morera","Alto (> 8 mts)",120,"Grande",-68.8468072986,-32.8879330348,2,"0",0.185148665048544
28910,"Morera","Alto (> 8 mts)",180,"Grande",-68.8467738376,-32.8878181047,1,"1",0.185148665048544
28913,"Morera","Alto (> 8 mts)",200,"Grande",-68.8467271439,-32.8876268888,1,"0",0.185148665048544
28914,"Morera","Alto (> 8 mts)",144,"Grande",-68.8467017351,-32.8875495827,1,"1",0.185148665048544
28919,"Morera","Alto (> 8 mts)",250,"Grande",-68.8466188769,-32.8871778812,1,"0",0.185148665048544
28924,"Morera","Medio (4 - 8 mts)",55,"Mediano",-68.8470003394,-32.8870463534,1,"0",0.185148665048544
28926,"Pltano","Alto (> 8 mts)",185,"Grande",-68.8471376025,-32.887021364,1,"0",0.0903973509933775
28932,"Pltano","Alto (> 8 mts)",220,"Grande",-68.8475990015,-32.8869330203,1,"0",0.0903973509933775
28933,"Pltano","Alto (> 8 mts)",214,"Grande",-68.8476516996,-32.8869218125,1,"0",0.0903973509933775
28937,"Morera","Medio (4 - 8 mts)",47,"Mediano",-68.8459925439,-32.885388708,1,"0",0.185148665048544
28939,"Morera","Alto (> 8 mts)",160,"Grande",-68.8460339229,-32.8855617937,1,"1",0.185148665048544
28940,"Fresno americano","Alto (> 8 mts)",127,"Grande",-68.8460521913,-32.8856270085,1,"0",0.0512455516014235
28941,"Morera","Medio (4 - 8 mts)",26,"Mediano",-68.8460600147,-32.8856760702,1,"0",0.185148665048544
28942,"Morera","Alto (> 8 mts)",160,"Grande",-68.8460800823,-32.8857514764,1,"1",0.185148665048544
28943,"Fresno europeo","Alto (> 8 mts)",150,"Grande",-68.8461009979,-32.8858309412,1,"1",0.0420032310177706
28949,"Fresno americano","Alto (> 8 mts)",180,"Grande",-68.8456354216,-32.8860504705,1,"0",0.0512455516014235
28956,"Fresno americano","Bajo (2 - 4 mts)",82,"Grande",-68.8450788254,-32.886158236,1,"0",0.0512455516014235
28957,"Pltano","Alto (> 8 mts)",180,"Grande",-68.8450016373,-32.886082959,1,"0",0.0903973509933775
28960,"Pltano","Alto (> 8 mts)",220,"Grande",-68.8449264475,-32.8858114565,1,"0",0.0903973509933775
28963,"Pltano","Alto (> 8 mts)",230,"Grande",-68.8448453199,-32.8855244491,1,"0",0.0903973509933775
28964,"Pltano","Alto (> 8 mts)",140,"Grande",-68.8448128923,-32.8854176368,1,"0",0.0903973509933775
28966,"Pltano","Alto (> 8 mts)",148,"Grande",-68.8447712475,-32.8852758391,1,"0",0.0903973509933775
28969,"Caducifolio","Muy bajo (1 - 2 mts)",15,"Chico",-68.8450246108,-32.8851638025,1,"0",0.0512249443207127
28971,"Pltano","Alto (> 8 mts)",222,"Grande",-68.8453311977,-32.8851107117,1,"0",0.0903973509933775
28973,"Pltano","Alto (> 8 mts)",200,"Grande",-68.8455398686,-32.885072287,1,"1",0.0903973509933775
28977,"Morera","Alto (> 8 mts)",140,"Grande",-68.8461967858,-32.8861822681,1,"0",0.185148665048544
28978,"Morera","Alto (> 8 mts)",170,"Grande",-68.846210555,-32.8862538794,1,"0",0.185148665048544
28981,"Morera","Alto (> 8 mts)",155,"Grande",-68.8462749239,-32.8864816358,1,"0",0.185148665048544
28982,"Morera","Alto (> 8 mts)",130,"Grande",-68.8462955196,-32.8865609198,1,"0",0.185148665048544
28986,"Morera","Alto (> 8 mts)",120,"Grande",-68.8463732024,-32.8868767878,1,"1",0.185148665048544
28988,"Pltano","Alto (> 8 mts)",210,"Grande",-68.8463470675,-32.8870267044,1,"0",0.0903973509933775
28993,"Pltano","Alto (> 8 mts)",180,"Grande",-68.8458578996,-32.8871189695,1,"0",0.0903973509933775
28994,"Pltano","Alto (> 8 mts)",220,"Grande",-68.8458148033,-32.8871283039,1,"0",0.0903973509933775
28995,"Pltano","Alto (> 8 mts)",185,"Grande",-68.8457267156,-32.8871440651,1,"0",0.0903973509933775
28996,"Pltano","Alto (> 8 mts)",190,"Grande",-68.8456450382,-32.8871609161,1,"0",0.0903973509933775
28997,"Pltano","Alto (> 8 mts)",200,"Grande",-68.8455269768,-32.8871853117,1,"0",0.0903973509933775
29000,"Pltano","Alto (> 8 mts)",160,"Grande",-68.8452851198,-32.8871506429,1,"0",0.0903973509933775
29003,"Pltano","Alto (> 8 mts)",155,"Grande",-68.8452293576,-32.8869526525,1,"0",0.0903973509933775
29008,"Morera","Alto (> 8 mts)",75,"Grande",-68.8451272155,-32.8865697578,1,"1",0.185148665048544
29017,"Fresno americano","Alto (> 8 mts)",160,"Grande",-68.8455100466,-32.8862084986,1,"0",0.0512455516014235
29018,"Fresno americano","Alto (> 8 mts)",152,"Grande",-68.8455783649,-32.8861951613,1,"0",0.0512455516014235
29019,"Fresno europeo","Muy bajo (1 - 2 mts)",12,"Chico",-68.8456421425,-32.8861805929,1,"0",0.0420032310177706
29027,"Olmo comun","Alto (> 8 mts)",77,"Grande",-68.8447923659,-32.8863447456,1,"0",0.0227272727272727
29028,"Pltano","Alto (> 8 mts)",185,"Grande",-68.8450200726,-32.887274906,1,"0",0.0903973509933775
29029,"Pltano","Alto (> 8 mts)",185,"Grande",-68.8449575119,-32.8872873665,1,"0",0.0903973509933775
29035,"Pltano","Alto (> 8 mts)",178,"Grande",-68.844203288,-32.8874237758,1,"0",0.0903973509933775
29036,"Pltano","Alto (> 8 mts)",190,"Grande",-68.8441129469,-32.8874420118,1,"0",0.0903973509933775
29038,"Morera","Alto (> 8 mts)",135,"Grande",-68.8440247777,-32.8873514171,1,"0",0.185148665048544
29039,"Morera","Alto (> 8 mts)",180,"Grande",-68.8440153322,-32.8873138047,1,"1",0.185148665048544
29040,"Morera","Alto (> 8 mts)",195,"Grande",-68.843991407,-32.887245066,1,"0",0.185148665048544
29041,"Morera","Alto (> 8 mts)",185,"Grande",-68.8439684709,-32.8871608193,1,"1",0.185148665048544
29042,"Morera","Alto (> 8 mts)",180,"Grande",-68.8439557467,-32.8871036362,1,"1",0.185148665048544
29047,"Morera","Alto (> 8 mts)",195,"Grande",-68.8438553,-32.8866711495,1,"1",0.185148665048544
29048,"Morera","Alto (> 8 mts)",185,"Grande",-68.843842346,-32.8866232535,1,"1",0.185148665048544
29049,"Paraiso","Alto (> 8 mts)",70,"Grande",-68.8438352289,-32.8865377642,1,"1",0.0859023207481815
29050,"Olmo comun","Medio (4 - 8 mts)",95,"Grande",-68.8439524257,-32.8864985065,1,"0",0.0227272727272727
29056,"Olmo comun","Alto (> 8 mts)",94,"Grande",-68.8447330305,-32.8863551172,1,"0",0.0227272727272727
29058,"Pltano","Alto (> 8 mts)",220,"Grande",-68.84492347,-32.8863551731,1,"0",0.0903973509933775
29059,"Pltano","Alto (> 8 mts)",170,"Grande",-68.8449401131,-32.8864328295,1,"1",0.0903973509933775
29061,"Pltano","Alto (> 8 mts)",145,"Grande",-68.8449664177,-32.8865470163,1,"0",0.0903973509933775
29062,"Pltano","Alto (> 8 mts)",165,"Grande",-68.8449727667,-32.8865832722,1,"0",0.0903973509933775
29063,"Pltano","Alto (> 8 mts)",185,"Grande",-68.8449750236,-32.8866373765,1,"1",0.0903973509933775
29064,"Pltano","Alto (> 8 mts)",200,"Grande",-68.8449966599,-32.886732081,1,"0",0.0903973509933775
29068,"Pltano","Alto (> 8 mts)",160,"Grande",-68.8450787858,-32.8870100842,1,"0",0.0903973509933775
29069,"Pltano","Alto (> 8 mts)",200,"Grande",-68.8450861069,-32.8870404803,1,"0",0.0903973509933775
29070,"Pltano","Alto (> 8 mts)",165,"Grande",-68.8450978957,-32.8870828744,1,"0",0.0903973509933775
29076,"Fresno europeo","Alto (> 8 mts)",50,"Mediano",-68.8447171851,-32.8862203063,1,"1",0.0420032310177706
29077,"Fresno americano","Alto (> 8 mts)",150,"Grande",-68.8446726462,-32.8862322453,1,"0",0.0512455516014235
29079,"Fresno americano","Alto (> 8 mts)",210,"Grande",-68.8445342055,-32.8862611844,1,"0",0.0512455516014235
29081,"Olmo comun","Medio (4 - 8 mts)",40,"Mediano",-68.844420665,-32.8862791068,1,"0",0.0227272727272727
29083,"Fresno americano","Alto (> 8 mts)",155,"Grande",-68.8442680219,-32.8863077484,1,"0",0.0512455516014235
29084,"Fresno americano","Alto (> 8 mts)",145,"Grande",-68.8442210935,-32.886315257,1,"0",0.0512455516014235
29088,"Fresno americano","Medio (4 - 8 mts)",138,"Grande",-68.8438538465,-32.8863848055,1,"0",0.0512455516014235
29091,"Morera","Alto (> 8 mts)",145,"Grande",-68.8437341509,-32.8862220457,1,"0",0.185148665048544
29092,"Morera","Alto (> 8 mts)",185,"Grande",-68.8437232568,-32.886178163,1,"1",0.185148665048544
29094,"Morera","Alto (> 8 mts)",180,"Grande",-68.843692329,-32.8860601397,1,"1",0.185148665048544
29096,"Morera","Alto (> 8 mts)",185,"Grande",-68.8436605684,-32.8859502739,1,"0",0.185148665048544
29100,"Morera","Alto (> 8 mts)",180,"Grande",-68.8435800349,-32.8856813788,1,"0",0.185148665048544
29102,"Morera","Alto (> 8 mts)",190,"Grande",-68.8435526462,-32.8855771089,1,"1",0.185148665048544
29106,"Pltano","Alto (> 8 mts)",175,"Grande",-68.8438492055,-32.8854188403,1,"1",0.0903973509933775
29109,"Pltano","Alto (> 8 mts)",220,"Grande",-68.8440763597,-32.8853833076,1,"0",0.0903973509933775
29111,"Pltano","Alto (> 8 mts)",190,"Grande",-68.8442741271,-32.8853424261,1,"1",0.0903973509933775
29112,"Pltano","Alto (> 8 mts)",180,"Grande",-68.8443681639,-32.8853259375,1,"1",0.0903973509933775
29113,"Pltano","Alto (> 8 mts)",290,"Grande",-68.8444581779,-32.8853077307,1,"1",0.0903973509933775
29114,"Pltano","Alto (> 8 mts)",190,"Grande",-68.84463816,-32.8853404244,1,"1",0.0903973509933775
29115,"Pltano","Alto (> 8 mts)",160,"Grande",-68.8446453461,-32.8853745074,1,"0",0.0903973509933775
29120,"Pltano","Alto (> 8 mts)",185,"Grande",-68.8447092204,-32.8856074947,1,"0",0.0903973509933775
29122,"Pltano","Alto (> 8 mts)",160,"Grande",-68.8447278534,-32.8856959693,1,"0",0.0903973509933775
29128,"Pltano","Alto (> 8 mts)",180,"Grande",-68.8448266532,-32.8860451415,1,"0",0.0903973509933775
29129,"Pltano","Alto (> 8 mts)",200,"Grande",-68.844836948,-32.8860860911,1,"0",0.0903973509933775
29130,"Pltano","Alto (> 8 mts)",155,"Grande",-68.8448472411,-32.8861280325,1,"0",0.0903973509933775
29131,"Pltano","Alto (> 8 mts)",210,"Grande",-68.844853591,-32.8861637474,1,"0",0.0903973509933775
29134,"Morera","Alto (> 8 mts)",152,"Grande",-68.8459663639,-32.8883516565,2,"1",0.185148665048544
29139,"Morera","Alto (> 8 mts)",150,"Grande",-68.846374267,-32.8882794404,2,"1",0.185148665048544
29141,"Fresno europeo","Medio (4 - 8 mts)",58,"Mediano",-68.846538914,-32.8882486342,2,"0",0.0420032310177706
29142,"Fresno europeo","Bajo (2 - 4 mts)",60,"Mediano",-68.8466146791,-32.8882336247,2,"0",0.0420032310177706
29143,"Paraiso","Medio (4 - 8 mts)",50,"Mediano",-68.8467475513,-32.8882765387,2,"0",0.0859023207481815
29145,"Paraiso","Alto (> 8 mts)",125,"Grande",-68.8467646523,-32.8883569436,2,"1",0.0859023207481815
29147,"Paraiso","Alto (> 8 mts)",180,"Grande",-68.8467810147,-32.8884292803,2,"0",0.0859023207481815
29150,"Paraiso","Alto (> 8 mts)",144,"Grande",-68.8468140238,-32.8885815425,2,"0",0.0859023207481815
29151,"Paraiso","Medio (4 - 8 mts)",65,"Grande",-68.8468246119,-32.88861923,2,"0",0.0859023207481815
29154,"Paraiso","Medio (4 - 8 mts)",121,"Grande",-68.8469160501,-32.8889310532,2,"0",0.0859023207481815
29156,"Morera","Alto (> 8 mts)",180,"Grande",-68.8468368399,-32.8891690785,2,"1",0.185148665048544
29159,"Morera","Alto (> 8 mts)",195,"Grande",-68.8464392371,-32.889240316,2,"1",0.185148665048544
29162,"Morera","Alto (> 8 mts)",140,"Grande",-68.8461557776,-32.889298399,2,"0",0.185148665048544
29166,"Morera","Alto (> 8 mts)",140,"Grande",-68.8459393717,-32.8893433435,2,"1",0.185148665048544
29167,"Pltano","Alto (> 8 mts)",205,"Grande",-68.8458621718,-32.8893012394,2,"0",0.0903973509933775
29170,"Pltano","Alto (> 8 mts)",200,"Grande",-68.8458246881,-32.8891343099,2,"0",0.0903973509933775
29172,"Pltano","Alto (> 8 mts)",185,"Grande",-68.8457835473,-32.8890081125,2,"0",0.0903973509933775
29176,"Pltano","Alto (> 8 mts)",180,"Grande",-68.8457248117,-32.8887978557,2,"0",0.0903973509933775
29177,"Pltano","Alto (> 8 mts)",228,"Grande",-68.8457103725,-32.8887428347,2,"0",0.0903973509933775
29181,"Pltano","Alto (> 8 mts)",250,"Grande",-68.8456335786,-32.8884694372,2,"0",0.0903973509933775
29185,"Acer","Alto (> 8 mts)",155,"Grande",-68.846527841,-32.8874353054,1,"0",0.0204081632653061
29186,"Fresno europeo","Alto (> 8 mts)",220,"Grande",-68.8465637363,-32.8875668161,1,"0",0.0420032310177706
29187,"Fresno americano","Alto (> 8 mts)",142,"Grande",-68.8465950777,-32.8876743362,1,"0",0.0512455516014235
29189,"Morera","Alto (> 8 mts)",180,"Grande",-68.8466214626,-32.8877805329,1,"1",0.185148665048544
29192,"Fresno americano","Alto (> 8 mts)",180,"Grande",-68.8466706726,-32.8879806877,2,"0",0.0512455516014235
29193,"Fresno americano","Alto (> 8 mts)",140,"Grande",-68.8466871185,-32.8880373855,2,"0",0.0512455516014235
29195,"Fresno americano","Alto (> 8 mts)",148,"Grande",-68.8466025671,-32.888103567,2,"0",0.0512455516014235
29202,"Fresno americano","Medio (4 - 8 mts)",140,"Grande",-68.8460736038,-32.8882006442,2,"0",0.0512455516014235
29207,"Fresno europeo","Bajo (2 - 4 mts)",30,"Mediano",-68.8457254042,-32.8882709078,2,"0",0.0420032310177706
29208,"Fresno americano","Alto (> 8 mts)",50,"Mediano",-68.8456829704,-32.8882800058,2,"1",0.0512455516014235
29209,"Fresno americano","Alto (> 8 mts)",140,"Grande",-68.8456419337,-32.8882864086,2,"0",0.0512455516014235
29210,"Pltano","Alto (> 8 mts)",220,"Grande",-68.8455711852,-32.8882340962,2,"0",0.0903973509933775
29214,"Pltano","Alto (> 8 mts)",222,"Grande",-68.8455068219,-32.8879811949,1,"0",0.0903973509933775
29215,"Pltano","Alto (> 8 mts)",222,"Grande",-68.8454845017,-32.8879105648,1,"0",0.0903973509933775
29218,"Pltano","Alto (> 8 mts)",220,"Grande",-68.8454410968,-32.8877348616,1,"0",0.0903973509933775
29220,"Pltano","Alto (> 8 mts)",240,"Grande",-68.8454060758,-32.8875930724,1,"0",0.0903973509933775
29221,"Pltano","Alto (> 8 mts)",220,"Grande",-68.845388152,-32.887514062,1,"1",0.0903973509933775
29222,"Pltano","Alto (> 8 mts)",180,"Grande",-68.8453667676,-32.8874585815,1,"0",0.0903973509933775
29223,"Pltano","Alto (> 8 mts)",240,"Grande",-68.845350623,-32.887401214,1,"1",0.0903973509933775
29224,"Pltano","Alto (> 8 mts)",240,"Grande",-68.8453832901,-32.887351242,1,"0",0.0903973509933775
29225,"Pltano","Alto (> 8 mts)",240,"Grande",-68.8454495717,-32.8873377066,1,"0",0.0903973509933775
29226,"Pltano","Alto (> 8 mts)",275,"Grande",-68.8455173536,-32.8873261188,1,"0",0.0903973509933775
29228,"Pltano","Alto (> 8 mts)",280,"Grande",-68.8457693891,-32.8872745565,1,"0",0.0903973509933775
29234,"Pltano","Alto (> 8 mts)",250,"Grande",-68.8462625185,-32.8871674475,1,"0",0.0903973509933775
29237,"Fresno europeo","Bajo (2 - 4 mts)",30,"Mediano",-68.8441446136,-32.8882471268,2,"0",0.0420032310177706
29238,"Pltano","Alto (> 8 mts)",140,"Grande",-68.8451999844,-32.8874309403,1,"0",0.0903973509933775
29239,"Pltano","Alto (> 8 mts)",140,"Grande",-68.8452150636,-32.8874900577,1,"0",0.0903973509933775
29242,"Pltano","Alto (> 8 mts)",210,"Grande",-68.8452633715,-32.8876735072,1,"0",0.0903973509933775
29243,"Pltano","Alto (> 8 mts)",220,"Grande",-68.8452801554,-32.8877319576,1,"0",0.0903973509933775
29245,"Pltano","Alto (> 8 mts)",260,"Grande",-68.8453152414,-32.887873104,1,"0",0.0903973509933775
29246,"Pltano","Alto (> 8 mts)",290,"Grande",-68.8453335646,-32.8879313877,1,"0",0.0903973509933775
29247,"Pltano","Alto (> 8 mts)",180,"Grande",-68.8453479992,-32.8879888433,1,"0",0.0903973509933775
29250,"Pltano","Alto (> 8 mts)",250,"Grande",-68.8453975865,-32.8881553155,2,"0",0.0903973509933775
29256,"Fresno americano","Medio (4 - 8 mts)",80,"Grande",-68.8452024288,-32.8883650294,2,"0",0.0512455516014235
29257,"Fresno americano","Alto (> 8 mts)",240,"Grande",-68.8451327288,-32.8883766651,2,"0",0.0512455516014235
29258,"Fresno americano","Alto (> 8 mts)",120,"Grande",-68.8450741443,-32.8883876833,2,"0",0.0512455516014235
29260,"Fresno americano","Medio (4 - 8 mts)",140,"Grande",-68.8449744006,-32.8884067658,2,"0",0.0512455516014235
29262,"Fresno americano","Alto (> 8 mts)",155,"Grande",-68.8448653394,-32.8884291187,2,"0",0.0512455516014235
29263,"Morera","Alto (> 8 mts)",150,"Grande",-68.8447790873,-32.8884412386,2,"1",0.185148665048544
29264,"Fresno americano","Medio (4 - 8 mts)",100,"Grande",-68.8447137658,-32.8884545927,2,"0",0.0512455516014235
29269,"Fresno americano","Alto (> 8 mts)",240,"Grande",-68.8444104668,-32.8885152603,2,"0",0.0512455516014235
29271,"Morera","Alto (> 8 mts)",220,"Grande",-68.8442874672,-32.888326834,2,"0",0.185148665048544
29272,"Morera","Alto (> 8 mts)",140,"Grande",-68.8441900235,-32.8879476414,1,"1",0.185148665048544
29273,"Morera","Alto (> 8 mts)",250,"Grande",-68.8441509458,-32.8878129926,1,"0",0.185148665048544
29275,"Morera","Alto (> 8 mts)",200,"Grande",-68.8429245427,-32.8885363346,3,"0",0.185148665048544
29276,"Morera","Alto (> 8 mts)",220,"Grande",-68.8428949109,-32.8884295542,3,"0",0.185148665048544
29281,"Morera","Alto (> 8 mts)",232,"Grande",-68.8427757368,-32.8879878902,3,"0",0.185148665048544
29283,"Morera","Alto (> 8 mts)",220,"Grande",-68.8427601611,-32.8879149265,3,"1",0.185148665048544
29290,"Pltano","Alto (> 8 mts)",220,"Grande",-68.8433424086,-32.8877194463,1,"0",0.0903973509933775
29294,"Pltano","Alto (> 8 mts)",226,"Grande",-68.8436496584,-32.8876595978,1,"0",0.0903973509933775
29296,"Pltano","Alto (> 8 mts)",250,"Grande",-68.8437700435,-32.8876381185,1,"1",0.0903973509933775
29297,"Morera","Muy bajo (1 - 2 mts)",12,"Chico",-68.8438515412,-32.8876797233,1,"0",0.185148665048544
29298,"Morera","Medio (4 - 8 mts)",22,"Mediano",-68.8438627589,-32.887719556,1,"0",0.185148665048544
29300,"Morera","Alto (> 8 mts)",190,"Grande",-68.8439012251,-32.8878454802,1,"0",0.185148665048544
29301,"Morera","Alto (> 8 mts)",204,"Grande",-68.8439129966,-32.8878974324,1,"1",0.185148665048544
29306,"Morera","Alto (> 8 mts)",200,"Grande",-68.8440017595,-32.8882288247,2,"0",0.185148665048544
29313,"Fresno americano","Alto (> 8 mts)",112,"Grande",-68.8437015174,-32.8886357873,2,"0",0.0512455516014235
29314,"Fresno americano","Alto (> 8 mts)",222,"Grande",-68.8436111782,-32.8886521699,2,"0",0.0512455516014235
29317,"Fresno americano","Alto (> 8 mts)",156,"Grande",-68.8434280287,-32.8886856135,2,"0",0.0512455516014235
29323,"Fresno europeo","Medio (4 - 8 mts)",75,"Grande",-68.8425579457,-32.8867580439,1,"1",0.0420032310177706
29324,"Fresno americano","Alto (> 8 mts)",155,"Grande",-68.8426712876,-32.8867387352,1,"0",0.0512455516014235
29328,"Fresno americano","Medio (4 - 8 mts)",110,"Grande",-68.843137494,-32.8866530289,1,"0",0.0512455516014235
29329,"Fresno americano","Medio (4 - 8 mts)",170,"Grande",-68.8432595828,-32.8866276641,1,"0",0.0512455516014235
29331,"Fresno americano","Alto (> 8 mts)",137,"Grande",-68.8433591097,-32.8866094096,1,"0",0.0512455516014235
29332,"Ailanthus","Alto (> 8 mts)",56,"Mediano",-68.8434516342,-32.8865944032,1,"1",0.0380952380952381
29338,"Morera","Alto (> 8 mts)",92,"Grande",-68.8436938063,-32.8871057436,1,"1",0.185148665048544
29344,"Pltano","Alto (> 8 mts)",180,"Grande",-68.8436199195,-32.8875301282,1,"0",0.0903973509933775
29345,"Pltano","Alto (> 8 mts)",250,"Grande",-68.8434458334,-32.8875650114,1,"0",0.0903973509933775
29347,"Pltano","Alto (> 8 mts)",210,"Grande",-68.8432773652,-32.8875974885,1,"0",0.0903973509933775
29351,"Pltano","Alto (> 8 mts)",190,"Grande",-68.8429842626,-32.8876520384,3,"0",0.0903973509933775
29352,"Pltano","Alto (> 8 mts)",195,"Grande",-68.8429091394,-32.8876690393,3,"0",0.0903973509933775
29356,"Morera","Alto (> 8 mts)",89,"Grande",-68.8426723983,-32.8876130505,3,"0",0.185148665048544
29357,"Morera","Alto (> 8 mts)",86,"Grande",-68.8426604418,-32.8875543019,3,"0",0.185148665048544
29360,"Morera","Alto (> 8 mts)",104,"Grande",-68.8426088179,-32.887376243,3,"0",0.185148665048544
29361,"Morera","Alto (> 8 mts)",120,"Grande",-68.84257589,-32.8872537067,1,"1",0.185148665048544
29362,"Morera","Alto (> 8 mts)",128,"Grande",-68.8425640795,-32.8871723142,1,"1",0.185148665048544
29364,"Morera","Alto (> 8 mts)",116,"Grande",-68.8425337136,-32.8870599251,1,"0",0.185148665048544
29367,"Morera","Medio (4 - 8 mts)",100,"Grande",-68.8424686028,-32.8868337889,1,"1",0.185148665048544
29370,"Morera","Alto (> 8 mts)",180,"Grande",-68.8452664011,-32.8907879539,2,"0",0.185148665048544
29371,"Morera","Alto (> 8 mts)",150,"Grande",-68.8453363134,-32.890778212,2,"0",0.185148665048544
29372,"Morera","Alto (> 8 mts)",170,"Grande",-68.8454599731,-32.8907534277,2,"0",0.185148665048544
29375,"Morera","Alto (> 8 mts)",160,"Grande",-68.84591927,-32.8906783722,2,"0",0.185148665048544
29376,"Morera","Alto (> 8 mts)",155,"Grande",-68.8459895081,-32.8906655646,2,"0",0.185148665048544
29390,"Pltano","Alto (> 8 mts)",160,"Grande",-68.8462516607,-32.8915769462,2,"0",0.0903973509933775
29391,"Pltano","Alto (> 8 mts)",160,"Grande",-68.8462079753,-32.8915876686,2,"0",0.0903973509933775
29399,"Pltano","Alto (> 8 mts)",155,"Grande",-68.8453535899,-32.8917463334,2,"0",0.0903973509933775
29400,"Morera","Alto (> 8 mts)",90,"Grande",-68.8453015818,-32.8917559027,2,"0",0.185148665048544
29402,"Morera","Alto (> 8 mts)",84,"Grande",-68.8451867554,-32.8917257974,2,"0",0.185148665048544
29403,"Morera","Alto (> 8 mts)",158,"Grande",-68.8451426773,-32.8915658703,2,"0",0.185148665048544
29405,"Morera","Alto (> 8 mts)",170,"Grande",-68.8451082905,-32.8914275984,2,"0",0.185148665048544
29406,"Morera","Alto (> 8 mts)",180,"Grande",-68.8450776867,-32.8913159735,2,"0",0.185148665048544
29407,"Morera","Bajo (2 - 4 mts)",11,"Chico",-68.8450573836,-32.8912528299,2,"0",0.185148665048544
29408,"Morera","Alto (> 8 mts)",163,"Grande",-68.8450252187,-32.891128216,2,"0",0.185148665048544
29409,"Morera","Bajo (2 - 4 mts)",18,"Chico",-68.8450081945,-32.8910534384,2,"0",0.185148665048544
29410,"Morera","Alto (> 8 mts)",120,"Grande",-68.8449778278,-32.8909371971,2,"1",0.185148665048544
29411,"Morera","Alto (> 8 mts)",120,"Grande",-68.8449695356,-32.890893535,2,"0",0.185148665048544
29414,"Pltano","Alto (> 8 mts)",172,"Grande",-68.8454574414,-32.8918632768,2,"0",0.0903973509933775
29419,"Morera","Medio (4 - 8 mts)",42,"Mediano",-68.8460143296,-32.8917615316,2,"1",0.185148665048544
29420,"Pltano","Alto (> 8 mts)",210,"Grande",-68.8460709832,-32.8917558305,2,"0",0.0903973509933775
29421,"Pltano","Alto (> 8 mts)",252,"Grande",-68.8461524495,-32.8917398807,2,"0",0.0903973509933775
29422,"Pltano","Alto (> 8 mts)",112,"Grande",-68.8462075136,-32.8917262427,2,"0",0.0903973509933775
29423,"Pltano","Alto (> 8 mts)",266,"Grande",-68.8462593631,-32.8917174699,2,"0",0.0903973509933775
29424,"Fresno europeo","Bajo (2 - 4 mts)",6,"Chico",-68.8463457775,-32.8917566662,2,"0",0.0420032310177706
29432,"Morera","Alto (> 8 mts)",176,"Grande",-68.8465563894,-32.8926538885,2,"0",0.185148665048544
29433,"Morera","Alto (> 8 mts)",184,"Grande",-68.8464474268,-32.8926677228,2,"0",0.185148665048544
29436,"Morera","Alto (> 8 mts)",156,"Grande",-68.8461361979,-32.8927156223,2,"1",0.185148665048544
29437,"Morera","Medio (4 - 8 mts)",32,"Mediano",-68.8459966288,-32.8927382912,2,"1",0.185148665048544
29439,"Morera","Alto (> 8 mts)",168,"Grande",-68.8456822222,-32.8927934586,2,"1",0.185148665048544
29441,"Morera","Alto (> 8 mts)",142,"Grande",-68.8454604083,-32.8927773852,2,"0",0.185148665048544
29442,"Morera","Bajo (2 - 4 mts)",18,"Chico",-68.8454521908,-32.8927329515,2,"0",0.185148665048544
29447,"Morera","Alto (> 8 mts)",142,"Grande",-68.8452934052,-32.8921399833,2,"1",0.185148665048544
29448,"Morera","Medio (4 - 8 mts)",44,"Mediano",-68.8452535056,-32.8919966552,2,"0",0.185148665048544
29450,"Morera","Alto (> 8 mts)",240,"Grande",-68.8453639974,-32.8939751924,2,"1",0.185148665048544
29451,"Morera","Alto (> 8 mts)",162,"Grande",-68.8452574591,-32.8939933442,2,"0",0.185148665048544
29452,"Morera","Alto (> 8 mts)",154,"Grande",-68.845154602,-32.894013119,2,"1",0.185148665048544
29453,"Morera","Alto (> 8 mts)",186,"Grande",-68.8450484873,-32.8940408056,2,"0",0.185148665048544
29454,"Morera","Alto (> 8 mts)",194,"Grande",-68.8447860985,-32.8940829913,2,"1",0.185148665048544
29456,"Morera","Muy bajo (1 - 2 mts)",12,"Chico",-68.8446063733,-32.8941207437,2,"0",0.185148665048544
29457,"Morera","Alto (> 8 mts)",200,"Grande",-68.8445163306,-32.894141698,2,"1",0.185148665048544
29464,"Morera","Medio (4 - 8 mts)",55,"Mediano",-68.8442972584,-32.8937943366,2,"1",0.185148665048544
29467,"Morera","Alto (> 8 mts)",180,"Grande",-68.8442454633,-32.8935819293,2,"0",0.185148665048544
29468,"Morera","Alto (> 8 mts)",170,"Grande",-68.8442131097,-32.8934682065,2,"0",0.185148665048544
29471,"Morera","Alto (> 8 mts)",84,"Grande",-68.8443075474,-32.8931870723,2,"0",0.185148665048544
29477,"Morera","Alto (> 8 mts)",218,"Grande",-68.8451442899,-32.8930348174,2,"0",0.185148665048544
29478,"Morera","Muy bajo (1 - 2 mts)",12,"Chico",-68.8452721136,-32.8930720424,2,"0",0.185148665048544
29480,"Morera","Alto (> 8 mts)",190,"Grande",-68.84534936,-32.8933917036,2,"0",0.185148665048544
29485,"Morera","Alto (> 8 mts)",92,"Grande",-68.8439816554,-32.8925922082,2,"0",0.185148665048544
29486,"Morera","Alto (> 8 mts)",184,"Grande",-68.8439606919,-32.8925061436,2,"0",0.185148665048544
29492,"Pltano","Alto (> 8 mts)",168,"Grande",-68.8442370128,-32.8920988803,2,"0",0.0903973509933775
29493,"Pltano","Alto (> 8 mts)",162,"Grande",-68.8443048016,-32.8920860769,2,"0",0.0903973509933775
29494,"Pltano","Alto (> 8 mts)",172,"Grande",-68.844421576,-32.8920651434,2,"0",0.0903973509933775
29497,"Pltano","Alto (> 8 mts)",172,"Grande",-68.8446586502,-32.892023991,2,"0",0.0903973509933775
29501,"Morera","Medio (4 - 8 mts)",118,"Grande",-68.8449846702,-32.8920220205,2,"0",0.185148665048544
29502,"Morera","Alto (> 8 mts)",118,"Grande",-68.8450005581,-32.8921043646,2,"1",0.185148665048544
29503,"Morera","Alto (> 8 mts)",116,"Grande",-68.8450472961,-32.8922693418,2,"1",0.185148665048544
29505,"Morera","Alto (> 8 mts)",98,"Grande",-68.8451521356,-32.8926343185,2,"0",0.185148665048544
29507,"Morera","Alto (> 8 mts)",92,"Grande",-68.8451869478,-32.8927605803,2,"0",0.185148665048544
29508,"Morera","Alto (> 8 mts)",148,"Grande",-68.8448546348,-32.8929579274,2,"1",0.185148665048544
29509,"Morera","Alto (> 8 mts)",138,"Grande",-68.8449677005,-32.8929351196,2,"0",0.185148665048544
29511,"Morera","Alto (> 8 mts)",136,"Grande",-68.8450147443,-32.8929252854,2,"1",0.185148665048544
29513,"Morera","Alto (> 8 mts)",168,"Grande",-68.8446613818,-32.892996618,2,"0",0.185148665048544
29515,"Morera","Alto (> 8 mts)",198,"Grande",-68.8444407241,-32.8930336737,2,"1",0.185148665048544
29516,"Morera","Alto (> 8 mts)",182,"Grande",-68.8443675376,-32.8930450386,2,"0",0.185148665048544
29517,"Morera","Alto (> 8 mts)",64,"Grande",-68.8442290447,-32.8930701992,2,"1",0.185148665048544
29519,"Morera","Alto (> 8 mts)",118,"Grande",-68.8440995168,-32.893035439,2,"0",0.185148665048544
29520,"Morera","Alto (> 8 mts)",114,"Grande",-68.8440690613,-32.8929310492,2,"0",0.185148665048544
29521,"Morera","Alto (> 8 mts)",98,"Grande",-68.8440524391,-32.8928522207,2,"1",0.185148665048544
29527,"Caducifolio","Alto (> 8 mts)",88,"Grande",-68.8437703411,-32.8923944406,2,"0",0.0512249443207127
29532,"Morera","Alto (> 8 mts)",166,"Grande",-68.8438822482,-32.8928163013,2,"1",0.185148665048544
29537,"Morera","Alto (> 8 mts)",206,"Grande",-68.8437495958,-32.8931547153,2,"0",0.185148665048544
29539,"Jacarand","Muy bajo (1 - 2 mts)",8,"Chico",-68.8434265848,-32.8932081458,2,"0",0.103064066852368
29540,"Morera","Alto (> 8 mts)",198,"Grande",-68.8433261925,-32.8932293207,2,"0",0.185148665048544
29542,"Morera","Alto (> 8 mts)",198,"Grande",-68.8430846756,-32.8932802799,2,"0",0.185148665048544
29543,"Morera","Alto (> 8 mts)",188,"Grande",-68.8429078243,-32.8933197575,2,"1",0.185148665048544
29547,"Pltano","Alto (> 8 mts)",176,"Grande",-68.8427064776,-32.8927701942,2,"0",0.0903973509933775
29548,"Acer","Medio (4 - 8 mts)",38,"Mediano",-68.8426860822,-32.8926995662,2,"0",0.0204081632653061
29549,"Pltano","Alto (> 8 mts)",138,"Grande",-68.842672414,-32.892632373,2,"0",0.0903973509933775
29550,"Pltano","Alto (> 8 mts)",142,"Grande",-68.8426539293,-32.8925691412,2,"0",0.0903973509933775
29551,"Pltano","Alto (> 8 mts)",98,"Grande",-68.8426339462,-32.8925071699,2,"0",0.0903973509933775
29552,"Pltano","Alto (> 8 mts)",98,"Grande",-68.8426203733,-32.8924465591,2,"0",0.0903973509933775
29555,"Pltano","Alto (> 8 mts)",108,"Grande",-68.8428056552,-32.8923546213,2,"0",0.0903973509933775
29556,"Pltano","Alto (> 8 mts)",122,"Grande",-68.8429114328,-32.8923318621,2,"0",0.0903973509933775
29566,"Morera","Alto (> 8 mts)",185,"Grande",-68.8447817136,-32.8912169686,2,"1",0.185148665048544
29568,"Morera","Alto (> 8 mts)",180,"Grande",-68.8448171338,-32.8913224609,2,"0",0.185148665048544
29570,"Morera","Alto (> 8 mts)",180,"Grande",-68.8448462211,-32.8914350281,2,"1",0.185148665048544
29574,"Pltano","Medio (4 - 8 mts)",145,"Grande",-68.8448459571,-32.8918354797,2,"0",0.0903973509933775
29577,"Pltano","Alto (> 8 mts)",143,"Grande",-68.8446204928,-32.891882387,2,"0",0.0903973509933775
29580,"Morera","Alto (> 8 mts)",71,"Grande",-68.8443123855,-32.8919333281,2,"0",0.185148665048544
29581,"Pltano","Alto (> 8 mts)",114,"Grande",-68.8442537776,-32.8919453703,2,"0",0.0903973509933775
29584,"Morera","Alto (> 8 mts)",82,"Grande",-68.8440042453,-32.8919942014,2,"0",0.185148665048544
29586,"Pltano","Alto (> 8 mts)",160,"Grande",-68.8438733877,-32.8920183838,2,"0",0.0903973509933775
29587,"Morera","Bajo (2 - 4 mts)",12,"Chico",-68.8438171978,-32.8920032553,2,"0",0.185148665048544
29593,"Morera","Alto (> 8 mts)",180,"Grande",-68.8437174112,-32.8916358313,2,"0",0.185148665048544
29597,"Olmo comun","Alto (> 8 mts)",95,"Grande",-68.8437350145,-32.8910678148,2,"0",0.0227272727272727
29601,"Morera","Alto (> 8 mts)",107,"Grande",-68.8440834055,-32.8910058282,2,"0",0.185148665048544
29602,"Fresno europeo","Bajo (2 - 4 mts)",15,"Chico",-68.8442147923,-32.8909795021,2,"0",0.0420032310177706
29605,"Olmo comun","Alto (> 8 mts)",116,"Grande",-68.8444552931,-32.8909336132,2,"0",0.0227272727272727
29609,"Morera","Alto (> 8 mts)",138,"Grande",-68.843938877,-32.8932518888,2,"1",0.185148665048544
29611,"Morera","Bajo (2 - 4 mts)",12,"Chico",-68.8440390841,-32.8933986288,2,"0",0.185148665048544
29616,"Morera","Medio (4 - 8 mts)",32,"Mediano",-68.8441555056,-32.8938451272,2,"1",0.185148665048544
29619,"Morera","Alto (> 8 mts)",178,"Grande",-68.8442326087,-32.8941250938,2,"0",0.185148665048544
29620,"Morera","Alto (> 8 mts)",98,"Grande",-68.844175638,-32.8942121027,2,"1",0.185148665048544
29623,"Morera","Alto (> 8 mts)",108,"Grande",-68.8438631194,-32.8942755598,2,"1",0.185148665048544
29624,"Morera","Bajo (2 - 4 mts)",8,"Chico",-68.8438087766,-32.8942832636,2,"0",0.185148665048544
29627,"Morera","Alto (> 8 mts)",172,"Grande",-68.8435079541,-32.8943437489,2,"0",0.185148665048544
29629,"Morera","Alto (> 8 mts)",110,"Grande",-68.8433177512,-32.8943817424,2,"1",0.185148665048544
29634,"Pltano","Alto (> 8 mts)",176,"Grande",-68.8430287168,-32.8940385571,2,"0",0.0903973509933775
29641,"Morera","Alto (> 8 mts)",148,"Grande",-68.8430054514,-32.8934133855,2,"0",0.185148665048544
29642,"Morera","Medio (4 - 8 mts)",42,"Mediano",-68.8431766194,-32.893379859,2,"0",0.185148665048544
29643,"Morera","Alto (> 8 mts)",174,"Grande",-68.8432370452,-32.8933696735,2,"0",0.185148665048544
29644,"Morera","Alto (> 8 mts)",124,"Grande",-68.8433418661,-32.893350662,2,"0",0.185148665048544
29648,"Morera","Bajo (2 - 4 mts)",10,"Chico",-68.8435931127,-32.8933084004,2,"0",0.185148665048544
29649,"Morera","Alto (> 8 mts)",96,"Grande",-68.843664241,-32.8932915809,2,"0",0.185148665048544
29652,"Morera","Alto (> 8 mts)",176,"Grande",-68.840924826,-32.8938014588,2,"1",0.185148665048544
29653,"Morera","Alto (> 8 mts)",182,"Grande",-68.8410985581,-32.8937699401,2,"0",0.185148665048544
29654,"Morera","Alto (> 8 mts)",188,"Grande",-68.8411759704,-32.8937513735,2,"1",0.185148665048544
29656,"Morera","Alto (> 8 mts)",172,"Grande",-68.8413286327,-32.8937281233,2,"0",0.185148665048544
29657,"Perenne","Alto (> 8 mts)",124,"Grande",-68.8415277173,-32.8938638097,2,"0",0.0364741641337386
29661,"Fresno europeo","Alto (> 8 mts)",68,"Grande",-68.8416633273,-32.8944029438,2,"0",0.0420032310177706
29663,"Acacia SP","Alto (> 8 mts)",138,"Grande",-68.8417117528,-32.8945891826,2,"1",0.150492264416315
29665,"Morera","Muy bajo (1 - 2 mts)",8,"Chico",-68.8414256873,-32.8947087162,2,"0",0.185148665048544
29666,"Morera","Medio (4 - 8 mts)",108,"Grande",-68.8413542277,-32.8947186632,2,"0",0.185148665048544
29671,"Morera","Medio (4 - 8 mts)",96,"Grande",-68.8409310151,-32.8948038493,2,"0",0.185148665048544
29674,"Morera","Medio (4 - 8 mts)",86,"Grande",-68.8407856444,-32.8948324553,2,"1",0.185148665048544
29676,"Morera","Alto (> 8 mts)",102,"Grande",-68.8406856932,-32.8948512139,2,"1",0.185148665048544
29677,"Pltano","Alto (> 8 mts)",112,"Grande",-68.8405862915,-32.8947863053,2,"0",0.0903973509933775
29681,"Pltano","Alto (> 8 mts)",116,"Grande",-68.8404962275,-32.8944687953,2,"0",0.0903973509933775
29682,"Pltano","Alto (> 8 mts)",112,"Grande",-68.8404768905,-32.8943802904,2,"0",0.0903973509933775
29684,"Pltano","Alto (> 8 mts)",104,"Grande",-68.840438309,-32.89420835,2,"0",0.0903973509933775
29685,"Pltano","Alto (> 8 mts)",108,"Grande",-68.8404070772,-32.8941189156,2,"0",0.0903973509933775
29689,"Acacia SP","Alto (> 8 mts)",198,"Grande",-68.8418279768,-32.8944669612,2,"1",0.150492264416315
29691,"Acacia SP","Medio (4 - 8 mts)",98,"Grande",-68.8417928617,-32.8942951537,2,"1",0.150492264416315
29692,"Fresno americano","Alto (> 8 mts)",108,"Grande",-68.8417764051,-32.8942335474,2,"0",0.0512455516014235
29694,"Acacia SP","Alto (> 8 mts)",188,"Grande",-68.8417478027,-32.8941269882,2,"0",0.150492264416315
29697,"Paraiso","Alto (> 8 mts)",102,"Grande",-68.8416821355,-32.8938893221,2,"0",0.0859023207481815
29699,"Acacia SP","Alto (> 8 mts)",188,"Grande",-68.8416451528,-32.8937498576,2,"0",0.150492264416315
29701,"Fresno americano","Alto (> 8 mts)",48,"Mediano",-68.8418302687,-32.8936337206,2,"0",0.0512455516014235
29702,"Morera","Bajo (2 - 4 mts)",42,"Mediano",-68.8419091805,-32.8936198216,2,"1",0.185148665048544
29703,"Morera","Medio (4 - 8 mts)",38,"Mediano",-68.8420979763,-32.8935846462,2,"0",0.185148665048544
29705,"Morera","Bajo (2 - 4 mts)",32,"Mediano",-68.8424684438,-32.8935191836,2,"0",0.185148665048544
29706,"Morera","Alto (> 8 mts)",104,"Grande",-68.8424089828,-32.8935276009,2,"0",0.185148665048544
29707,"Morera","Alto (> 8 mts)",142,"Grande",-68.8425525169,-32.893502656,2,"0",0.185148665048544
29710,"Morera","Medio (4 - 8 mts)",46,"Mediano",-68.8427771245,-32.8936163398,2,"0",0.185148665048544
29718,"Morera","Alto (> 8 mts)",88,"Grande",-68.8429752105,-32.8943791262,2,"1",0.185148665048544
29719,"Morera","Alto (> 8 mts)",98,"Grande",-68.8429171857,-32.8944346056,2,"0",0.185148665048544
29721,"Morera","Alto (> 8 mts)",122,"Grande",-68.8426709893,-32.8944832128,2,"1",0.185148665048544
29723,"Morera","Medio (4 - 8 mts)",104,"Grande",-68.8425201111,-32.8945082278,2,"1",0.185148665048544
29727,"Morera","Alto (> 8 mts)",112,"Grande",-68.8419280259,-32.8946165971,2,"1",0.185148665048544
29729,"Pltano","Alto (> 8 mts)",168,"Grande",-68.8402851039,-32.8935972219,2,"0",0.0903973509933775
29732,"Ligustro","Alto (> 8 mts)",56,"Mediano",-68.8412750798,-32.892889599,2,"0",0.0138888888888889
29735,"Ligustro","Medio (4 - 8 mts)",52,"Mediano",-68.8412282463,-32.8927189667,2,"0",0.0138888888888889
29739,"Pltano","Alto (> 8 mts)",238,"Grande",-68.8409727775,-32.8926853165,2,"0",0.0903973509933775
29740,"Pltano","Alto (> 8 mts)",228,"Grande",-68.8408455388,-32.8927137607,2,"0",0.0903973509933775
29741,"Pltano","Alto (> 8 mts)",210,"Grande",-68.8407596134,-32.8927275969,2,"0",0.0903973509933775
29742,"Pltano","Alto (> 8 mts)",212,"Grande",-68.8406961053,-32.892740861,2,"0",0.0903973509933775
29750,"Pltano","Alto (> 8 mts)",188,"Grande",-68.8400963099,-32.8929063917,2,"0",0.0903973509933775
29751,"Pltano","Alto (> 8 mts)",146,"Grande",-68.8401244836,-32.8930218,2,"0",0.0903973509933775
29752,"Pltano","Alto (> 8 mts)",232,"Grande",-68.840152817,-32.8931054365,2,"0",0.0903973509933775
29753,"Pltano","Alto (> 8 mts)",162,"Grande",-68.840172781,-32.8931777921,2,"0",0.0903973509933775
29756,"Pltano","Alto (> 8 mts)",170,"Grande",-68.840302614,-32.893662505,2,"0",0.0903973509933775
29758,"Morera","Medio (4 - 8 mts)",136,"Grande",-68.840435678,-32.8937872246,2,"0",0.185148665048544
29762,"Morera","Alto (> 8 mts)",152,"Grande",-68.8409217371,-32.8936909598,2,"0",0.185148665048544
29763,"Morera","Alto (> 8 mts)",68,"Grande",-68.8410033515,-32.8936749585,2,"1",0.185148665048544
29765,"Morera","Medio (4 - 8 mts)",64,"Grande",-68.8410876444,-32.8936570346,2,"1",0.185148665048544
29767,"Morera","Alto (> 8 mts)",132,"Grande",-68.8413166913,-32.8936171848,2,"0",0.185148665048544
29769,"Ligustro","Medio (4 - 8 mts)",52,"Mediano",-68.8414455011,-32.8935102147,2,"1",0.0138888888888889
29774,"Morera","Alto (> 8 mts)",108,"Grande",-68.8413322592,-32.8931122576,2,"0",0.185148665048544
29775,"Morera","Alto (> 8 mts)",54,"Mediano",-68.8425507647,-32.8912860905,2,"0",0.185148665048544
29776,"Morera","Alto (> 8 mts)",200,"Grande",-68.8426571941,-32.8912663376,2,"1",0.185148665048544
29777,"Morera","Alto (> 8 mts)",210,"Grande",-68.8427332035,-32.8912540341,2,"0",0.185148665048544
29778,"Morera","Alto (> 8 mts)",195,"Grande",-68.8427926484,-32.8912411542,2,"0",0.185148665048544
29783,"Morera","Alto (> 8 mts)",165,"Grande",-68.8431523281,-32.8911734668,2,"0",0.185148665048544
29785,"Morera","Bajo (2 - 4 mts)",17,"Chico",-68.8432733112,-32.8911526407,2,"0",0.185148665048544
29787,"Morera","Alto (> 8 mts)",190,"Grande",-68.8433646934,-32.8911389936,2,"1",0.185148665048544
29788,"Morera","Bajo (2 - 4 mts)",14,"Chico",-68.8434680806,-32.8911916772,2,"1",0.185148665048544
29789,"Morera","Alto (> 8 mts)",135,"Grande",-68.8434793277,-32.8912368777,2,"0",0.185148665048544
29796,"Morera","Muy bajo (1 - 2 mts)",13,"Chico",-68.8436201941,-32.891778488,2,"0",0.185148665048544
29797,"Morera","Medio (4 - 8 mts)",175,"Grande",-68.8436349542,-32.8918468889,2,"0",0.185148665048544
29799,"Pltano","Alto (> 8 mts)",150,"Grande",-68.8436478936,-32.8920579721,2,"0",0.0903973509933775
29800,"Pltano","Alto (> 8 mts)",135,"Grande",-68.8435928173,-32.89207336,2,"0",0.0903973509933775
29802,"Pltano","Alto (> 8 mts)",151,"Grande",-68.8433780555,-32.8921201947,2,"0",0.0903973509933775
29805,"Pltano","Alto (> 8 mts)",175,"Grande",-68.8431922444,-32.8921552198,2,"0",0.0903973509933775
29813,"Pltano","Medio (4 - 8 mts)",118,"Grande",-68.842573635,-32.8922244147,2,"0",0.0903973509933775
29815,"Pltano","Alto (> 8 mts)",120,"Grande",-68.8425343227,-32.8920928977,2,"0",0.0903973509933775
29816,"Pltano","Alto (> 8 mts)",114,"Grande",-68.8425203254,-32.8920305732,2,"0",0.0903973509933775
29819,"Pltano","Alto (> 8 mts)",165,"Grande",-68.8424737996,-32.8918692021,2,"0",0.0903973509933775
29823,"Pltano","Alto (> 8 mts)",195,"Grande",-68.8423962168,-32.8915626194,2,"0",0.0903973509933775
29825,"Pltano","Alto (> 8 mts)",170,"Grande",-68.8423621604,-32.8914211913,2,"0",0.0903973509933775
29826,"Pltano","Alto (> 8 mts)",170,"Grande",-68.8423422535,-32.8913520462,2,"0",0.0903973509933775
29827,"Morera","Alto (> 8 mts)",180,"Grande",-68.8423773556,-32.8913151211,2,"0",0.185148665048544
29832,"Olmo comun","Alto (> 8 mts)",112,"Grande",-68.8422119941,-32.8924637014,2,"0",0.0227272727272727
29834,"Ligustro","Alto (> 8 mts)",68,"Grande",-68.8425364436,-32.8927511674,2,"0",0.0138888888888889
29835,"Ligustro","Alto (> 8 mts)",72,"Grande",-68.8425603861,-32.8928260054,2,"0",0.0138888888888889
29839,"Ligustro","Alto (> 8 mts)",84,"Grande",-68.8426541107,-32.893205371,2,"0",0.0138888888888889
29841,"Morera","Medio (4 - 8 mts)",54,"Mediano",-68.8425052073,-32.8933869681,2,"0",0.185148665048544
29843,"Morera","Medio (4 - 8 mts)",62,"Grande",-68.8421944088,-32.8934475306,2,"0",0.185148665048544
29846,"Morera","Alto (> 8 mts)",96,"Grande",-68.8417174714,-32.8935370969,2,"0",0.185148665048544
29851,"Pltano","Alto (> 8 mts)",260,"Grande",-68.8414037305,-32.8924754217,2,"0",0.0903973509933775
29857,"Pltano","Alto (> 8 mts)",220,"Grande",-68.8419000183,-32.8923825249,2,"0",0.0903973509933775
29860,"Pltano","Alto (> 8 mts)",133,"Grande",-68.8421056672,-32.8923470913,2,"0",0.0903973509933775
29861,"Pltano","Alto (> 8 mts)",180,"Grande",-68.8421648134,-32.8923355549,2,"0",0.0903973509933775
29864,"Perenne","Alto (> 8 mts)",170,"Grande",-68.8423334511,-32.8923037305,2,"0",0.0364741641337386
29866,"Morera","Alto (> 8 mts)",102,"Grande",-68.8424132998,-32.8922265842,2,"1",0.185148665048544
29867,"Morera","Alto (> 8 mts)",90,"Grande",-68.8424014173,-32.8921783413,2,"0",0.185148665048544
29870,"Pltano","Alto (> 8 mts)",170,"Grande",-68.8423507122,-32.8919769018,2,"0",0.0903973509933775
29874,"Pltano","Alto (> 8 mts)",200,"Grande",-68.8422566159,-32.8915831282,2,"0",0.0903973509933775
29881,"Morera","Bajo (2 - 4 mts)",22,"Mediano",-68.8418677106,-32.89141888,2,"0",0.185148665048544
29886,"Fresno europeo","Bajo (2 - 4 mts)",12,"Chico",-68.8412990235,-32.8915125405,2,"0",0.0420032310177706
29891,"Acacia SP","Alto (> 8 mts)",133,"Grande",-68.8411495246,-32.8918613954,2,"0",0.150492264416315
29892,"Acacia SP","Muy bajo (1 - 2 mts)",6,"Chico",-68.8411683967,-32.8919463587,2,"0",0.150492264416315
29893,"Morera","Alto (> 8 mts)",147,"Grande",-68.8411864403,-32.8920165332,2,"0",0.185148665048544
29896,"Perenne","Alto (> 8 mts)",180,"Grande",-68.8412812863,-32.8923200772,2,"0",0.0364741641337386
29898,"Fresno europeo","Alto (> 8 mts)",170,"Grande",-68.8411293342,-32.8923048395,2,"0",0.0420032310177706
29902,"Acacia SP","Medio (4 - 8 mts)",160,"Grande",-68.8409579734,-32.8916395162,2,"0",0.150492264416315
29905,"Fresno europeo","Muy bajo (1 - 2 mts)",8,"Chico",-68.8405476597,-32.8916549951,2,"0",0.0420032310177706
29914,"Pltano","Alto (> 8 mts)",210,"Grande",-68.8399555379,-32.8923350958,2,"0",0.0903973509933775
29917,"Pltano","Medio (4 - 8 mts)",180,"Grande",-68.8400331151,-32.8926077754,2,"0",0.0903973509933775
29918,"Pltano","Alto (> 8 mts)",170,"Grande",-68.8400578537,-32.8926856825,2,"0",0.0903973509933775
29920,"Pltano","Alto (> 8 mts)",165,"Grande",-68.8401800344,-32.8927142825,2,"0",0.0903973509933775
29923,"Pltano","Alto (> 8 mts)",180,"Grande",-68.8404848029,-32.892653656,2,"0",0.0903973509933775
29928,"Pltano","Alto (> 8 mts)",123,"Grande",-68.8408574237,-32.892585082,2,"1",0.0903973509933775
29929,"Pltano","Alto (> 8 mts)",190,"Grande",-68.8409211409,-32.8925743428,2,"0",0.0903973509933775
29930,"Pltano","Alto (> 8 mts)",147,"Grande",-68.8409861384,-32.8925648675,2,"0",0.0903973509933775
29934,"Fresno europeo","Medio (4 - 8 mts)",135,"Grande",-68.8433403125,-32.8864813305,1,"1",0.0420032310177706
29935,"Fresno americano","Bajo (2 - 4 mts)",135,"Grande",-68.8432805534,-32.8864924366,1,"1",0.0512455516014235
29937,"Fresno europeo","Medio (4 - 8 mts)",50,"Mediano",-68.8433877785,-32.8864720123,1,"0",0.0420032310177706
29939,"Morera","Muy bajo (1 - 2 mts)",6,"Chico",-68.8434465651,-32.8861630761,1,"0",0.185148665048544
29940,"Morera","Alto (> 8 mts)",170,"Grande",-68.8434162059,-32.8860464493,1,"1",0.185148665048544
29942,"Morera","Alto (> 8 mts)",47,"Mediano",-68.8433478582,-32.8857763069,1,"0",0.185148665048544
29943,"Morera","Alto (> 8 mts)",175,"Grande",-68.8433231437,-32.885670778,1,"1",0.185148665048544
29944,"Pltano","Alto (> 8 mts)",82,"Grande",-68.8432891577,-32.8855505398,1,"1",0.0903973509933775
29945,"Pltano","Alto (> 8 mts)",250,"Grande",-68.8432299165,-32.8855106108,1,"1",0.0903973509933775
29946,"Pltano","Alto (> 8 mts)",260,"Grande",-68.8431432307,-32.8855198797,1,"1",0.0903973509933775
29949,"Pltano","Alto (> 8 mts)",260,"Grande",-68.842833633,-32.8855819783,1,"0",0.0903973509933775
29952,"Pltano","Alto (> 8 mts)",220,"Grande",-68.8424074201,-32.8856565529,1,"0",0.0903973509933775
29954,"Morera","Alto (> 8 mts)",168,"Grande",-68.8422299967,-32.8859108769,1,"1",0.185148665048544
29955,"Morera","Alto (> 8 mts)",200,"Grande",-68.8422671803,-32.886035177,1,"0",0.185148665048544
29957,"Morera","Alto (> 8 mts)",165,"Grande",-68.8423367173,-32.8862958536,1,"0",0.185148665048544
29958,"Morera","Alto (> 8 mts)",145,"Grande",-68.8423551815,-32.8863697255,1,"0",0.185148665048544
29961,"Morera","Alto (> 8 mts)",200,"Grande",-68.8424174381,-32.8865778243,1,"1",0.185148665048544
29962,"Fresno americano","Alto (> 8 mts)",116,"Grande",-68.8424947801,-32.8866364091,1,"0",0.0512455516014235
29966,"Fresno americano","Alto (> 8 mts)",220,"Grande",-68.8427821653,-32.8865867592,1,"0",0.0512455516014235
29972,"Fresno americano","Alto (> 8 mts)",180,"Grande",-68.8419488668,-32.8867314223,1,"0",0.0512455516014235
29976,"Morera","Alto (> 8 mts)",20,"Chico",-68.8422009696,-32.8863701622,1,"0",0.185148665048544
29981,"Morera","Alto (> 8 mts)",180,"Grande",-68.842063186,-32.885844933,1,"0",0.185148665048544
29982,"Pltano","Alto (> 8 mts)",160,"Grande",-68.8419836499,-32.8857394247,1,"0",0.0903973509933775
29983,"Pltano","Alto (> 8 mts)",160,"Grande",-68.8418792027,-32.8857604825,1,"0",0.0903973509933775
29988,"Pltano","Alto (> 8 mts)",220,"Grande",-68.8412606722,-32.8858691643,1,"0",0.0903973509933775
29991,"Pltano","Alto (> 8 mts)",142,"Grande",-68.8409536453,-32.8860066484,3,"1",0.0903973509933775
29998,"Pltano","Alto (> 8 mts)",138,"Grande",-68.841068928,-32.886481461,3,"0",0.0903973509933775
30000,"Pltano","Alto (> 8 mts)",107,"Grande",-68.8411059879,-32.8866144175,3,"0",0.0903973509933775
30002,"Pltano","Alto (> 8 mts)",144,"Grande",-68.8411372565,-32.8867588181,3,"1",0.0903973509933775
30003,"Fresno americano","Alto (> 8 mts)",140,"Grande",-68.8412174241,-32.8868691761,3,"0",0.0512455516014235
30004,"Fresno europeo","Alto (> 8 mts)",140,"Grande",-68.8413192333,-32.8868533228,3,"1",0.0420032310177706
30005,"Fresno europeo","Medio (4 - 8 mts)",40,"Mediano",-68.8414407413,-32.8868311375,3,"1",0.0420032310177706
30007,"Fresno americano","Alto (> 8 mts)",140,"Grande",-68.8415719189,-32.8868034414,3,"0",0.0512455516014235
30009,"Fresno americano","Alto (> 8 mts)",190,"Grande",-68.8416781842,-32.8867822961,3,"0",0.0512455516014235
30011,"Pltano","Alto (> 8 mts)",162,"Grande",-68.8408074306,-32.8869534139,3,"0",0.0903973509933775
30013,"Pltano","Alto (> 8 mts)",108,"Grande",-68.8406655708,-32.8869782101,3,"0",0.0903973509933775
30015,"Pltano","Alto (> 8 mts)",134,"Grande",-68.8409423371,-32.886931128,3,"0",0.0903973509933775
30017,"Pltano","Alto (> 8 mts)",98,"Grande",-68.8409813034,-32.8867159491,3,"0",0.0903973509933775
30020,"Pltano","Alto (> 8 mts)",170,"Grande",-68.8409234421,-32.8865019942,3,"0",0.0903973509933775
30021,"Pltano","Alto (> 8 mts)",98,"Grande",-68.8409043261,-32.8864364583,3,"0",0.0903973509933775
30025,"Pltano","Alto (> 8 mts)",98,"Grande",-68.8408307239,-32.8861457412,3,"0",0.0903973509933775
30027,"Pltano","Alto (> 8 mts)",118,"Grande",-68.8407886894,-32.8860190568,3,"0",0.0903973509933775
30028,"Pltano","Alto (> 8 mts)",174,"Grande",-68.8407234897,-32.8859650526,3,"0",0.0903973509933775
30033,"Pltano","Alto (> 8 mts)",82,"Grande",-68.8402847886,-32.8870430096,3,"0",0.0903973509933775
30036,"Pltano","Alto (> 8 mts)",98,"Grande",-68.8400963145,-32.8870778455,3,"0",0.0903973509933775
30037,"Pltano","Alto (> 8 mts)",158,"Grande",-68.8400367634,-32.8870916581,3,"0",0.0903973509933775
30039,"Acacia SP","Alto (> 8 mts)",80,"Grande",-68.839853571,-32.8868452203,3,"1",0.150492264416315
30040,"Fresno europeo","Muy bajo (1 - 2 mts)",6,"Chico",-68.8398315032,-32.8867599289,3,"0",0.0420032310177706
30041,"Morera","Alto (> 8 mts)",72,"Grande",-68.8397637956,-32.8865103422,3,"0",0.185148665048544
30049,"Pltano","Alto (> 8 mts)",178,"Grande",-68.8399892399,-32.8861021058,3,"1",0.0903973509933775
30051,"Pltano","Alto (> 8 mts)",178,"Grande",-68.8403153412,-32.8860409568,3,"0",0.0903973509933775
30052,"Pltano","Alto (> 8 mts)",166,"Grande",-68.840425989,-32.8860190066,3,"0",0.0903973509933775
30053,"Pltano","Bajo (2 - 4 mts)",22,"Mediano",-68.8405527809,-32.8859990525,3,"0",0.0903973509933775
30058,"Acacia SP","Alto (> 8 mts)",92,"Grande",-68.8397507891,-32.8870830803,3,"0",0.150492264416315
30062,"Fresno europeo","Alto (> 8 mts)",168,"Grande",-68.8396462421,-32.8867050472,3,"0",0.0420032310177706
30066,"Pltano","Alto (> 8 mts)",172,"Grande",-68.8393915934,-32.8862124444,3,"0",0.0903973509933775
30067,"Pltano","Alto (> 8 mts)",168,"Grande",-68.8392739896,-32.8862341215,3,"0",0.0903973509933775
30068,"Pltano","Alto (> 8 mts)",178,"Grande",-68.8391113246,-32.8862641037,3,"0",0.0903973509933775
30069,"Pltano","Alto (> 8 mts)",158,"Grande",-68.8389730956,-32.8862895816,3,"0",0.0903973509933775
30070,"Pltano","Alto (> 8 mts)",178,"Grande",-68.8388783412,-32.8863070462,3,"0",0.0903973509933775
30071,"Pltano","Alto (> 8 mts)",162,"Grande",-68.8387817545,-32.8863248491,3,"0",0.0903973509933775
30074,"Pltano","Alto (> 8 mts)",142,"Grande",-68.8384550588,-32.8865521868,3,"1",0.0903973509933775
30075,"Morera","Medio (4 - 8 mts)",44,"Mediano",-68.8384900836,-32.8866725746,3,"0",0.185148665048544
30078,"Pltano","Alto (> 8 mts)",172,"Grande",-68.838634365,-32.8872416049,3,"0",0.0903973509933775
30079,"Pltano","Alto (> 8 mts)",198,"Grande",-68.8386533963,-32.887304132,3,"0",0.0903973509933775
30081,"Morera","Alto (> 8 mts)",87,"Grande",-68.8423325235,-32.8868698718,1,"1",0.185148665048544
30082,"Morera","Alto (> 8 mts)",180,"Grande",-68.8423675675,-32.8869830269,1,"1",0.185148665048544
30084,"Morera","Alto (> 8 mts)",190,"Grande",-68.8423944594,-32.8870619138,1,"1",0.185148665048544
30085,"Morera","Alto (> 8 mts)",185,"Grande",-68.8424081691,-32.8871376659,3,"1",0.185148665048544
30086,"Morera","Alto (> 8 mts)",200,"Grande",-68.8424262921,-32.8872125391,3,"1",0.185148665048544
30087,"Morera","Alto (> 8 mts)",170,"Grande",-68.8424423609,-32.8872795957,3,"1",0.185148665048544
30088,"Morera","Muy bajo (1 - 2 mts)",12,"Chico",-68.8424705629,-32.8873954337,3,"1",0.185148665048544
30089,"Morera","Alto (> 8 mts)",175,"Grande",-68.8424882066,-32.8874609458,3,"1",0.185148665048544
30090,"Morera","Alto (> 8 mts)",180,"Grande",-68.8424990794,-32.8874997268,3,"1",0.185148665048544
30092,"Morera","Bajo (2 - 4 mts)",20,"Chico",-68.8425252551,-32.8876126516,3,"1",0.185148665048544
30094,"Pltano","Alto (> 8 mts)",190,"Grande",-68.8424265375,-32.8877658284,3,"1",0.0903973509933775
30097,"Pltano","Alto (> 8 mts)",200,"Grande",-68.8422009758,-32.8878113274,3,"0",0.0903973509933775
30098,"Pltano","Alto (> 8 mts)",185,"Grande",-68.842146559,-32.8878225299,3,"0",0.0903973509933775
30100,"Pltano","Alto (> 8 mts)",250,"Grande",-68.8419764783,-32.8878532521,3,"1",0.0903973509933775
30101,"Pltano","Alto (> 8 mts)",180,"Grande",-68.8418908541,-32.8878651364,3,"0",0.0903973509933775
30102,"Pltano","Alto (> 8 mts)",210,"Grande",-68.8417935742,-32.8878808831,3,"0",0.0903973509933775
30104,"Pltano","Alto (> 8 mts)",210,"Grande",-68.8415745086,-32.8879305596,3,"0",0.0903973509933775
30108,"Pltano","Medio (4 - 8 mts)",130,"Grande",-68.8413312723,-32.8875104235,3,"0",0.0903973509933775
30109,"Pltano","Alto (> 8 mts)",175,"Grande",-68.8413168257,-32.8874612629,3,"0",0.0903973509933775
30110,"Pltano","Alto (> 8 mts)",180,"Grande",-68.841299959,-32.8873913758,3,"0",0.0903973509933775
30111,"Pltano","Alto (> 8 mts)",195,"Grande",-68.8412705026,-32.8872954452,3,"1",0.0903973509933775
30112,"Pltano","Alto (> 8 mts)",180,"Grande",-68.8412608643,-32.8872545106,3,"1",0.0903973509933775
30115,"Pltano","Alto (> 8 mts)",175,"Grande",-68.8412185843,-32.887057541,3,"1",0.0903973509933775
30117,"Fresno europeo","Muy bajo (1 - 2 mts)",5,"Chico",-68.8413127587,-32.886984894,3,"0",0.0420032310177706
30119,"Fresno americano","Alto (> 8 mts)",117,"Grande",-68.8414773758,-32.8869632818,3,"0",0.0512455516014235
30122,"Fresno americano","Alto (> 8 mts)",138,"Grande",-68.8417594948,-32.8869071481,3,"0",0.0512455516014235
30123,"Fresno americano","Medio (4 - 8 mts)",70,"Grande",-68.8418402882,-32.8868918999,3,"1",0.0512455516014235
30124,"Fresno americano","Medio (4 - 8 mts)",83,"Grande",-68.84190415,-32.8868774399,3,"0",0.0512455516014235
30127,"Fresno europeo","Alto (> 8 mts)",180,"Grande",-68.8421897957,-32.8868306188,1,"1",0.0420032310177706
30128,"Acacia SP","Alto (> 8 mts)",150,"Grande",-68.8406924197,-32.890607463,3,"1",0.150492264416315
30131,"Acacia SP","Alto (> 8 mts)",125,"Grande",-68.8408085919,-32.891084007,2,"0",0.150492264416315
30138,"Morera","Alto (> 8 mts)",180,"Grande",-68.840514197,-32.8915328617,2,"0",0.185148665048544
30139,"Morera","Alto (> 8 mts)",165,"Grande",-68.8404443122,-32.8915456442,2,"0",0.185148665048544
30144,"Morera","Alto (> 8 mts)",170,"Grande",-68.8400857042,-32.8916156812,2,"0",0.185148665048544
30145,"Fresno europeo","Alto (> 8 mts)",55,"Mediano",-68.839878418,-32.8916545268,2,"0",0.0420032310177706
30146,"Pltano","Alto (> 8 mts)",190,"Grande",-68.8397627932,-32.891564986,2,"0",0.0903973509933775
30158,"Pltano","Alto (> 8 mts)",102,"Grande",-68.8400051893,-32.887451225,3,"0",0.0903973509933775
30159,"Pltano","Alto (> 8 mts)",108,"Grande",-68.8400234372,-32.8875161251,3,"0",0.0903973509933775
30160,"Pltano","Alto (> 8 mts)",92,"Grande",-68.8400415031,-32.887577594,3,"0",0.0903973509933775
30167,"Morera","Alto (> 8 mts)",88,"Grande",-68.8401688193,-32.8879937396,3,"0",0.185148665048544
30172,"Tilo","Alto (> 8 mts)",58,"Mediano",-68.8412629898,-32.8877916457,3,"0",0
30173,"Morera","Alto (> 8 mts)",127,"Grande",-68.8420904439,-32.8900588437,2,"0",0.185148665048544
30175,"Morera","Alto (> 8 mts)",125,"Grande",-68.8422294327,-32.8900283616,2,"1",0.185148665048544
30179,"Morera","Alto (> 8 mts)",140,"Grande",-68.8425024882,-32.8899706368,2,"0",0.185148665048544
30182,"Morera","Alto (> 8 mts)",168,"Grande",-68.8426963061,-32.8899380592,2,"0",0.185148665048544
30187,"Morera","Alto (> 8 mts)",122,"Grande",-68.8430388398,-32.8898737481,2,"1",0.185148665048544
30189,"Morera","Alto (> 8 mts)",90,"Grande",-68.8430751329,-32.8897111267,2,"1",0.185148665048544
30190,"Morera","Alto (> 8 mts)",150,"Grande",-68.8430539382,-32.8896146209,2,"0",0.185148665048544
30191,"Morera","Alto (> 8 mts)",140,"Grande",-68.843019757,-32.8894832016,2,"1",0.185148665048544
30192,"Morera","Alto (> 8 mts)",121,"Grande",-68.8429947004,-32.8893943977,2,"1",0.185148665048544
30198,"Paraiso sombrilla","Medio (4 - 8 mts)",150,"Grande",-68.8426600191,-32.8889545259,3,"1",0.022887323943662
30199,"Fresno europeo","Medio (4 - 8 mts)",77,"Grande",-68.8426001175,-32.888964866,3,"0",0.0420032310177706
30200,"Fresno europeo","Alto (> 8 mts)",200,"Grande",-68.8424057356,-32.8890002398,3,"0",0.0420032310177706
30204,"Ligustro","Medio (4 - 8 mts)",31,"Mediano",-68.8419729216,-32.8890742284,3,"0",0.0138888888888889
30206,"Pltano","Alto (> 8 mts)",200,"Grande",-68.8417635962,-32.8891518635,3,"0",0.0903973509933775
30207,"Pltano","Alto (> 8 mts)",170,"Grande",-68.8417709184,-32.8891816728,3,"0",0.0903973509933775
30208,"Pltano","Alto (> 8 mts)",170,"Grande",-68.8417857426,-32.889259237,3,"0",0.0903973509933775
30212,"Morera","Alto (> 8 mts)",84,"Grande",-68.8418917679,-32.8896372322,3,"1",0.185148665048544
30219,"Morera","Alto (> 8 mts)",140,"Grande",-68.8432333698,-32.8903760098,2,"0",0.185148665048544
30220,"Morera","Alto (> 8 mts)",82,"Grande",-68.8432716381,-32.8905361756,2,"0",0.185148665048544
30223,"Morera","Alto (> 8 mts)",200,"Grande",-68.8432978614,-32.8910226448,2,"1",0.185148665048544
30224,"Morera","Alto (> 8 mts)",95,"Grande",-68.8431213959,-32.8910562208,2,"0",0.185148665048544
30225,"Morera","Medio (4 - 8 mts)",23,"Mediano",-68.8430383336,-32.8910681992,2,"0",0.185148665048544
30227,"Morera","Alto (> 8 mts)",175,"Grande",-68.842841847,-32.8911061174,2,"1",0.185148665048544
30229,"Fresno americano","Alto (> 8 mts)",83,"Grande",-68.8426443041,-32.8911423488,2,"0",0.0512455516014235
30232,"Perenne","Bajo (2 - 4 mts)",70,"Grande",-68.8423779546,-32.891192903,2,"0",0.0364741641337386
30234,"Pltano","Alto (> 8 mts)",185,"Grande",-68.8422769977,-32.8911074261,2,"0",0.0903973509933775
30241,"Pltano","Alto (> 8 mts)",160,"Grande",-68.8421299693,-32.8905328118,2,"0",0.0903973509933775
30243,"Pltano","Alto (> 8 mts)",240,"Grande",-68.842090596,-32.8903816187,2,"0",0.0903973509933775
30245,"Morera","Medio (4 - 8 mts)",25,"Mediano",-68.842120482,-32.8902267468,2,"0",0.185148665048544
30246,"Morera","Alto (> 8 mts)",111,"Grande",-68.8421713558,-32.8902176832,2,"1",0.185148665048544
30251,"Morera","Alto (> 8 mts)",150,"Grande",-68.8425574271,-32.8901483392,2,"1",0.185148665048544
30255,"Morera","Alto (> 8 mts)",128,"Grande",-68.8429354374,-32.8900717668,2,"1",0.185148665048544
30258,"Fresno europeo","Alto (> 8 mts)",125,"Grande",-68.8406390844,-32.889328673,3,"0",0.0420032310177706
30259,"Morera","Alto (> 8 mts)",148,"Grande",-68.8407118035,-32.8893172258,3,"0",0.185148665048544
30266,"Jacarand","Alto (> 8 mts)",72,"Grande",-68.8412409215,-32.8892141455,3,"0",0.103064066852368
30269,"Pltano","Alto (> 8 mts)",240,"Grande",-68.8416186408,-32.8891949675,3,"0",0.0903973509933775
30271,"Pltano","Alto (> 8 mts)",130,"Grande",-68.8416741156,-32.8893705971,3,"0",0.0903973509933775
30272,"Pltano","Alto (> 8 mts)",235,"Grande",-68.8416911775,-32.8894518612,3,"0",0.0903973509933775
30273,"Pltano","Alto (> 8 mts)",164,"Grande",-68.8417099066,-32.8895187209,3,"0",0.0903973509933775
30274,"Pltano","Alto (> 8 mts)",240,"Grande",-68.841728139,-32.8895812105,3,"0",0.0903973509933775
30276,"Pltano","Alto (> 8 mts)",225,"Grande",-68.841754572,-32.8897073518,3,"0",0.0903973509933775
30279,"Pltano","Alto (> 8 mts)",225,"Grande",-68.8418257926,-32.8899577001,2,"0",0.0903973509933775
30281,"Morera","Alto (> 8 mts)",140,"Grande",-68.8417963067,-32.8901319598,2,"0",0.185148665048544
30286,"Morera","Alto (> 8 mts)",120,"Grande",-68.8412104486,-32.8902407728,3,"1",0.185148665048544
30287,"Morera","Alto (> 8 mts)",140,"Grande",-68.8411025749,-32.8902624567,3,"1",0.185148665048544
30288,"Morera","Alto (> 8 mts)",155,"Grande",-68.8410215481,-32.8902720018,3,"1",0.185148665048544
30291,"Morera","Alto (> 8 mts)",112,"Grande",-68.8408567533,-32.8904618615,3,"1",0.185148665048544
30294,"Morera","Alto (> 8 mts)",114,"Grande",-68.8410196886,-32.890431716,3,"0",0.185148665048544
30295,"Morera","Alto (> 8 mts)",130,"Grande",-68.8410917087,-32.890418944,2,"0",0.185148665048544
30297,"Morera","Alto (> 8 mts)",140,"Grande",-68.8412295158,-32.8903948167,2,"0",0.185148665048544
30299,"Morera","Alto (> 8 mts)",130,"Grande",-68.8414100581,-32.890357493,2,"0",0.185148665048544
30301,"Morera","Alto (> 8 mts)",149,"Grande",-68.8415802982,-32.8903247376,2,"0",0.185148665048544
30304,"Morera","Alto (> 8 mts)",116,"Grande",-68.8418580537,-32.8902756908,2,"1",0.185148665048544
30308,"Pltano","Alto (> 8 mts)",180,"Grande",-68.8419785608,-32.8905688343,2,"0",0.0903973509933775
30309,"Pltano","Alto (> 8 mts)",125,"Grande",-68.841994751,-32.8906387223,2,"1",0.0903973509933775
30312,"Pltano","Alto (> 8 mts)",160,"Grande",-68.8420475708,-32.8908352279,2,"0",0.0903973509933775
30315,"Pltano","Alto (> 8 mts)",185,"Grande",-68.8421013868,-32.8910595546,2,"0",0.0903973509933775
30317,"Pltano","Alto (> 8 mts)",170,"Grande",-68.8421401841,-32.8911657083,2,"0",0.0903973509933775
30331,"Acacia SP","Alto (> 8 mts)",115,"Grande",-68.8409776349,-32.891162817,2,"0",0.150492264416315
30334,"Acacia SP","Alto (> 8 mts)",160,"Grande",-68.8409215617,-32.8909634269,2,"0",0.150492264416315
30336,"Acacia SP","Alto (> 8 mts)",137,"Grande",-68.8408644275,-32.8907597973,2,"0",0.150492264416315
30337,"Acacia SP","Alto (> 8 mts)",114,"Grande",-68.8408493467,-32.8907064882,2,"1",0.150492264416315
30340,"Acacia SP","Alto (> 8 mts)",140,"Grande",-68.8407392223,-32.8902535186,3,"0",0.150492264416315
30342,"Fresno europeo","Alto (> 8 mts)",61,"Grande",-68.8406811404,-32.8900424488,3,"0",0.0420032310177706
30344,"Acacia SP","Alto (> 8 mts)",140,"Grande",-68.8406319128,-32.8898405875,3,"0",0.150492264416315
30345,"Acacia SP","Alto (> 8 mts)",206,"Grande",-68.8406144706,-32.8897931363,3,"0",0.150492264416315
30348,"Morera","Alto (> 8 mts)",116,"Grande",-68.840542448,-32.889522327,3,"1",0.185148665048544
30349,"Acacia SP","Alto (> 8 mts)",130,"Grande",-68.8405308129,-32.8894661791,3,"0",0.150492264416315
30350,"Acacia SP","Alto (> 8 mts)",120,"Grande",-68.8405200735,-32.8894279039,3,"1",0.150492264416315
30351,"Acacia SP","Alto (> 8 mts)",130,"Grande",-68.840535683,-32.8893456995,3,"0",0.150492264416315
30354,"Morera","Alto (> 8 mts)",95,"Grande",-68.84045196,-32.890544607,3,"1",0.185148665048544
30355,"Morera","Alto (> 8 mts)",114,"Grande",-68.840390495,-32.8905517142,3,"0",0.185148665048544
30358,"Morera","Alto (> 8 mts)",108,"Grande",-68.8401920688,-32.8905901433,3,"0",0.185148665048544
30361,"Morera","Alto (> 8 mts)",104,"Grande",-68.8399274455,-32.8906413375,3,"0",0.185148665048544
30366,"Morera","Alto (> 8 mts)",111,"Grande",-68.8396053389,-32.89070553,3,"0",0.185148665048544
30367,"Morera","Alto (> 8 mts)",155,"Grande",-68.8396310116,-32.8905266638,3,"1",0.185148665048544
30368,"Morera","Alto (> 8 mts)",140,"Grande",-68.8395526484,-32.8905411328,3,"1",0.185148665048544
30371,"Pltano","Alto (> 8 mts)",160,"Grande",-68.8394090258,-32.8903424375,3,"0",0.0903973509933775
30372,"Pltano","Alto (> 8 mts)",220,"Grande",-68.8393962638,-32.8902483747,3,"0",0.0903973509933775
30376,"Morera","Medio (4 - 8 mts)",100,"Grande",-68.839291749,-32.8897880387,3,"0",0.185148665048544
30379,"Fresno americano","Muy bajo (1 - 2 mts)",22,"Mediano",-68.8394065286,-32.8895661275,3,"0",0.0512455516014235
30382,"Fresno europeo","Medio (4 - 8 mts)",22,"Mediano",-68.839840424,-32.8894786293,3,"0",0.0420032310177706
30386,"Fresno europeo","Muy bajo (1 - 2 mts)",12,"Chico",-68.8402911344,-32.8893920599,3,"0",0.0420032310177706
30390,"Acacia SP","Alto (> 8 mts)",150,"Grande",-68.8404671864,-32.8898097939,3,"1",0.150492264416315
30391,"Acacia SP","Alto (> 8 mts)",220,"Grande",-68.8405456467,-32.8900950873,3,"0",0.150492264416315
30392,"Conifera","Medio (4 - 8 mts)",50,"Mediano",-68.839884752,-32.8905615273,3,"0",0.021505376344086
30399,"Morera","Alto (> 8 mts)",140,"Grande",-68.8402822641,-32.89040641,3,"1",0.185148665048544
30400,"Morera","Alto (> 8 mts)",160,"Grande",-68.8401658907,-32.8904278983,3,"0",0.185148665048544
30403,"Morera","Medio (4 - 8 mts)",55,"Mediano",-68.8398490878,-32.8904863572,3,"0",0.185148665048544
30407,"Morera","Bajo (2 - 4 mts)",20,"Chico",-68.8428352125,-32.8887433121,3,"0",0.185148665048544
30409,"Morera","Alto (> 8 mts)",222,"Grande",-68.8428073635,-32.8886249292,3,"0",0.185148665048544
30413,"Morera","Alto (> 8 mts)",220,"Grande",-68.8427170358,-32.8883068349,3,"0",0.185148665048544
30415,"Morera","Alto (> 8 mts)",250,"Grande",-68.8426420568,-32.88803993,3,"1",0.185148665048544
30420,"Pltano","Alto (> 8 mts)",214,"Grande",-68.8423832514,-32.8878994956,3,"0",0.0903973509933775
30421,"Fresno europeo","Bajo (2 - 4 mts)",6,"Chico",-68.8422142082,-32.8889101546,3,"0",0.0420032310177706
30424,"Pltano","Alto (> 8 mts)",180,"Grande",-68.8416914276,-32.8888544827,3,"0",0.0903973509933775
30427,"Pltano","Alto (> 8 mts)",260,"Grande",-68.8416277038,-32.8886030924,3,"0",0.0903973509933775
30428,"Pltano","Alto (> 8 mts)",240,"Grande",-68.841587798,-32.8884530463,3,"1",0.0903973509933775
30429,"Pltano","Alto (> 8 mts)",255,"Grande",-68.8415707036,-32.8883871714,3,"1",0.0903973509933775
30431,"Pltano","Alto (> 8 mts)",205,"Grande",-68.841537697,-32.888257827,3,"0",0.0903973509933775
30433,"Pltano","Alto (> 8 mts)",215,"Grande",-68.8416195232,-32.8880381884,3,"0",0.0903973509933775
30437,"Pltano","Alto (> 8 mts)",230,"Grande",-68.841908814,-32.8879822889,3,"0",0.0903973509933775
30438,"Pltano","Alto (> 8 mts)",226,"Grande",-68.8419706054,-32.8879708253,3,"1",0.0903973509933775
30441,"Pltano","Alto (> 8 mts)",270,"Grande",-68.8422055818,-32.8879283818,3,"1",0.0903973509933775
30445,"Pltano","Alto (> 8 mts)",121,"Grande",-68.8413490557,-32.8881603828,3,"0",0.0903973509933775
30446,"Morera","Alto (> 8 mts)",120,"Grande",-68.8413591223,-32.8881943019,3,"0",0.185148665048544
30447,"Pltano","Alto (> 8 mts)",150,"Grande",-68.8414210356,-32.8884145735,3,"0",0.0903973509933775
30449,"Pltano","Alto (> 8 mts)",264,"Grande",-68.8414710691,-32.8886133698,3,"0",0.0903973509933775
30453,"Fresno europeo","Bajo (2 - 4 mts)",10,"Chico",-68.8414992185,-32.8890409877,3,"0",0.0420032310177706
30455,"Fresno americano","Alto (> 8 mts)",170,"Grande",-68.8412221092,-32.8890959098,3,"0",0.0512455516014235
30461,"Pltano","Alto (> 8 mts)",220,"Grande",-68.8406703688,-32.8882217241,3,"1",0.0903973509933775
30464,"Pltano","Alto (> 8 mts)",180,"Grande",-68.8403296817,-32.8882916982,3,"0",0.0903973509933775
30467,"Morera","Alto (> 8 mts)",154,"Grande",-68.8403752281,-32.8888739173,3,"1",0.185148665048544
30470,"Fresno europeo","Muy bajo (1 - 2 mts)",11,"Chico",-68.8406712227,-32.8891944854,3,"0",0.0420032310177706
30475,"Pltano","Alto (> 8 mts)",290,"Grande",-68.8399788799,-32.8883455659,3,"0",0.0903973509933775
30476,"Pltano","Alto (> 8 mts)",220,"Grande",-68.8399317883,-32.8883556893,3,"1",0.0903973509933775
30478,"Fresno europeo","Alto (> 8 mts)",200,"Grande",-68.8402105438,-32.8888064165,3,"0",0.0420032310177706
30479,"Acacia SP","Alto (> 8 mts)",190,"Grande",-68.8401994889,-32.8887570672,3,"1",0.150492264416315
30481,"Fresno americano","Alto (> 8 mts)",180,"Grande",-68.8400559703,-32.8893084854,3,"0",0.0512455516014235
30482,"Pltano","Alto (> 8 mts)",230,"Grande",-68.8397650121,-32.8883877563,3,"1",0.0903973509933775
30485,"Pltano","Alto (> 8 mts)",260,"Grande",-68.8394562744,-32.8884401995,3,"1",0.0903973509933775
30487,"Pltano","Alto (> 8 mts)",300,"Grande",-68.8392995064,-32.888471029,3,"0",0.0903973509933775
30488,"Pltano","Alto (> 8 mts)",260,"Grande",-68.8391249881,-32.8884994766,3,"1",0.0903973509933775
30489,"Pltano","Alto (> 8 mts)",180,"Grande",-68.8390611618,-32.888515248,3,"1",0.0903973509933775
30491,"Pltano","Alto (> 8 mts)",240,"Grande",-68.8390210365,-32.8888276424,3,"0",0.0903973509933775
30492,"Pltano","Alto (> 8 mts)",260,"Grande",-68.8390467308,-32.8889209059,3,"0",0.0903973509933775
30493,"Pltano","Alto (> 8 mts)",240,"Grande",-68.8390703019,-32.8890051101,3,"0",0.0903973509933775
30495,"Pltano","Alto (> 8 mts)",208,"Grande",-68.8391238031,-32.8891830294,3,"0",0.0903973509933775
30496,"Pltano","Alto (> 8 mts)",196,"Grande",-68.8391391543,-32.8892592313,3,"0",0.0903973509933775
30498,"Pltano","Alto (> 8 mts)",202,"Grande",-68.8391777854,-32.8894111872,3,"0",0.0903973509933775
30500,"Pltano","Bajo (2 - 4 mts)",12,"Chico",-68.8398078041,-32.8882447127,3,"0",0.0903973509933775
30505,"Pltano","Alto (> 8 mts)",148,"Grande",-68.8399391455,-32.8877706811,3,"0",0.0903973509933775
30506,"Pltano","Alto (> 8 mts)",148,"Grande",-68.839923959,-32.8877172816,3,"0",0.0903973509933775
30507,"Pltano","Alto (> 8 mts)",174,"Grande",-68.8399040167,-32.8876343004,3,"0",0.0903973509933775
30508,"Pltano","Alto (> 8 mts)",108,"Grande",-68.8398832152,-32.8875536625,3,"0",0.0903973509933775
30509,"Pltano","Alto (> 8 mts)",92,"Grande",-68.8398577243,-32.8874658953,3,"0",0.0903973509933775
30514,"Morera","Alto (> 8 mts)",66,"Grande",-68.8394362152,-32.8873359891,3,"1",0.185148665048544
30517,"Fresno europeo","Alto (> 8 mts)",38,"Mediano",-68.8391588936,-32.8873864151,3,"0",0.0420032310177706
30518,"Fresno europeo","Bajo (2 - 4 mts)",18,"Chico",-68.8389930944,-32.8874179855,3,"0",0.0420032310177706
30520,"Fresno americano","Medio (4 - 8 mts)",88,"Grande",-68.8388257495,-32.8874444249,3,"0",0.0512455516014235
30521,"Pltano","Alto (> 8 mts)",158,"Grande",-68.8386777613,-32.8875324565,3,"0",0.0903973509933775
30523,"Pltano","Alto (> 8 mts)",168,"Grande",-68.8387211771,-32.8876947268,3,"0",0.0903973509933775
30525,"Pltano","Alto (> 8 mts)",198,"Grande",-68.8387570191,-32.8878494132,3,"0",0.0903973509933775
30526,"Pltano","Alto (> 8 mts)",210,"Grande",-68.8387816813,-32.8879221213,3,"0",0.0903973509933775
30527,"Pltano","Alto (> 8 mts)",176,"Grande",-68.8388075558,-32.8880336038,3,"0",0.0903973509933775
30528,"Pltano","Alto (> 8 mts)",92,"Grande",-68.8388320724,-32.888127772,3,"0",0.0903973509933775
30530,"Pltano","Alto (> 8 mts)",162,"Grande",-68.8389011075,-32.8883510846,3,"0",0.0903973509933775
30533,"Pltano","Alto (> 8 mts)",186,"Grande",-68.8394650601,-32.8883092851,3,"0",0.0903973509933775
30538,"Fresno europeo","Medio (4 - 8 mts)",38,"Mediano",-68.8574729261,-32.866752025,6,"0",0.0420032310177706
30540,"Pltano","Alto (> 8 mts)",178,"Grande",-68.8576768438,-32.8667615158,6,"0",0.0903973509933775
30542,"Fresno europeo","Medio (4 - 8 mts)",50,"Mediano",-68.8579639298,-32.8667763079,6,"0",0.0420032310177706
30548,"Fresno europeo","Medio (4 - 8 mts)",70,"Grande",-68.857723833,-32.8663608207,6,"0",0.0420032310177706
30549,"Fresno europeo","Medio (4 - 8 mts)",60,"Mediano",-68.8576441257,-32.866354282,6,"0",0.0420032310177706
30555,"Morera","Alto (> 8 mts)",120,"Grande",-68.8570563648,-32.8664407084,6,"0",0.185148665048544
30557,"Morera","Alto (> 8 mts)",98,"Grande",-68.8570479566,-32.8665149849,6,"0",0.185148665048544
30558,"Liquidambar","Muy bajo (1 - 2 mts)",10,"Chico",-68.8570420965,-32.8665780482,6,"0",0
30559,"Paraiso","Alto (> 8 mts)",170,"Grande",-68.8582235453,-32.8667217,6,"0",0.0859023207481815
30567,"Fresno europeo","Medio (4 - 8 mts)",50,"Mediano",-68.8574633712,-32.866217601,6,"0",0.0420032310177706
30574,"Paraiso","Alto (> 8 mts)",130,"Grande",-68.8580631706,-32.8662538287,6,"0",0.0859023207481815
30577,"Morera","Alto (> 8 mts)",70,"Grande",-68.858387197,-32.8661223852,6,"0",0.185148665048544
30579,"Morera","Alto (> 8 mts)",55,"Mediano",-68.8583139119,-32.8659185561,6,"1",0.185148665048544
30581,"Morera","Medio (4 - 8 mts)",80,"Grande",-68.8582017767,-32.8659113715,6,"0",0.185148665048544
30582,"Paraiso sombrilla","Medio (4 - 8 mts)",100,"Grande",-68.8577929944,-32.865886229,6,"0",0.022887323943662
30583,"Paraiso","Alto (> 8 mts)",170,"Grande",-68.8577606572,-32.8658834628,6,"0",0.0859023207481815
30584,"Fresno europeo","Medio (4 - 8 mts)",49,"Mediano",-68.8576082571,-32.8658747909,6,"0",0.0420032310177706
30586,"Fresno americano","Alto (> 8 mts)",56,"Mediano",-68.857485507,-32.8658716702,6,"0",0.0512455516014235
30587,"Paraiso sombrilla","Alto (> 8 mts)",150,"Grande",-68.8573663984,-32.8658623669,6,"0",0.022887323943662
30589,"Fresno europeo","Medio (4 - 8 mts)",55,"Mediano",-68.8573400445,-32.8653023768,6,"0",0.0420032310177706
30590,"Prunas","Bajo (2 - 4 mts)",40,"Mediano",-68.8575027293,-32.8653084043,6,"0",0.0321782178217822
30591,"Fresno americano","Medio (4 - 8 mts)",65,"Grande",-68.8575692385,-32.8653115107,6,"0",0.0512455516014235
30592,"Fresno americano","Medio (4 - 8 mts)",50,"Mediano",-68.8576292302,-32.8653146907,6,"0",0.0512455516014235
30593,"Jacarand","Medio (4 - 8 mts)",60,"Mediano",-68.8577981572,-32.8653237862,6,"0",0.103064066852368
30595,"Paraiso sombrilla","Medio (4 - 8 mts)",130,"Grande",-68.8580027428,-32.8653331987,6,"0",0.022887323943662
30596,"Paraiso sombrilla","Medio (4 - 8 mts)",120,"Grande",-68.8580618263,-32.8653337166,6,"0",0.022887323943662
30608,"Morera","Medio (4 - 8 mts)",27,"Mediano",-68.8584157871,-32.8649250663,6,"0",0.185148665048544
30613,"Paraiso sombrilla","Alto (> 8 mts)",190,"Grande",-68.8575342246,-32.8668767289,6,"0",0.022887323943662
30620,"Morera","Alto (> 8 mts)",120,"Grande",-68.8581363468,-32.8669123989,6,"0",0.185148665048544
30621,"lamo blanco","Alto (> 8 mts)",270,"Grande",-68.8572497457,-32.8691130589,6,"0",0.046875
30623,"lamo blanco","Alto (> 8 mts)",196,"Grande",-68.8580664767,-32.8677131151,6,"0",0.046875
30625,"lamo blanco","Alto (> 8 mts)",210,"Grande",-68.8580836608,-32.8676574098,6,"0",0.046875
30626,"lamo blanco","Medio (4 - 8 mts)",55,"Mediano",-68.8580935304,-32.8676324441,6,"0",0.046875
30628,"Paraiso","Medio (4 - 8 mts)",60,"Mediano",-68.858103645,-32.8675878216,6,"0",0.0859023207481815
30632,"lamo blanco","Medio (4 - 8 mts)",70,"Grande",-68.8581518883,-32.867418538,6,"0",0.046875
30636,"lamo blanco","Alto (> 8 mts)",270,"Grande",-68.8581873341,-32.8673012677,6,"0",0.046875
30637,"lamo blanco","Alto (> 8 mts)",180,"Grande",-68.8582422831,-32.8671478614,6,"0",0.046875
30643,"Morera","Bajo (2 - 4 mts)",40,"Mediano",-68.8546069079,-32.8673822092,6,"0",0.185148665048544
30644,"Morera","Alto (> 8 mts)",140,"Grande",-68.8546172139,-32.8673018576,6,"0",0.185148665048544
30649,"Olmo bola","Medio (4 - 8 mts)",95,"Grande",-68.8545971221,-32.8667096722,6,"0",0.0231481481481481
30652,"Paraiso sombrilla","Bajo (2 - 4 mts)",23,"Mediano",-68.8541386158,-32.8666806503,6,"0",0.022887323943662
30655,"Olmo bola","Medio (4 - 8 mts)",150,"Grande",-68.853909728,-32.8668464457,6,"0",0.0231481481481481
30656,"Fresno europeo","Medio (4 - 8 mts)",50,"Mediano",-68.8538922929,-32.8670100713,6,"0",0.0420032310177706
30657,"Fresno europeo","Muy bajo (1 - 2 mts)",7,"Chico",-68.8538865221,-32.8670642312,6,"0",0.0420032310177706
30661,"Olmo bola","Alto (> 8 mts)",180,"Grande",-68.8547591809,-32.8680404394,6,"0",0.0231481481481481
30662,"Olmo comun","Medio (4 - 8 mts)",180,"Grande",-68.8547669382,-32.8679616024,6,"0",0.0227272727272727
30670,"Olmo bola","Medio (4 - 8 mts)",195,"Grande",-68.8548217051,-32.8674406261,6,"0",0.0231481481481481
30671,"Fresno europeo","Bajo (2 - 4 mts)",30,"Mediano",-68.854827091,-32.8673502428,6,"0",0.0420032310177706
30674,"Fresno europeo","Alto (> 8 mts)",36,"Mediano",-68.8548413973,-32.8672048458,6,"0",0.0420032310177706
30676,"Fresno europeo","Muy bajo (1 - 2 mts)",20,"Chico",-68.8548491838,-32.8671256995,6,"0",0.0420032310177706
30680,"Olmo bola","Medio (4 - 8 mts)",150,"Grande",-68.8548842088,-32.8668075455,6,"0",0.0231481481481481
30682,"Morera","Alto (> 8 mts)",96,"Grande",-68.8550901761,-32.8667345982,6,"1",0.185148665048544
30683,"Morera","Alto (> 8 mts)",75,"Grande",-68.85514624,-32.8667378037,6,"0",0.185148665048544
30685,"Morera","Alto (> 8 mts)",108,"Grande",-68.8552601496,-32.8667443169,6,"0",0.185148665048544
30689,"Morera","Alto (> 8 mts)",170,"Grande",-68.8556099796,-32.8668350403,6,"0",0.185148665048544
30690,"Jacarand","Bajo (2 - 4 mts)",40,"Mediano",-68.8556030296,-32.8669515935,6,"0",0.103064066852368
30691,"Morera","Medio (4 - 8 mts)",60,"Mediano",-68.8555911785,-32.8670319082,6,"0",0.185148665048544
30697,"Morera","Alto (> 8 mts)",160,"Grande",-68.8555531948,-32.8675150944,6,"0",0.185148665048544
30700,"Fresno europeo","Muy bajo (1 - 2 mts)",10,"Chico",-68.8555207901,-32.8678632637,6,"0",0.0420032310177706
30703,"Paraiso","Alto (> 8 mts)",150,"Grande",-68.8555345485,-32.8676927708,6,"1",0.0859023207481815
30704,"Olmo comun","Medio (4 - 8 mts)",115,"Grande",-68.8555293033,-32.8677383013,6,"0",0.0227272727272727
30705,"Morera","Alto (> 8 mts)",180,"Grande",-68.8555027559,-32.8680883681,6,"0",0.185148665048544
30706,"Acer","Bajo (2 - 4 mts)",30,"Mediano",-68.8556891934,-32.867312003,6,"0",0.0204081632653061
30708,"Fresno europeo","Bajo (2 - 4 mts)",40,"Mediano",-68.8556622929,-32.8674386647,6,"0",0.0420032310177706
30710,"Aguaribay","Alto (> 8 mts)",170,"Grande",-68.855628322,-32.8677072124,6,"0",0.106529209621993
30711,"Morera","Alto (> 8 mts)",130,"Grande",-68.8557298756,-32.8670502915,6,"0",0.185148665048544
30713,"Paraiso","Alto (> 8 mts)",210,"Grande",-68.8557437012,-32.8669342349,6,"0",0.0859023207481815
30718,"Morera","Alto (> 8 mts)",150,"Grande",-68.856175607,-32.8667951038,6,"1",0.185148665048544
30719,"Fresno europeo","Medio (4 - 8 mts)",35,"Mediano",-68.8562752882,-32.8667983743,6,"0",0.0420032310177706
30720,"Fresno europeo","Medio (4 - 8 mts)",55,"Mediano",-68.8563388629,-32.866797185,6,"0",0.0420032310177706
30721,"Morera","Alto (> 8 mts)",105,"Grande",-68.8564409894,-32.8668079422,6,"0",0.185148665048544
30730,"Morera","Medio (4 - 8 mts)",40,"Mediano",-68.855585232,-32.8680203475,6,"0",0.185148665048544
30741,"Morera","Alto (> 8 mts)",135,"Grande",-68.8557806728,-32.8690610594,6,"1",0.185148665048544
30747,"Fresno europeo","Medio (4 - 8 mts)",44,"Mediano",-68.8547005342,-32.8686364773,6,"0",0.0420032310177706
30755,"Morera","Alto (> 8 mts)",150,"Grande",-68.8549793033,-32.869014289,6,"0",0.185148665048544
30756,"Morera","Alto (> 8 mts)",96,"Grande",-68.8551108647,-32.8690216099,6,"1",0.185148665048544
30758,"Morera","Alto (> 8 mts)",125,"Grande",-68.8553185589,-32.8690331674,6,"0",0.185148665048544
30763,"Morera","Alto (> 8 mts)",150,"Grande",-68.8554375669,-32.8687335835,6,"0",0.185148665048544
30773,"Morera","Medio (4 - 8 mts)",90,"Grande",-68.8537163603,-32.8688153934,6,"0",0.185148665048544
30774,"Morera","Alto (> 8 mts)",94,"Grande",-68.8538127192,-32.8689471399,6,"0",0.185148665048544
30777,"Morera","Alto (> 8 mts)",190,"Grande",-68.8540701183,-32.8689588343,6,"0",0.185148665048544
30779,"Paraiso","Medio (4 - 8 mts)",52,"Mediano",-68.8544625896,-32.8689086415,6,"0",0.0859023207481815
30782,"Morera","Medio (4 - 8 mts)",50,"Mediano",-68.8544921201,-32.8685324734,6,"0",0.185148665048544
30783,"Morera","Bajo (2 - 4 mts)",34,"Mediano",-68.8566984465,-32.8663009437,6,"0",0.185148665048544
30785,"Morera","Alto (> 8 mts)",155,"Grande",-68.8564926955,-32.8661813225,6,"1",0.185148665048544
30788,"Fresno europeo","Alto (> 8 mts)",130,"Grande",-68.8562215847,-32.8649046201,6,"0",0.0420032310177706
30791,"Fresno europeo","Medio (4 - 8 mts)",56,"Mediano",-68.8559378004,-32.8649517553,6,"0",0.0420032310177706
30805,"Fresno europeo","Medio (4 - 8 mts)",134,"Grande",-68.8562125268,-32.8655235388,6,"0",0.0420032310177706
30816,"Fresno americano","Bajo (2 - 4 mts)",30,"Mediano",-68.8556691039,-32.8662905631,6,"0",0.0512455516014235
30821,"Morera","Medio (4 - 8 mts)",60,"Mediano",-68.8552124032,-32.8662265705,6,"0",0.185148665048544
30825,"Prunas","Medio (4 - 8 mts)",50,"Mediano",-68.8550316047,-32.866215254,6,"0",0.0321782178217822
30829,"Acacia visco","Alto (> 8 mts)",50,"Mediano",-68.8549284501,-32.8663324693,6,"0",0.0625
30832,"Olmo bola","Medio (4 - 8 mts)",112,"Grande",-68.8549167986,-32.8664710076,6,"0",0.0231481481481481
30838,"Morera","Alto (> 8 mts)",190,"Grande",-68.8553766481,-32.8666218238,6,"0",0.185148665048544
30841,"Olmo bola","Medio (4 - 8 mts)",70,"Grande",-68.8556479698,-32.8665901387,6,"0",0.0231481481481481
30842,"Fresno europeo","Medio (4 - 8 mts)",50,"Mediano",-68.8556501822,-32.8665224293,6,"0",0.0420032310177706
30844,"Morera","Muy bajo (1 - 2 mts)",10,"Chico",-68.8556960839,-32.8659985451,6,"0",0.185148665048544
30845,"Morera","Muy bajo (1 - 2 mts)",7,"Chico",-68.8556991497,-32.8659448355,6,"0",0.185148665048544
30847,"Prunas","Medio (4 - 8 mts)",45,"Mediano",-68.8557070219,-32.865828727,6,"0",0.0321782178217822
30849,"Acacia SP","Medio (4 - 8 mts)",35,"Mediano",-68.8556496581,-32.8657247522,6,"0",0.150492264416315
30852,"Paraiso sombrilla","Medio (4 - 8 mts)",110,"Grande",-68.8552440045,-32.8657004553,6,"0",0.022887323943662
30854,"Prunas","Bajo (2 - 4 mts)",6,"Chico",-68.8550734998,-32.8656921138,6,"0",0.0321782178217822
30856,"Fresno europeo","Medio (4 - 8 mts)",95,"Grande",-68.8549794315,-32.8658141583,6,"0",0.0420032310177706
30857,"Paraiso sombrilla","Bajo (2 - 4 mts)",8,"Chico",-68.8549655254,-32.8659206991,6,"0",0.022887323943662
30862,"Morera","Alto (> 8 mts)",95,"Grande",-68.8552931256,-32.8661361616,6,"0",0.185148665048544
30866,"Morera","Medio (4 - 8 mts)",50,"Mediano",-68.8554551218,-32.8656276603,6,"0",0.185148665048544
30867,"Morera","Medio (4 - 8 mts)",75,"Grande",-68.8552603967,-32.8656180818,6,"0",0.185148665048544
30869,"Prunas","Muy bajo (1 - 2 mts)",20,"Chico",-68.8550596589,-32.8656076269,6,"0",0.0321782178217822
30871,"Fresno europeo","Medio (4 - 8 mts)",80,"Grande",-68.8550152118,-32.8654770388,6,"0",0.0420032310177706
30873,"Fresno americano","Medio (4 - 8 mts)",40,"Mediano",-68.855099651,-32.8654095392,6,"0",0.0512455516014235
30874,"Acer","Alto (> 8 mts)",150,"Grande",-68.8551491314,-32.8654186126,6,"0",0.0204081632653061
30877,"Prunas","Bajo (2 - 4 mts)",31,"Mediano",-68.8554400692,-32.8654850596,6,"0",0.0321782178217822
30879,"Acacia SP","Medio (4 - 8 mts)",46,"Mediano",-68.8556146137,-32.8655188349,6,"0",0.150492264416315
30883,"Paraiso","Alto (> 8 mts)",90,"Grande",-68.8540248523,-32.8656713909,6,"0",0.0859023207481815
30884,"Paraiso","Alto (> 8 mts)",70,"Grande",-68.8540272488,-32.8656433501,6,"0",0.0859023207481815
30890,"Morera","Medio (4 - 8 mts)",75,"Grande",-68.8548120986,-32.8654531707,6,"0",0.185148665048544
30893,"Paraiso sombrilla","Medio (4 - 8 mts)",50,"Mediano",-68.8547865376,-32.8657408657,6,"0",0.022887323943662
30895,"Fresno europeo","Medio (4 - 8 mts)",45,"Mediano",-68.8542943907,-32.866208019,6,"0",0.0420032310177706
30899,"Perenne","Medio (4 - 8 mts)",55,"Mediano",-68.8547222641,-32.8664135134,6,"0",0.0364741641337386
30900,"Olmo bola","Alto (> 8 mts)",160,"Grande",-68.8541042843,-32.8665522125,6,"0",0.0231481481481481
30901,"Fresno europeo","Medio (4 - 8 mts)",65,"Grande",-68.8540615267,-32.8665499102,6,"0",0.0420032310177706
30902,"Paraiso sombrilla","Alto (> 8 mts)",180,"Grande",-68.853943915,-32.8664815768,6,"0",0.022887323943662
30903,"Morera","Alto (> 8 mts)",170,"Grande",-68.8539469574,-32.8664506523,6,"0",0.185148665048544
30905,"Prunas","Medio (4 - 8 mts)",20,"Chico",-68.8539804422,-32.8660876707,6,"0",0.0321782178217822
30906,"Fresno europeo","Medio (4 - 8 mts)",30,"Mediano",-68.8539853507,-32.8660504418,6,"0",0.0420032310177706
30907,"Fresno europeo","Bajo (2 - 4 mts)",26,"Mediano",-68.8540028213,-32.8659340488,6,"0",0.0420032310177706
30909,"Olmo bola","Medio (4 - 8 mts)",50,"Mediano",-68.8540091296,-32.8658145933,6,"0",0.0231481481481481
30915,"Olmo bola","Medio (4 - 8 mts)",120,"Grande",-68.8559662815,-32.8645664134,6,"0",0.0231481481481481
30917,"Fresno europeo","Medio (4 - 8 mts)",106,"Grande",-68.8559763932,-32.864461896,6,"0",0.0420032310177706
30919,"Fresno europeo","Medio (4 - 8 mts)",106,"Grande",-68.8559878792,-32.864349851,6,"0",0.0420032310177706
30923,"Fresno europeo","Muy bajo (1 - 2 mts)",26,"Mediano",-68.8560057213,-32.8641683386,6,"0",0.0420032310177706
30925,"Fresno europeo","Muy bajo (1 - 2 mts)",8,"Chico",-68.8560111961,-32.8640967999,6,"0",0.0420032310177706
30926,"Fresno europeo","Bajo (2 - 4 mts)",76,"Grande",-68.8560186567,-32.8640731155,6,"0",0.0420032310177706
30927,"Fresno europeo","Medio (4 - 8 mts)",100,"Grande",-68.8560275036,-32.8639789761,6,"0",0.0420032310177706
30929,"Fresno europeo","Medio (4 - 8 mts)",80,"Grande",-68.8560439671,-32.8638385911,6,"0",0.0420032310177706
30934,"Acer","Medio (4 - 8 mts)",120,"Grande",-68.8561833965,-32.8635577561,6,"0",0.0204081632653061
30936,"Fresno europeo","Medio (4 - 8 mts)",90,"Grande",-68.8562697163,-32.8635626343,6,"0",0.0420032310177706
30941,"Acer","Medio (4 - 8 mts)",100,"Grande",-68.8564282294,-32.863633319,6,"0",0.0204081632653061
30944,"Acer","Medio (4 - 8 mts)",94,"Grande",-68.8564336559,-32.8637812023,6,"0",0.0204081632653061
30954,"Fresno europeo","Muy bajo (1 - 2 mts)",5,"Chico",-68.8554056813,-32.8640301596,6,"0",0.0420032310177706
30956,"Fresno europeo","Bajo (2 - 4 mts)",84,"Grande",-68.8552085795,-32.8640171276,6,"0",0.0420032310177706
30958,"Fresno europeo","Medio (4 - 8 mts)",90,"Grande",-68.855164514,-32.8639012854,6,"0",0.0420032310177706
30962,"Fresno europeo","Medio (4 - 8 mts)",114,"Grande",-68.8551862458,-32.8636717109,6,"0",0.0420032310177706
30964,"Fresno europeo","Medio (4 - 8 mts)",94,"Grande",-68.8551937351,-32.8636179298,6,"0",0.0420032310177706
30974,"Olmo comun","Bajo (2 - 4 mts)",36,"Mediano",-68.8556392238,-32.8635404994,6,"0",0.0227272727272727
30982,"Morera","Muy bajo (1 - 2 mts)",10,"Chico",-68.855901906,-32.8636584663,6,"0",0.185148665048544
30983,"Fresno europeo","Medio (4 - 8 mts)",100,"Grande",-68.8558952673,-32.8636932091,6,"0",0.0420032310177706
30990,"Morera","Muy bajo (1 - 2 mts)",5,"Chico",-68.8556797915,-32.8647839328,6,"0",0.185148665048544
30991,"Fresno europeo","Medio (4 - 8 mts)",102,"Grande",-68.8556299046,-32.8647786454,6,"0",0.0420032310177706
30993,"Fresno europeo","Medio (4 - 8 mts)",90,"Grande",-68.8554392111,-32.8647659818,6,"0",0.0420032310177706
30994,"Fresno europeo","Muy bajo (1 - 2 mts)",6,"Chico",-68.8553810992,-32.8647595126,6,"0",0.0420032310177706
30996,"Fresno europeo","Medio (4 - 8 mts)",80,"Grande",-68.8552055798,-32.8647454235,6,"0",0.0420032310177706
30999,"Fresno europeo","Medio (4 - 8 mts)",88,"Grande",-68.8550899298,-32.8646175681,6,"0",0.0420032310177706
31000,"Fresno europeo","Alto (> 8 mts)",110,"Grande",-68.855095365,-32.8645701524,6,"0",0.0420032310177706
31004,"Fresno europeo","Medio (4 - 8 mts)",100,"Grande",-68.8551260066,-32.8643360519,6,"0",0.0420032310177706
31010,"Fresno europeo","Medio (4 - 8 mts)",72,"Grande",-68.8553355656,-32.8641129444,6,"0",0.0420032310177706
31011,"Fresno europeo","Medio (4 - 8 mts)",92,"Grande",-68.8553966714,-32.864117647,6,"0",0.0420032310177706
31014,"Fresno europeo","Medio (4 - 8 mts)",96,"Grande",-68.8556109694,-32.8641340917,6,"0",0.0420032310177706
31015,"Paraiso","Bajo (2 - 4 mts)",20,"Chico",-68.8556669533,-32.8641348777,6,"0",0.0859023207481815
31022,"Fresno europeo","Medio (4 - 8 mts)",110,"Grande",-68.8558182605,-32.8645191744,6,"0",0.0420032310177706
31024,"Fresno europeo","Medio (4 - 8 mts)",88,"Grande",-68.8558099123,-32.8645941858,6,"0",0.0420032310177706
31025,"Fresno europeo","Medio (4 - 8 mts)",86,"Grande",-68.8558049052,-32.8646202003,6,"0",0.0420032310177706
31028,"Fresno europeo","Medio (4 - 8 mts)",62,"Grande",-68.8557504827,-32.8653357617,6,"0",0.0420032310177706
31031,"Fresno europeo","Bajo (2 - 4 mts)",35,"Mediano",-68.8557547188,-32.8652441832,6,"0",0.0420032310177706
31034,"Fresno europeo","Medio (4 - 8 mts)",70,"Grande",-68.8557655017,-32.8651000759,6,"0",0.0420032310177706
31035,"Fresno europeo","Bajo (2 - 4 mts)",40,"Mediano",-68.8557678034,-32.8650642812,6,"0",0.0420032310177706
31037,"Paraiso sombrilla","Bajo (2 - 4 mts)",42,"Mediano",-68.8557753794,-32.8650043489,6,"0",0.022887323943662
31044,"Fresno europeo","Alto (> 8 mts)",65,"Grande",-68.8555518196,-32.8648584545,6,"0",0.0420032310177706
31051,"Acer","Bajo (2 - 4 mts)",38,"Mediano",-68.8551884192,-32.8648273362,6,"0",0.0204081632653061
31054,"Perenne","Muy bajo (1 - 2 mts)",7,"Chico",-68.8550574829,-32.8649301852,6,"0",0.0364741641337386
31056,"Fresno europeo","Medio (4 - 8 mts)",63,"Grande",-68.8550528257,-32.8650036707,6,"0",0.0420032310177706
31057,"Fresno europeo","Medio (4 - 8 mts)",80,"Grande",-68.8550515632,-32.865047479,6,"0",0.0420032310177706
31061,"Fresno europeo","Alto (> 8 mts)",65,"Grande",-68.8550998909,-32.8652711861,6,"0",0.0420032310177706
31062,"Fresno europeo","Medio (4 - 8 mts)",60,"Mediano",-68.8551535915,-32.8652835745,6,"0",0.0420032310177706
31063,"Fresno europeo","Medio (4 - 8 mts)",50,"Mediano",-68.8551994762,-32.8652994604,6,"0",0.0420032310177706
31064,"Acer","Alto (> 8 mts)",140,"Grande",-68.8552554939,-32.8653107757,6,"0",0.0204081632653061
31067,"Fresno europeo","Bajo (2 - 4 mts)",90,"Grande",-68.855367201,-32.8653315979,6,"0",0.0420032310177706
31074,"Paraiso sombrilla","Medio (4 - 8 mts)",86,"Grande",-68.8548675519,-32.8649267947,6,"0",0.022887323943662
31075,"Paraiso","Alto (> 8 mts)",200,"Grande",-68.8548506142,-32.8650945995,6,"0",0.0859023207481815
31078,"Fresno europeo","Bajo (2 - 4 mts)",84,"Grande",-68.8547017413,-32.865185047,6,"0",0.0420032310177706
31079,"Morera","Alto (> 8 mts)",144,"Grande",-68.8546573124,-32.8651741751,6,"0",0.185148665048544
31080,"Morera","Alto (> 8 mts)",120,"Grande",-68.8546088195,-32.8651656428,6,"0",0.185148665048544
31083,"Morera","Medio (4 - 8 mts)",140,"Grande",-68.8544815134,-32.8651345666,6,"0",0.185148665048544
31096,"Acer","Bajo (2 - 4 mts)",38,"Mediano",-68.8541268851,-32.8647529169,6,"0",0.0204081632653061
31097,"Acer","Bajo (2 - 4 mts)",34,"Mediano",-68.854132974,-32.864694247,6,"0",0.0204081632653061
31098,"Acer","Alto (> 8 mts)",132,"Grande",-68.8541378133,-32.8646691621,6,"0",0.0204081632653061
31102,"Fresno europeo","Medio (4 - 8 mts)",140,"Grande",-68.8543547043,-32.8645307593,6,"0",0.0420032310177706
31108,"Fresno europeo","Bajo (2 - 4 mts)",50,"Mediano",-68.8547864275,-32.8645542291,6,"0",0.0420032310177706
31109,"Fresno europeo","Medio (4 - 8 mts)",94,"Grande",-68.8548402684,-32.8645588903,6,"0",0.0420032310177706
31115,"Fresno europeo","Medio (4 - 8 mts)",64,"Grande",-68.8545563345,-32.8644589998,6,"0",0.0420032310177706
31118,"Fresno europeo","Medio (4 - 8 mts)",86,"Grande",-68.8543235429,-32.864450198,6,"0",0.0420032310177706
31119,"Fresno europeo","Medio (4 - 8 mts)",84,"Grande",-68.8542714089,-32.8644471617,6,"0",0.0420032310177706
31120,"Fresno europeo","Bajo (2 - 4 mts)",74,"Grande",-68.8541869028,-32.8644434348,6,"0",0.0420032310177706
31122,"Paraiso sombrilla","Medio (4 - 8 mts)",140,"Grande",-68.8541774254,-32.8643255947,6,"0",0.022887323943662
31126,"Paraiso","Medio (4 - 8 mts)",120,"Grande",-68.854208867,-32.8640793558,6,"0",0.0859023207481815
31130,"Fresno europeo","Muy bajo (1 - 2 mts)",5,"Chico",-68.8544678964,-32.864051795,6,"0",0.0420032310177706
31134,"Fresno europeo","Medio (4 - 8 mts)",80,"Grande",-68.8546741912,-32.8640619534,6,"0",0.0420032310177706
31135,"Fresno europeo","Bajo (2 - 4 mts)",56,"Mediano",-68.8547771766,-32.8640681144,6,"0",0.0420032310177706
31138,"Paraiso sombrilla","Medio (4 - 8 mts)",94,"Grande",-68.8549426836,-32.8641136382,6,"0",0.022887323943662
31139,"Paraiso sombrilla","Medio (4 - 8 mts)",140,"Grande",-68.8549231736,-32.8642413913,6,"0",0.022887323943662
31141,"Morera","Medio (4 - 8 mts)",130,"Grande",-68.8549058087,-32.8643994564,6,"0",0.185148665048544
31146,"Morera","Alto (> 8 mts)",144,"Grande",-68.8542261936,-32.8637416009,6,"0",0.185148665048544
31147,"Morera","Alto (> 8 mts)",126,"Grande",-68.8542222302,-32.8636826254,6,"0",0.185148665048544
31148,"Morera","Alto (> 8 mts)",150,"Grande",-68.8542392079,-32.8636234037,6,"0",0.185148665048544
31149,"Fresno europeo","Muy bajo (1 - 2 mts)",12,"Chico",-68.8542380992,-32.863582736,6,"0",0.0420032310177706
31153,"Fresno europeo","Medio (4 - 8 mts)",80,"Grande",-68.854368826,-32.863479278,6,"0",0.0420032310177706
31162,"Morera","Alto (> 8 mts)",150,"Grande",-68.8549265892,-32.8635051455,6,"0",0.185148665048544
31164,"Morera","Medio (4 - 8 mts)",84,"Grande",-68.8549899201,-32.863603795,6,"0",0.185148665048544
31166,"Acacia visco","Medio (4 - 8 mts)",90,"Grande",-68.8549829069,-32.8636550681,6,"0",0.0625
31167,"Fresno europeo","Medio (4 - 8 mts)",82,"Grande",-68.8549797936,-32.863683256,6,"0",0.0420032310177706
31168,"Morera","Medio (4 - 8 mts)",90,"Grande",-68.8549723825,-32.8637236831,6,"0",0.185148665048544
31172,"Olmo bola","Bajo (2 - 4 mts)",154,"Grande",-68.8549544166,-32.8639005361,6,"0",0.0231481481481481
31173,"Olmo bola","Bajo (2 - 4 mts)",66,"Grande",-68.8549518751,-32.8639299618,6,"0",0.0231481481481481
31175,"Fresno europeo","Bajo (2 - 4 mts)",64,"Grande",-68.8548548652,-32.8639948336,6,"0",0.0420032310177706
31177,"Fresno europeo","Medio (4 - 8 mts)",80,"Grande",-68.854736676,-32.8639842304,6,"0",0.0420032310177706
31178,"Fresno europeo","Bajo (2 - 4 mts)",46,"Mediano",-68.8546864981,-32.8639794852,6,"0",0.0420032310177706
31184,"Fresno europeo","Medio (4 - 8 mts)",56,"Mediano",-68.8542698649,-32.863951378,6,"0",0.0420032310177706
31185,"Morera","Alto (> 8 mts)",130,"Grande",-68.8540233571,-32.8634470509,6,"0",0.185148665048544
31188,"Morera","Medio (4 - 8 mts)",110,"Grande",-68.8538094707,-32.863441391,6,"0",0.185148665048544
31189,"Morera","Medio (4 - 8 mts)",94,"Grande",-68.8537467587,-32.8634391537,6,"0",0.185148665048544
31192,"Paraiso sombrilla","Medio (4 - 8 mts)",80,"Grande",-68.853598969,-32.8636581641,6,"0",0.022887323943662
31193,"Paraiso sombrilla","Bajo (2 - 4 mts)",40,"Mediano",-68.8535992655,-32.8636870908,6,"0",0.022887323943662
31194,"Olmo bola","Medio (4 - 8 mts)",80,"Grande",-68.853590565,-32.8637368046,6,"0",0.0231481481481481
31195,"Olmo bola","Medio (4 - 8 mts)",76,"Grande",-68.8535863429,-32.8637717566,6,"0",0.0231481481481481
31197,"Morera","Medio (4 - 8 mts)",90,"Grande",-68.8535753681,-32.8638400364,6,"0",0.185148665048544
31198,"Morera","Alto (> 8 mts)",88,"Grande",-68.8535708382,-32.8638659097,6,"0",0.185148665048544
31202,"Ligustro","Bajo (2 - 4 mts)",50,"Mediano",-68.8535596982,-32.8639970501,6,"0",0.0138888888888889
31204,"Morera","Medio (4 - 8 mts)",62,"Grande",-68.8535513454,-32.864082824,6,"0",0.185148665048544
31205,"Morera","Medio (4 - 8 mts)",34,"Mediano",-68.8535456827,-32.8641205596,6,"0",0.185148665048544
31206,"Tilo","Bajo (2 - 4 mts)",20,"Chico",-68.8535273256,-32.8642535572,6,"0",0
31208,"Fresno europeo","Medio (4 - 8 mts)",100,"Grande",-68.8535158616,-32.8643782437,6,"0",0.0420032310177706
31209,"Fresno europeo","Medio (4 - 8 mts)",60,"Mediano",-68.8535052649,-32.8644549656,6,"0",0.0420032310177706
31210,"Fresno americano","Medio (4 - 8 mts)",72,"Grande",-68.8534982014,-32.8645233374,6,"0",0.0512455516014235
31211,"Olmo comun","Medio (4 - 8 mts)",102,"Grande",-68.8534907406,-32.8646142872,6,"0",0.0227272727272727
31212,"Prunas","Bajo (2 - 4 mts)",26,"Mediano",-68.8534808465,-32.8646997211,6,"0",0.0321782178217822
31213,"Morera","Alto (> 8 mts)",184,"Grande",-68.8534754947,-32.8647822488,6,"0",0.185148665048544
31215,"Morera","Alto (> 8 mts)",122,"Grande",-68.8534611512,-32.8649011034,6,"0",0.185148665048544
31223,"Ailanthus","Alto (> 8 mts)",140,"Grande",-68.8539750174,-32.8649163144,6,"0",0.0380952380952381
31224,"Fresno americano","Bajo (2 - 4 mts)",30,"Mediano",-68.853980073,-32.8648772968,6,"0",0.0512455516014235
31225,"Ailanthus","Alto (> 8 mts)",144,"Grande",-68.8539786326,-32.8648493452,6,"0",0.0380952380952381
31229,"Perenne","Bajo (2 - 4 mts)",80,"Grande",-68.8539983525,-32.8646563649,6,"0",0.0364741641337386
31233,"Paraiso sombrilla","Medio (4 - 8 mts)",100,"Grande",-68.8540178794,-32.8644787338,6,"0",0.022887323943662
31235,"Paraiso sombrilla","Bajo (2 - 4 mts)",80,"Grande",-68.8540235886,-32.8643903329,6,"0",0.022887323943662
31240,"Morera","Alto (> 8 mts)",104,"Grande",-68.8540586471,-32.8640952308,6,"0",0.185148665048544
31243,"Acer","Medio (4 - 8 mts)",100,"Grande",-68.8540666781,-32.8639394985,6,"0",0.0204081632653061
31245,"Paraiso sombrilla","Medio (4 - 8 mts)",120,"Grande",-68.8540750529,-32.8637916762,6,"0",0.022887323943662
31249,"Morera","Alto (> 8 mts)",106,"Grande",-68.8529487838,-32.8632325415,6,"0",0.185148665048544
31256,"Morera","Alto (> 8 mts)",160,"Grande",-68.8530009072,-32.8635083945,6,"0",0.185148665048544
31259,"Olmo bola","Medio (4 - 8 mts)",90,"Grande",-68.8534889755,-32.8634245151,6,"0",0.0231481481481481
31262,"Morera","Medio (4 - 8 mts)",100,"Grande",-68.8535172887,-32.8636485483,6,"0",0.185148665048544
31263,"Morera","Alto (> 8 mts)",160,"Grande",-68.8535100243,-32.8637312515,6,"0",0.185148665048544
31264,"Prunas","Bajo (2 - 4 mts)",54,"Mediano",-68.8534995918,-32.8638043478,6,"0",0.0321782178217822
31265,"Fresno europeo","Medio (4 - 8 mts)",66,"Grande",-68.8533741771,-32.8644984036,6,"0",0.0420032310177706
31266,"Morera","Alto (> 8 mts)",180,"Grande",-68.8534708851,-32.8640651864,6,"1",0.185148665048544
31269,"Fresno europeo","Medio (4 - 8 mts)",110,"Grande",-68.8534249307,-32.86449495,6,"0",0.0420032310177706
31271,"Morera","Medio (4 - 8 mts)",128,"Grande",-68.8534074947,-32.8646835453,6,"0",0.185148665048544
31272,"Morera","Alto (> 8 mts)",110,"Grande",-68.8533993679,-32.8647591141,6,"0",0.185148665048544
31278,"Morera","Bajo (2 - 4 mts)",34,"Mediano",-68.8529465236,-32.864891571,6,"0",0.185148665048544
31281,"Morera","Medio (4 - 8 mts)",110,"Grande",-68.852900061,-32.8646811923,6,"0",0.185148665048544
31282,"Morera","Medio (4 - 8 mts)",120,"Grande",-68.8529053762,-32.8646327775,6,"0",0.185148665048544
31284,"Morera","Medio (4 - 8 mts)",80,"Grande",-68.8529126508,-32.8645507111,6,"0",0.185148665048544
31286,"Fresno europeo","Bajo (2 - 4 mts)",26,"Mediano",-68.8529310982,-32.8643060126,6,"0",0.0420032310177706
31289,"Morera","Alto (> 8 mts)",140,"Grande",-68.85294893,-32.8641902415,6,"0",0.185148665048544
31291,"Acer","Alto (> 8 mts)",80,"Grande",-68.8484544554,-32.86466079,6,"0",0.0204081632653061
31292,"Paraiso","Alto (> 8 mts)",190,"Grande",-68.8484586176,-32.8647263483,6,"0",0.0859023207481815
31301,"Morera","Alto (> 8 mts)",180,"Grande",-68.8485065999,-32.8646142473,6,"1",0.185148665048544
31306,"Morera","Alto (> 8 mts)",88,"Grande",-68.8488217327,-32.8646412438,6,"1",0.185148665048544
31307,"Morera","Medio (4 - 8 mts)",100,"Grande",-68.8488846206,-32.8646479121,6,"1",0.185148665048544
31310,"Fresno europeo","Medio (4 - 8 mts)",64,"Grande",-68.8495588372,-32.8649300193,6,"0",0.0420032310177706
31311,"Morera","Alto (> 8 mts)",160,"Grande",-68.8495453949,-32.8650928727,6,"0",0.185148665048544
31312,"Morera","Alto (> 8 mts)",140,"Grande",-68.8495417518,-32.8651370154,6,"0",0.185148665048544
31313,"Morera","Alto (> 8 mts)",130,"Grande",-68.849537211,-32.8651920295,6,"0",0.185148665048544
31321,"Prunas","Bajo (2 - 4 mts)",50,"Mediano",-68.8484613945,-32.8652043971,6,"0",0.0321782178217822
31324,"Acer","Alto (> 8 mts)",160,"Grande",-68.8484670888,-32.865440907,6,"0",0.0204081632653061
31325,"Acer","Alto (> 8 mts)",150,"Grande",-68.8484704446,-32.8655647715,6,"0",0.0204081632653061
31327,"Acer","Medio (4 - 8 mts)",110,"Grande",-68.8484688017,-32.8656600309,6,"0",0.0204081632653061
31329,"Acer","Alto (> 8 mts)",160,"Grande",-68.8484736052,-32.8658222697,6,"0",0.0204081632653061
31341,"Paraiso","Alto (> 8 mts)",160,"Grande",-68.8490278097,-32.8662484117,6,"1",0.0859023207481815
31344,"Morera","Medio (4 - 8 mts)",34,"Mediano",-68.8492938672,-32.8662653823,6,"0",0.185148665048544
31345,"Morera","Muy bajo (1 - 2 mts)",16,"Chico",-68.8493355827,-32.8662683721,6,"0",0.185148665048544
31349,"Morera","Medio (4 - 8 mts)",36,"Mediano",-68.849453936,-32.866018819,6,"0",0.185148665048544
31350,"Morera","Alto (> 8 mts)",170,"Grande",-68.8494556796,-32.8659499189,6,"0",0.185148665048544
31352,"Morera","Medio (4 - 8 mts)",90,"Grande",-68.8494024771,-32.8658536089,6,"0",0.185148665048544
31356,"Morera","Alto (> 8 mts)",150,"Grande",-68.848873079,-32.8658218115,6,"1",0.185148665048544
31358,"Acer","Alto (> 8 mts)",170,"Grande",-68.8489547139,-32.8657589041,6,"0",0.0204081632653061
31361,"Morera","Alto (> 8 mts)",160,"Grande",-68.8494803419,-32.8657503764,6,"0",0.185148665048544
31363,"Paraiso","Alto (> 8 mts)",144,"Grande",-68.849494521,-32.8656245971,6,"0",0.0859023207481815
31365,"Morera","Medio (4 - 8 mts)",180,"Grande",-68.8495020792,-32.8654802737,6,"0",0.185148665048544
31368,"Fresno europeo","Bajo (2 - 4 mts)",60,"Mediano",-68.8503657422,-32.8841956675,1,"1",0.0420032310177706
31372,"Fresno europeo","Bajo (2 - 4 mts)",100,"Grande",-68.8505780479,-32.8841539025,1,"0",0.0420032310177706
31374,"Fresno europeo","Alto (> 8 mts)",160,"Grande",-68.8507165843,-32.8841310748,1,"1",0.0420032310177706
31375,"Fresno americano","Medio (4 - 8 mts)",50,"Mediano",-68.8507860701,-32.8841173618,1,"0",0.0512455516014235
31378,"Fresno europeo","Medio (4 - 8 mts)",140,"Grande",-68.8512050013,-32.8840430204,1,"0",0.0420032310177706
31380,"Fresno europeo","Medio (4 - 8 mts)",120,"Grande",-68.8513040992,-32.8840230305,1,"0",0.0420032310177706
31385,"Fresno europeo","Bajo (2 - 4 mts)",60,"Mediano",-68.8514890576,-32.8841520454,1,"0",0.0420032310177706
31386,"Fresno europeo","Medio (4 - 8 mts)",80,"Grande",-68.851436746,-32.8843274192,1,"0",0.0420032310177706
31387,"Morera","Alto (> 8 mts)",160,"Grande",-68.8513972693,-32.884472314,1,"1",0.185148665048544
31390,"Morera","Alto (> 8 mts)",200,"Grande",-68.8513542777,-32.8846281258,5,"0",0.185148665048544
31394,"Morera","Bajo (2 - 4 mts)",24,"Mediano",-68.8513030271,-32.8848570046,5,"0",0.185148665048544
31396,"Fresno europeo","Alto (> 8 mts)",100,"Grande",-68.8512769402,-32.8849508398,5,"1",0.0420032310177706
31398,"Morera","Medio (4 - 8 mts)",160,"Grande",-68.8512052119,-32.8850041347,5,"1",0.185148665048544
31400,"Fresno europeo","Medio (4 - 8 mts)",110,"Grande",-68.8509786879,-32.8850478675,5,"0",0.0420032310177706
31403,"Pltano","Alto (> 8 mts)",220,"Grande",-68.8506977507,-32.8851020849,1,"0",0.0903973509933775
31411,"Fresno europeo","Muy bajo (1 - 2 mts)",4,"Chico",-68.8504179894,-32.8848391705,1,"0",0.0420032310177706
31412,"Fresno europeo","Muy bajo (1 - 2 mts)",4,"Chico",-68.8504017474,-32.8847744998,1,"0",0.0420032310177706
31415,"Fresno europeo","Bajo (2 - 4 mts)",20,"Chico",-68.85033365,-32.8845169653,1,"0",0.0420032310177706
31419,"Morera","Medio (4 - 8 mts)",95,"Grande",-68.8503448904,-32.8850935479,1,"1",0.185148665048544
31420,"Pltano","Alto (> 8 mts)",240,"Grande",-68.8502798447,-32.8851990582,1,"1",0.0903973509933775
31422,"Morera","Alto (> 8 mts)",230,"Grande",-68.8501386041,-32.8852223899,1,"1",0.185148665048544
31423,"Morera","Medio (4 - 8 mts)",60,"Mediano",-68.8500444514,-32.8852417869,1,"1",0.185148665048544
31430,"Morera","Alto (> 8 mts)",142,"Grande",-68.8494221787,-32.8853576714,1,"0",0.185148665048544
31437,"Fresno europeo","Alto (> 8 mts)",190,"Grande",-68.8489473185,-32.8851364113,1,"0",0.0420032310177706
31441,"Fresno europeo","Alto (> 8 mts)",150,"Grande",-68.8488415079,-32.884759689,1,"1",0.0420032310177706
31447,"Morera","Alto (> 8 mts)",155,"Grande",-68.8490540749,-32.8844452127,1,"1",0.185148665048544
31448,"Fresno europeo","Alto (> 8 mts)",180,"Grande",-68.849132646,-32.8844307903,1,"1",0.0420032310177706
31450,"Fresno europeo","Alto (> 8 mts)",154,"Grande",-68.8493161956,-32.8843950565,1,"1",0.0420032310177706
31451,"Fresno europeo","Alto (> 8 mts)",158,"Grande",-68.8494065277,-32.8843772217,1,"1",0.0420032310177706
31454,"Fresno europeo","Alto (> 8 mts)",180,"Grande",-68.8496851467,-32.8843291666,1,"0",0.0420032310177706
31459,"Morera","Alto (> 8 mts)",108,"Grande",-68.850213749,-32.8845946441,1,"0",0.185148665048544
31463,"Fresno europeo","Alto (> 8 mts)",128,"Grande",-68.8503043185,-32.8849440889,1,"0",0.0420032310177706
31466,"Morera","Medio (4 - 8 mts)",74,"Grande",-68.858488871,-32.8914323649,5,"0",0.185148665048544
31470,"Paraiso","Medio (4 - 8 mts)",90,"Grande",-68.8583200702,-32.8915954701,5,"1",0.0859023207481815
31474,"Pltano","Alto (> 8 mts)",180,"Grande",-68.8586263664,-32.891532518,5,"0",0.0903973509933775
31477,"Paraiso sombrilla","Alto (> 8 mts)",170,"Grande",-68.8587531516,-32.8915124633,5,"1",0.022887323943662
31479,"Paraiso","Medio (4 - 8 mts)",115,"Grande",-68.8581199103,-32.8912498051,5,"0",0.0859023207481815
31481,"Paraiso","Alto (> 8 mts)",150,"Grande",-68.8586759728,-32.8914009352,5,"1",0.0859023207481815
31483,"Morera","Bajo (2 - 4 mts)",18,"Chico",-68.8588809779,-32.8912752238,5,"0",0.185148665048544
31485,"Eucalyptus","Alto (> 8 mts)",160,"Grande",-68.8588861838,-32.8912010277,5,"0",0.0909090909090909
31492,"Morera","Alto (> 8 mts)",140,"Grande",-68.8588853572,-32.8909046921,5,"1",0.185148665048544
31496,"Paraiso","Alto (> 8 mts)",115,"Grande",-68.8588830332,-32.8906178614,5,"0",0.0859023207481815
31499,"Olmo comun","Alto (> 8 mts)",190,"Grande",-68.8586705246,-32.8905108611,5,"0",0.0227272727272727
31501,"Pltano","Alto (> 8 mts)",170,"Grande",-68.8584094322,-32.890560872,5,"1",0.0903973509933775
31503,"Pltano","Alto (> 8 mts)",190,"Grande",-68.8581909927,-32.8906002476,5,"0",0.0903973509933775
31504,"Pltano","Alto (> 8 mts)",180,"Grande",-68.8580960629,-32.8906165507,5,"0",0.0903973509933775
31511,"Fresno europeo","Alto (> 8 mts)",122,"Grande",-68.8580450106,-32.8909696547,5,"0",0.0420032310177706
31514,"Fresno europeo","Alto (> 8 mts)",120,"Grande",-68.8581103891,-32.8911886596,5,"0",0.0420032310177706
31515,"Pltano","Alto (> 8 mts)",220,"Grande",-68.8591287298,-32.8914575772,5,"0",0.0903973509933775
31517,"Fresno europeo","Alto (> 8 mts)",96,"Grande",-68.8593775683,-32.8914101037,5,"0",0.0420032310177706
31518,"Fresno europeo","Alto (> 8 mts)",95,"Grande",-68.8594500522,-32.8913955778,5,"0",0.0420032310177706
31520,"Morera","Alto (> 8 mts)",138,"Grande",-68.8596515692,-32.8913584741,5,"1",0.185148665048544
31527,"Morera","Alto (> 8 mts)",136,"Grande",-68.8602534586,-32.8911718668,5,"0",0.185148665048544
31528,"Morera","Alto (> 8 mts)",150,"Grande",-68.8602485402,-32.8911052263,5,"1",0.185148665048544
31529,"Morera","Alto (> 8 mts)",137,"Grande",-68.8602382946,-32.89102803,5,"0",0.185148665048544
31530,"Morera","Alto (> 8 mts)",145,"Grande",-68.8602333818,-32.8909577827,5,"0",0.185148665048544
31534,"Morera","Alto (> 8 mts)",125,"Grande",-68.8602059568,-32.8907203267,5,"0",0.185148665048544
31536,"Fresno europeo","Medio (4 - 8 mts)",63,"Grande",-68.8601858057,-32.8905604442,5,"0",0.0420032310177706
31538,"Morera","Alto (> 8 mts)",107,"Grande",-68.8601752862,-32.890453582,5,"0",0.185148665048544
31539,"Morera","Alto (> 8 mts)",111,"Grande",-68.8601729315,-32.8903877558,5,"0",0.185148665048544
31540,"Morera","Alto (> 8 mts)",80,"Grande",-68.8601669207,-32.8903361723,5,"0",0.185148665048544
31541,"Morera","Alto (> 8 mts)",81,"Grande",-68.8601643226,-32.8902892815,5,"0",0.185148665048544
31544,"Morera","Alto (> 8 mts)",111,"Grande",-68.8599565132,-32.8902857505,5,"1",0.185148665048544
31548,"Pltano","Alto (> 8 mts)",160,"Grande",-68.8595949204,-32.8903454501,5,"0",0.0903973509933775
31550,"Pltano","Alto (> 8 mts)",150,"Grande",-68.8594487884,-32.8903765322,5,"0",0.0903973509933775
31560,"Morera","Alto (> 8 mts)",131,"Grande",-68.8590124156,-32.8909139425,5,"1",0.185148665048544
31561,"Fresno europeo","Alto (> 8 mts)",106,"Grande",-68.8590144506,-32.8909786863,5,"0",0.0420032310177706
31562,"Morera","Alto (> 8 mts)",200,"Grande",-68.8590164644,-32.8911242216,5,"0",0.185148665048544
31570,"Fresno europeo","Medio (4 - 8 mts)",70,"Grande",-68.8590613262,-32.8884401159,5,"0",0.0420032310177706
31572,"Fresno europeo","Alto (> 8 mts)",92,"Grande",-68.8590511276,-32.8887391055,5,"0",0.0420032310177706
31579,"Morera","Alto (> 8 mts)",115,"Grande",-68.8592523202,-32.8891738574,5,"1",0.185148665048544
31580,"Morera","Alto (> 8 mts)",196,"Grande",-68.8593802796,-32.8891524509,5,"1",0.185148665048544
31583,"Morera","Alto (> 8 mts)",150,"Grande",-68.8596334282,-32.8891042243,5,"0",0.185148665048544
31585,"Morera","Alto (> 8 mts)",178,"Grande",-68.8598672273,-32.8890594019,5,"0",0.185148665048544
31588,"Morera","Alto (> 8 mts)",80,"Grande",-68.8602284809,-32.8889986047,5,"0",0.185148665048544
31589,"Pltano","Alto (> 8 mts)",158,"Grande",-68.8603883078,-32.8889670401,5,"0",0.0903973509933775
31590,"Pltano","Alto (> 8 mts)",92,"Grande",-68.860473907,-32.8889483516,5,"0",0.0903973509933775
31595,"Fresno europeo","Alto (> 8 mts)",198,"Grande",-68.8611217207,-32.8888327634,5,"0",0.0420032310177706
31597,"Morera","Alto (> 8 mts)",150,"Grande",-68.8613233417,-32.8887933127,5,"0",0.185148665048544
31598,"Morera","Alto (> 8 mts)",148,"Grande",-68.8613971059,-32.8887786067,5,"1",0.185148665048544
31599,"lamo criollo","Alto (> 8 mts)",155,"Grande",-68.8615582416,-32.8887268478,5,"0",0.0128205128205128
31602,"Morera","Medio (4 - 8 mts)",35,"Mediano",-68.8615155915,-32.8885261741,5,"0",0.185148665048544
31603,"Olmo comun","Alto (> 8 mts)",142,"Grande",-68.8615038489,-32.8884641057,5,"0",0.0227272727272727
31604,"Olmo comun","Alto (> 8 mts)",133,"Grande",-68.8614871776,-32.8883798881,5,"0",0.0227272727272727
31608,"Morera","Alto (> 8 mts)",115,"Grande",-68.8613846364,-32.887864187,5,"0",0.185148665048544
31610,"Pltano","Alto (> 8 mts)",156,"Grande",-68.8610065412,-32.8878565538,5,"0",0.0903973509933775
31611,"Morera","Alto (> 8 mts)",145,"Grande",-68.8609309614,-32.887870987,5,"0",0.185148665048544
31613,"Pltano","Alto (> 8 mts)",198,"Grande",-68.8607590715,-32.887898117,5,"0",0.0903973509933775
31614,"Fresno americano","Medio (4 - 8 mts)",55,"Mediano",-68.8606584767,-32.8879171209,5,"0",0.0512455516014235
31618,"Pltano","Alto (> 8 mts)",180,"Grande",-68.8603403329,-32.8879793434,5,"0",0.0903973509933775
31621,"Tilo","Alto (> 8 mts)",115,"Grande",-68.8600185562,-32.8880408398,5,"0",0
31622,"Pltano","Alto (> 8 mts)",170,"Grande",-68.8598707171,-32.8880644789,5,"0",0.0903973509933775
31625,"Pltano","Alto (> 8 mts)",186,"Grande",-68.8595076804,-32.8881306164,5,"0",0.0903973509933775
31628,"Pltano","Alto (> 8 mts)",195,"Grande",-68.8591448532,-32.8881990976,5,"0",0.0903973509933775
31631,"Pltano","Alto (> 8 mts)",250,"Grande",-68.8582819649,-32.8883637789,5,"0",0.0903973509933775
31640,"Fresno europeo","Medio (4 - 8 mts)",60,"Mediano",-68.8574655871,-32.8886652263,5,"0",0.0420032310177706
31642,"Fresno europeo","Alto (> 8 mts)",120,"Grande",-68.8574985294,-32.8887879309,5,"0",0.0420032310177706
31643,"Fresno europeo","Alto (> 8 mts)",108,"Grande",-68.8575264495,-32.888904822,5,"0",0.0420032310177706
31646,"Paraiso","Alto (> 8 mts)",156,"Grande",-68.857568164,-32.8890742235,5,"0",0.0859023207481815
31650,"Morera","Medio (4 - 8 mts)",80,"Grande",-68.8576375215,-32.8893509704,5,"0",0.185148665048544
31657,"Pltano","Medio (4 - 8 mts)",42,"Mediano",-68.8582486425,-32.8893578592,5,"0",0.0903973509933775
31658,"Morera","Muy bajo (1 - 2 mts)",4,"Chico",-68.8582924504,-32.8893498216,5,"0",0.185148665048544
31661,"Morera","Muy bajo (1 - 2 mts)",18,"Chico",-68.858505819,-32.8893090804,5,"0",0.185148665048544
31664,"Morera","Muy bajo (1 - 2 mts)",5,"Chico",-68.8587561381,-32.8892618144,5,"0",0.185148665048544
31667,"Fresno europeo","Alto (> 8 mts)",74,"Grande",-68.8589119902,-32.8892053938,5,"0",0.0420032310177706
31668,"Morera","Alto (> 8 mts)",130,"Grande",-68.8589067804,-32.8891600437,5,"1",0.185148665048544
31670,"Acer","Alto (> 8 mts)",150,"Grande",-68.8589144398,-32.8889422919,5,"0",0.0204081632653061
31671,"Morera","Muy bajo (1 - 2 mts)",5,"Chico",-68.8589138371,-32.8889166742,5,"0",0.185148665048544
31674,"Morera","Medio (4 - 8 mts)",46,"Mediano",-68.8589201485,-32.8886431079,5,"0",0.185148665048544
31679,"Pltano","Alto (> 8 mts)",198,"Grande",-68.8588242034,-32.8882653043,5,"0",0.0903973509933775
31686,"Pltano","Alto (> 8 mts)",190,"Grande",-68.8609590396,-32.8911039912,5,"1",0.0903973509933775
31690,"Pltano","Alto (> 8 mts)",190,"Grande",-68.8613007969,-32.8910385734,5,"1",0.0903973509933775
31692,"Morera","Medio (4 - 8 mts)",96,"Grande",-68.8614445386,-32.8910122834,5,"1",0.185148665048544
31696,"lamo criollo","Alto (> 8 mts)",140,"Grande",-68.861805055,-32.8909447245,5,"0",0.0128205128205128
31697,"lamo criollo","Alto (> 8 mts)",220,"Grande",-68.8619292715,-32.8908606311,5,"0",0.0128205128205128
31698,"lamo criollo","Alto (> 8 mts)",205,"Grande",-68.8619255846,-32.8908260021,5,"0",0.0128205128205128
31703,"Morera","Muy bajo (1 - 2 mts)",8,"Chico",-68.8618024459,-32.8902241591,5,"0",0.185148665048544
31706,"Pltano","Alto (> 8 mts)",240,"Grande",-68.8616879879,-32.8899621289,5,"0",0.0903973509933775
31707,"Pltano","Alto (> 8 mts)",230,"Grande",-68.8616077111,-32.8899719587,5,"0",0.0903973509933775
31708,"Pltano","Alto (> 8 mts)",210,"Grande",-68.8615313751,-32.8899904491,5,"0",0.0903973509933775
31710,"Morera","Alto (> 8 mts)",118,"Grande",-68.8613401281,-32.8900235096,5,"1",0.185148665048544
31713,"Morera","Medio (4 - 8 mts)",100,"Grande",-68.8611380792,-32.890061427,5,"1",0.185148665048544
31718,"Pltano","Alto (> 8 mts)",210,"Grande",-68.8606925026,-32.8901446084,5,"0",0.0903973509933775
31719,"Morera","Muy bajo (1 - 2 mts)",10,"Chico",-68.8605645376,-32.8901689016,5,"0",0.185148665048544
31721,"Morera","Alto (> 8 mts)",130,"Grande",-68.8604038629,-32.8901972158,5,"1",0.185148665048544
31724,"Morera","Medio (4 - 8 mts)",105,"Grande",-68.8603055174,-32.8903475984,5,"1",0.185148665048544
31728,"Morera","Alto (> 8 mts)",132,"Grande",-68.8603368372,-32.8906163375,5,"1",0.185148665048544
31729,"Morera","Alto (> 8 mts)",145,"Grande",-68.8603427581,-32.8906571006,5,"0",0.185148665048544
31730,"Morera","Medio (4 - 8 mts)",99,"Grande",-68.860347642,-32.8907458325,5,"0",0.185148665048544
31731,"Morera","Alto (> 8 mts)",135,"Grande",-68.8603494234,-32.8907002991,5,"0",0.185148665048544
31733,"Morera","Alto (> 8 mts)",104,"Grande",-68.8603619222,-32.890908153,5,"0",0.185148665048544
31735,"Morera","Alto (> 8 mts)",74,"Grande",-68.860373171,-32.8910271888,5,"1",0.185148665048544
31737,"Caducifolio","Medio (4 - 8 mts)",31,"Mediano",-68.8603846805,-32.8911162888,5,"1",0.0512249443207127
31738,"Fresno americano","Medio (4 - 8 mts)",90,"Grande",-68.8588986053,-32.8893835801,5,"0",0.0512455516014235
31739,"Morera","Alto (> 8 mts)",140,"Grande",-68.8588107749,-32.8893658304,5,"1",0.185148665048544
31742,"Pltano","Alto (> 8 mts)",150,"Grande",-68.8586258785,-32.8894049659,5,"0",0.0903973509933775
31743,"Fresno americano","Medio (4 - 8 mts)",85,"Grande",-68.8585152545,-32.8894242371,5,"0",0.0512455516014235
31744,"Pltano","Alto (> 8 mts)",170,"Grande",-68.8584799773,-32.8894301483,5,"0",0.0903973509933775
31747,"Pltano","Alto (> 8 mts)",150,"Grande",-68.858259005,-32.8894725481,5,"0",0.0903973509933775
31749,"Pltano","Alto (> 8 mts)",150,"Grande",-68.8580993657,-32.8895013718,5,"0",0.0903973509933775
31755,"Fresno europeo","Medio (4 - 8 mts)",105,"Grande",-68.8577165242,-32.8896714765,5,"0",0.0420032310177706
31756,"Fresno europeo","Medio (4 - 8 mts)",100,"Grande",-68.8577379011,-32.8897368735,5,"0",0.0420032310177706
31757,"Fresno europeo","Medio (4 - 8 mts)",100,"Grande",-68.8577533595,-32.8898015216,5,"0",0.0420032310177706
31758,"Acacia SP","Alto (> 8 mts)",155,"Grande",-68.8577638046,-32.8898453764,5,"0",0.150492264416315
31761,"Caducifolio","Bajo (2 - 4 mts)",120,"Grande",-68.8578214627,-32.890079431,5,"0",0.0512249443207127
31763,"Fresno europeo","Muy bajo (1 - 2 mts)",40,"Mediano",-68.8578552672,-32.8902035008,5,"0",0.0420032310177706
31764,"Fresno europeo","Medio (4 - 8 mts)",110,"Grande",-68.8579027638,-32.8903949776,5,"0",0.0420032310177706
31765,"Fresno europeo","Medio (4 - 8 mts)",100,"Grande",-68.8579125826,-32.8904409326,5,"1",0.0420032310177706
31766,"Fresno europeo","Alto (> 8 mts)",105,"Grande",-68.8579202169,-32.8904789025,5,"0",0.0420032310177706
31769,"Pltano","Alto (> 8 mts)",170,"Grande",-68.8581632368,-32.8904854001,5,"0",0.0903973509933775
31770,"Pltano","Alto (> 8 mts)",145,"Grande",-68.8582897014,-32.8904644438,5,"0",0.0903973509933775
31772,"Pltano","Medio (4 - 8 mts)",115,"Grande",-68.8584823473,-32.8904267008,5,"0",0.0903973509933775
31775,"Olmo comun","Medio (4 - 8 mts)",115,"Grande",-68.8588910177,-32.8902503823,5,"0",0.0227272727272727
31777,"Tilo","Alto (> 8 mts)",95,"Grande",-68.8588932067,-32.890122129,5,"0",0
31779,"Paraiso sombrilla","Medio (4 - 8 mts)",135,"Grande",-68.8588908076,-32.8898657943,5,"0",0.022887323943662
31782,"Caducifolio","Muy bajo (1 - 2 mts)",8,"Chico",-68.8589026049,-32.8896239793,5,"0",0.0512249443207127
31784,"Fresno americano","Medio (4 - 8 mts)",115,"Grande",-68.8589045734,-32.8895471637,5,"0",0.0512455516014235
31785,"Paraiso","Medio (4 - 8 mts)",92,"Grande",-68.8589059584,-32.8894919501,5,"0",0.0859023207481815
31786,"Ailanthus","Medio (4 - 8 mts)",35,"Mediano",-68.8590762981,-32.8903241278,5,"0",0.0380952380952381
31789,"Fresno europeo","Medio (4 - 8 mts)",90,"Grande",-68.8593423804,-32.8902768307,5,"0",0.0420032310177706
31796,"Morera","Medio (4 - 8 mts)",90,"Grande",-68.8601385702,-32.8900431657,5,"0",0.185148665048544
31810,"Fresno europeo","Bajo (2 - 4 mts)",72,"Grande",-68.8598172313,-32.889182517,5,"0",0.0420032310177706
31813,"Morera","Alto (> 8 mts)",110,"Grande",-68.8595175796,-32.8892394382,5,"1",0.185148665048544
31816,"Morera","Medio (4 - 8 mts)",90,"Grande",-68.8592619728,-32.8892874815,5,"0",0.185148665048544
31818,"Perenne","Bajo (2 - 4 mts)",40,"Mediano",-68.8590941295,-32.8893217371,5,"0",0.0364741641337386
31820,"Fresno europeo","Medio (4 - 8 mts)",60,"Mediano",-68.8590364675,-32.8894258175,5,"0",0.0420032310177706
31821,"Morera","Medio (4 - 8 mts)",66,"Grande",-68.8590276971,-32.8894976725,5,"0",0.185148665048544
31822,"Fresno europeo","Medio (4 - 8 mts)",60,"Mediano",-68.8590276124,-32.8895511427,5,"0",0.0420032310177706
31824,"Fresno europeo","Medio (4 - 8 mts)",48,"Mediano",-68.8590291494,-32.8897278761,5,"0",0.0420032310177706
31827,"Fresno europeo","Medio (4 - 8 mts)",60,"Mediano",-68.859025672,-32.8899666401,5,"0",0.0420032310177706
31830,"Morera","Medio (4 - 8 mts)",60,"Mediano",-68.8590220544,-32.8901737844,5,"1",0.185148665048544
31831,"Olmo comun","Medio (4 - 8 mts)",70,"Grande",-68.8590240683,-32.8902369655,5,"0",0.0227272727272727
31841,"Pltano","Alto (> 8 mts)",250,"Grande",-68.8610676502,-32.8899640373,5,"0",0.0903973509933775
31842,"Pltano","Alto (> 8 mts)",180,"Grande",-68.8612054989,-32.8899380683,5,"0",0.0903973509933775
31851,"Ailanthus","Alto (> 8 mts)",160,"Grande",-68.8616646797,-32.8892807847,5,"0",0.0380952380952381
31854,"Morera","Alto (> 8 mts)",153,"Grande",-68.8614348735,-32.8888889255,5,"1",0.185148665048544
31856,"Morera","Alto (> 8 mts)",150,"Grande",-68.8612951016,-32.8889149918,5,"1",0.185148665048544
31857,"Morera","Alto (> 8 mts)",150,"Grande",-68.8612286545,-32.8889299042,5,"1",0.185148665048544
31858,"Morera","Alto (> 8 mts)",185,"Grande",-68.8611476233,-32.8889443315,5,"1",0.185148665048544
31859,"Fresno europeo","Alto (> 8 mts)",103,"Grande",-68.8610172293,-32.8889683006,5,"0",0.0420032310177706
31862,"Morera","Alto (> 8 mts)",155,"Grande",-68.8605634058,-32.8890491794,5,"1",0.185148665048544
31864,"Morera","Medio (4 - 8 mts)",87,"Grande",-68.8603580497,-32.8890845671,5,"0",0.185148665048544
31865,"Morera","Alto (> 8 mts)",180,"Grande",-68.860274251,-32.889101272,5,"1",0.185148665048544
31866,"Morera","Alto (> 8 mts)",123,"Grande",-68.8602160637,-32.8891230009,5,"0",0.185148665048544
31867,"Morera","Alto (> 8 mts)",57,"Mediano",-68.8602034828,-32.8891719487,5,"0",0.185148665048544
31868,"Morera","Alto (> 8 mts)",87,"Grande",-68.8602126058,-32.8892833179,5,"0",0.185148665048544
31872,"Morera","Alto (> 8 mts)",145,"Grande",-68.8602457229,-32.8896321293,5,"1",0.185148665048544
31873,"Fresno europeo","Alto (> 8 mts)",148,"Grande",-68.8602516541,-32.8897343878,5,"0",0.0420032310177706
31876,"Morera","Alto (> 8 mts)",98,"Grande",-68.8602777315,-32.8900064573,5,"1",0.185148665048544
31878,"Morera","Bajo (2 - 4 mts)",50,"Mediano",-68.8586277105,-32.8837540724,5,"0",0.185148665048544
31882,"Pltano","Alto (> 8 mts)",200,"Grande",-68.8580913815,-32.8848762526,5,"0",0.0903973509933775
31885,"Fresno europeo","Medio (4 - 8 mts)",110,"Grande",-68.858379793,-32.8848227485,5,"1",0.0420032310177706
31887,"Morera","Medio (4 - 8 mts)",100,"Grande",-68.858621064,-32.8847767647,5,"1",0.185148665048544
31888,"Fresno americano","Medio (4 - 8 mts)",50,"Mediano",-68.8587087174,-32.8847549959,5,"0",0.0512455516014235
31891,"Fresno europeo","Bajo (2 - 4 mts)",40,"Mediano",-68.8587274081,-32.8844998849,5,"0",0.0420032310177706
31896,"Morera","Medio (4 - 8 mts)",100,"Grande",-68.8587019573,-32.8841272326,5,"0",0.185148665048544
31898,"Morera","Medio (4 - 8 mts)",130,"Grande",-68.8586855309,-32.8838808229,5,"1",0.185148665048544
31902,"Morera","Medio (4 - 8 mts)",160,"Grande",-68.8583790211,-32.8836955417,5,"0",0.185148665048544
31907,"Morera","Medio (4 - 8 mts)",160,"Grande",-68.8576978162,-32.8837240465,5,"0",0.185148665048544
31908,"Morera","Medio (4 - 8 mts)",140,"Grande",-68.8576192596,-32.8837306566,5,"0",0.185148665048544
31910,"Morera","Bajo (2 - 4 mts)",70,"Grande",-68.8574216621,-32.8837995914,5,"0",0.185148665048544
31912,"Morera","Medio (4 - 8 mts)",100,"Grande",-68.8574623391,-32.8839572536,5,"0",0.185148665048544
31913,"Morera","Medio (4 - 8 mts)",90,"Grande",-68.8574749531,-32.8840216488,5,"0",0.185148665048544
31914,"Morera","Medio (4 - 8 mts)",80,"Grande",-68.8574948165,-32.8840968726,5,"0",0.185148665048544
31916,"Morera","Medio (4 - 8 mts)",110,"Grande",-68.8575625782,-32.884358621,5,"1",0.185148665048544
31918,"Morera","Medio (4 - 8 mts)",110,"Grande",-68.8576139089,-32.8845372146,5,"0",0.185148665048544
31921,"Morera","Medio (4 - 8 mts)",110,"Grande",-68.8576706079,-32.8847672107,5,"0",0.185148665048544
31924,"Olmo bola","Bajo (2 - 4 mts)",84,"Grande",-68.858817456,-32.8839187555,5,"0",0.0231481481481481
31926,"Fresno europeo","Bajo (2 - 4 mts)",80,"Grande",-68.8588482766,-32.8842892056,5,"0",0.0420032310177706
31928,"Morera","Medio (4 - 8 mts)",120,"Grande",-68.8588699529,-32.8845092431,5,"0",0.185148665048544
31929,"Morera","Medio (4 - 8 mts)",130,"Grande",-68.8588753815,-32.8845903114,5,"0",0.185148665048544
31932,"Morera","Medio (4 - 8 mts)",120,"Grande",-68.8590442836,-32.8846963768,5,"0",0.185148665048544
31940,"Olmo comun","Bajo (2 - 4 mts)",100,"Grande",-68.8598644619,-32.884542706,5,"0",0.0227272727272727
31945,"Ligustro","Bajo (2 - 4 mts)",50,"Mediano",-68.8604068025,-32.8844373897,5,"0",0.0138888888888889
31949,"Morera","Medio (4 - 8 mts)",120,"Grande",-68.8606803508,-32.8843193927,5,"1",0.185148665048544
31950,"Morera","Medio (4 - 8 mts)",120,"Grande",-68.860664679,-32.8842271321,5,"0",0.185148665048544
31952,"Morera","Medio (4 - 8 mts)",130,"Grande",-68.8606463321,-32.8841371227,5,"0",0.185148665048544
31958,"Morera","Medio (4 - 8 mts)",130,"Grande",-68.8605667127,-32.8837304607,7,"1",0.185148665048544
31959,"Morera","Alto (> 8 mts)",150,"Grande",-68.8605582279,-32.8836893341,7,"0",0.185148665048544
31960,"Acacia visco","Bajo (2 - 4 mts)",80,"Grande",-68.8603596744,-32.8836197724,7,"0",0.0625
31962,"Morera","Medio (4 - 8 mts)",150,"Grande",-68.8601962687,-32.8836253607,7,"1",0.185148665048544
31964,"Fresno europeo","Medio (4 - 8 mts)",110,"Grande",-68.8599678918,-32.8836291628,7,"0",0.0420032310177706
31966,"Fresno europeo","Medio (4 - 8 mts)",130,"Grande",-68.8597544634,-32.8836409162,7,"0",0.0420032310177706
31972,"Paraiso","Bajo (2 - 4 mts)",46,"Mediano",-68.8593223297,-32.8836562105,5,"1",0.0859023207481815
31974,"Morera","Medio (4 - 8 mts)",120,"Grande",-68.859182422,-32.883660795,5,"0",0.185148665048544
31976,"Fresno europeo","Bajo (2 - 4 mts)",42,"Mediano",-68.8590450488,-32.8836682515,5,"0",0.0420032310177706
31977,"Fresno europeo","Bajo (2 - 4 mts)",70,"Grande",-68.8589683105,-32.8836739358,5,"0",0.0420032310177706
31979,"Morera","Medio (4 - 8 mts)",120,"Grande",-68.8588276752,-32.8836743181,5,"1",0.185148665048544
31985,"Morera","Alto (> 8 mts)",85,"Grande",-68.8582704212,-32.8882486892,5,"1",0.185148665048544
31986,"Morera","Medio (4 - 8 mts)",75,"Grande",-68.8583576877,-32.8882345458,5,"1",0.185148665048544
31987,"Pltano","Alto (> 8 mts)",204,"Grande",-68.8584988965,-32.8882073312,5,"0",0.0903973509933775
31989,"Pltano","Alto (> 8 mts)",260,"Grande",-68.8587907448,-32.8881497724,5,"0",0.0903973509933775
31990,"Fresno europeo","Medio (4 - 8 mts)",120,"Grande",-68.8589283452,-32.8879216734,5,"0",0.0420032310177706
31991,"Fresno europeo","Medio (4 - 8 mts)",60,"Mediano",-68.8589324794,-32.8878836212,5,"0",0.0420032310177706
31992,"Fresno europeo","Muy bajo (1 - 2 mts)",2,"Chico",-68.8589307744,-32.8878049972,5,"0",0.0420032310177706
31993,"Fresno americano","Alto (> 8 mts)",131,"Grande",-68.8589313435,-32.8876481936,5,"0",0.0512455516014235
31995,"Fresno americano","Alto (> 8 mts)",95,"Grande",-68.8589375617,-32.887496123,5,"0",0.0512455516014235
32003,"Morera","Alto (> 8 mts)",174,"Grande",-68.8586180686,-32.887194166,5,"0",0.185148665048544
32009,"Morera","Muy bajo (1 - 2 mts)",2,"Chico",-68.8580730413,-32.8872949548,5,"0",0.185148665048544
32016,"Morera","Alto (> 8 mts)",151,"Grande",-68.8575091875,-32.8874038458,5,"0",0.185148665048544
32021,"Morera","Alto (> 8 mts)",148,"Grande",-68.8572177191,-32.8876919647,5,"1",0.185148665048544
32022,"Morera","Alto (> 8 mts)",130,"Grande",-68.8572278961,-32.8877434629,5,"0",0.185148665048544
32024,"Morera","Alto (> 8 mts)",80,"Grande",-68.8572918213,-32.8879996164,5,"0",0.185148665048544
32026,"Morera","Alto (> 8 mts)",80,"Grande",-68.8573279485,-32.888129862,5,"0",0.185148665048544
32029,"Morera","Medio (4 - 8 mts)",150,"Grande",-68.8573850226,-32.8883487839,5,"0",0.185148665048544
32032,"Morera","Alto (> 8 mts)",162,"Grande",-68.8593310392,-32.8880528723,5,"0",0.185148665048544
32033,"Morera","Medio (4 - 8 mts)",70,"Grande",-68.8594111104,-32.8880369123,5,"1",0.185148665048544
32034,"Pltano","Alto (> 8 mts)",160,"Grande",-68.8594822042,-32.8880211224,5,"0",0.0903973509933775
32036,"Pltano","Alto (> 8 mts)",160,"Grande",-68.859811458,-32.8879622507,5,"0",0.0903973509933775
32038,"Pltano","Alto (> 8 mts)",180,"Grande",-68.8600047373,-32.8879256782,5,"0",0.0903973509933775
32041,"Pltano","Alto (> 8 mts)",145,"Grande",-68.8602552686,-32.8878824968,5,"0",0.0903973509933775
32045,"Pltano","Alto (> 8 mts)",170,"Grande",-68.8606318179,-32.8878113227,5,"0",0.0903973509933775
32049,"Pltano","Alto (> 8 mts)",160,"Grande",-68.8610275629,-32.8877399884,5,"0",0.0903973509933775
32055,"Morera","Medio (4 - 8 mts)",85,"Grande",-68.8611989563,-32.8869342462,5,"0",0.185148665048544
32056,"Morera","Medio (4 - 8 mts)",80,"Grande",-68.8611846371,-32.8868648902,5,"0",0.185148665048544
32061,"Morera","Alto (> 8 mts)",160,"Grande",-68.8606744192,-32.8868124755,5,"0",0.185148665048544
32066,"Morera","Alto (> 8 mts)",145,"Grande",-68.8603065761,-32.8868805036,5,"0",0.185148665048544
32067,"Morera","Alto (> 8 mts)",155,"Grande",-68.8601678156,-32.8869087519,5,"0",0.185148665048544
32071,"Morera","Alto (> 8 mts)",125,"Grande",-68.8598472256,-32.8869655603,5,"0",0.185148665048544
32075,"Morera","Alto (> 8 mts)",180,"Grande",-68.8594960584,-32.8870300881,5,"0",0.185148665048544
32077,"Morera","Alto (> 8 mts)",150,"Grande",-68.8593617928,-32.8870540124,5,"0",0.185148665048544
32079,"Morera","Alto (> 8 mts)",192,"Grande",-68.8592202598,-32.8870780185,5,"0",0.185148665048544
32080,"Morera","Alto (> 8 mts)",190,"Grande",-68.8591450004,-32.8870928117,5,"0",0.185148665048544
32081,"Fresno americano","Alto (> 8 mts)",138,"Grande",-68.859067737,-32.8873608879,5,"0",0.0512455516014235
32085,"Fresno americano","Medio (4 - 8 mts)",37,"Mediano",-68.8590669073,-32.8874799103,5,"0",0.0512455516014235
32087,"Fresno europeo","Alto (> 8 mts)",150,"Grande",-68.8590620406,-32.8875837798,5,"1",0.0420032310177706
32093,"Fresno europeo","Medio (4 - 8 mts)",87,"Grande",-68.8590684692,-32.8879859309,5,"0",0.0420032310177706
32095,"Pltano","Alto (> 8 mts)",205,"Grande",-68.8590732087,-32.8880900023,5,"0",0.0903973509933775
32098,"Perenne","Bajo (2 - 4 mts)",35,"Mediano",-68.8589895728,-32.8861056442,5,"0",0.0364741641337386
32100,"Paraiso","Alto (> 8 mts)",180,"Grande",-68.8590039064,-32.8863050903,5,"0",0.0859023207481815
32105,"Morera","Alto (> 8 mts)",122,"Grande",-68.8590427812,-32.886788195,5,"0",0.185148665048544
32106,"Morera","Alto (> 8 mts)",190,"Grande",-68.8591660616,-32.8868850855,5,"0",0.185148665048544
32112,"Morera","Alto (> 8 mts)",183,"Grande",-68.8596007251,-32.8868003643,5,"0",0.185148665048544
32114,"Morera","Medio (4 - 8 mts)",59,"Mediano",-68.8597624614,-32.8867714202,5,"0",0.185148665048544
32121,"Morera","Alto (> 8 mts)",200,"Grande",-68.8604409618,-32.8866433283,5,"0",0.185148665048544
32122,"Morera","Alto (> 8 mts)",196,"Grande",-68.8605072586,-32.8866305675,5,"1",0.185148665048544
32123,"Morera","Alto (> 8 mts)",130,"Grande",-68.860562828,-32.8866197867,5,"1",0.185148665048544
32124,"Morera","Alto (> 8 mts)",129,"Grande",-68.8606501678,-32.8866019403,5,"1",0.185148665048544
32125,"Morera","Alto (> 8 mts)",140,"Grande",-68.8608074214,-32.8865708799,5,"0",0.185148665048544
32128,"Morera","Medio (4 - 8 mts)",41,"Mediano",-68.8610766214,-32.8863196594,5,"0",0.185148665048544
32132,"Morera","Alto (> 8 mts)",132,"Grande",-68.8610052554,-32.8859645982,5,"0",0.185148665048544
32133,"Morera","Alto (> 8 mts)",127,"Grande",-68.8609809075,-32.8858565755,5,"0",0.185148665048544
32137,"Morera","Alto (> 8 mts)",210,"Grande",-68.860819417,-32.8855969753,5,"0",0.185148665048544
32139,"Morera","Alto (> 8 mts)",215,"Grande",-68.8605938408,-32.8856339162,5,"0",0.185148665048544
32143,"Paraiso","Alto (> 8 mts)",180,"Grande",-68.8602120572,-32.8856985832,5,"0",0.0859023207481815
32148,"Morera","Medio (4 - 8 mts)",55,"Mediano",-68.859717185,-32.8857894734,5,"0",0.185148665048544
32149,"Morera","Medio (4 - 8 mts)",54,"Mediano",-68.859644712,-32.885800032,5,"0",0.185148665048544
32151,"Morera","Alto (> 8 mts)",180,"Grande",-68.8593589066,-32.8858596888,5,"0",0.185148665048544
32152,"Morera","Muy bajo (1 - 2 mts)",2,"Chico",-68.8593088766,-32.8858697315,5,"0",0.185148665048544
32154,"Morera","Alto (> 8 mts)",180,"Grande",-68.859193702,-32.8858912443,5,"0",0.185148665048544
32155,"Morera","Alto (> 8 mts)",182,"Grande",-68.8591388135,-32.8858993762,5,"0",0.185148665048544
32156,"Morera","Alto (> 8 mts)",186,"Grande",-68.8590862774,-32.8859100859,5,"1",0.185148665048544
32158,"Pltano","Medio (4 - 8 mts)",140,"Grande",-68.8585904152,-32.8848975568,5,"0",0.0903973509933775
32159,"Pltano","Alto (> 8 mts)",180,"Grande",-68.8584741129,-32.8849172625,5,"1",0.0903973509933775
32163,"Fresno europeo","Medio (4 - 8 mts)",130,"Grande",-68.8580032174,-32.8850096932,5,"0",0.0420032310177706
32165,"Fresno europeo","Medio (4 - 8 mts)",120,"Grande",-68.8577459368,-32.8850650308,5,"0",0.0420032310177706
32170,"Morera","Medio (4 - 8 mts)",150,"Grande",-68.8578274519,-32.8853921718,5,"0",0.185148665048544
32175,"Morera","Medio (4 - 8 mts)",120,"Grande",-68.8579420715,-32.8858247537,5,"0",0.185148665048544
32177,"Jacarand","Bajo (2 - 4 mts)",44,"Mediano",-68.8579695762,-32.8859338898,5,"1",0.103064066852368
32178,"Paraiso sombrilla","Bajo (2 - 4 mts)",130,"Grande",-68.8580395698,-32.8859798699,5,"0",0.022887323943662
32180,"Morera","Medio (4 - 8 mts)",200,"Grande",-68.8583031486,-32.885931188,5,"0",0.185148665048544
32181,"Paraiso","Medio (4 - 8 mts)",130,"Grande",-68.8583722456,-32.8859228624,5,"1",0.0859023207481815
32182,"Morera","Alto (> 8 mts)",190,"Grande",-68.8584487036,-32.8859098168,5,"0",0.185148665048544
32184,"Morera","Alto (> 8 mts)",200,"Grande",-68.858734758,-32.88586208,5,"0",0.185148665048544
32185,"Fresno europeo","Bajo (2 - 4 mts)",7,"Chico",-68.8587955886,-32.8858477216,5,"0",0.0420032310177706
32189,"Morera","Bajo (2 - 4 mts)",50,"Mediano",-68.8588147081,-32.8855170024,5,"0",0.185148665048544
32192,"Fresno europeo","Medio (4 - 8 mts)",110,"Grande",-68.8587828987,-32.8850892938,5,"0",0.0420032310177706
32212,"Morera","Bajo (2 - 4 mts)",44,"Mediano",-68.8594004533,-32.8857380666,5,"1",0.185148665048544
32215,"Morera","Medio (4 - 8 mts)",160,"Grande",-68.8597608777,-32.8856749614,5,"0",0.185148665048544
32217,"Morera","Alto (> 8 mts)",190,"Grande",-68.8599042331,-32.8856458171,5,"0",0.185148665048544
32221,"Morera","Alto (> 8 mts)",180,"Grande",-68.8601741521,-32.8855959851,5,"0",0.185148665048544
32224,"Morera","Alto (> 8 mts)",130,"Grande",-68.8605235992,-32.8855340683,5,"0",0.185148665048544
32226,"Morera","Alto (> 8 mts)",170,"Grande",-68.8607183698,-32.8854969553,5,"0",0.185148665048544
32228,"Morera","Medio (4 - 8 mts)",120,"Grande",-68.8608911942,-32.8853475569,5,"0",0.185148665048544
32229,"Morera","Medio (4 - 8 mts)",120,"Grande",-68.8608689008,-32.8852524035,5,"0",0.185148665048544
32232,"Morera","Medio (4 - 8 mts)",130,"Grande",-68.8608293145,-32.8850763491,5,"0",0.185148665048544
32235,"Morera","Medio (4 - 8 mts)",120,"Grande",-68.8607935977,-32.8848861424,5,"0",0.185148665048544
32236,"Morera","Medio (4 - 8 mts)",160,"Grande",-68.8607693255,-32.884758075,5,"1",0.185148665048544
32238,"Morera","Medio (4 - 8 mts)",120,"Grande",-68.8607526765,-32.8846755516,5,"0",0.185148665048544
32239,"Morera","Medio (4 - 8 mts)",150,"Grande",-68.8607308055,-32.8845838251,5,"0",0.185148665048544
32243,"Fresno europeo","Medio (4 - 8 mts)",130,"Grande",-68.8601634241,-32.8846015866,5,"0",0.0420032310177706
32248,"Morera","Medio (4 - 8 mts)",100,"Grande",-68.859707607,-32.8846897125,5,"0",0.185148665048544
32253,"Pltano","Alto (> 8 mts)",220,"Grande",-68.8591887282,-32.8847838071,5,"0",0.0903973509933775
32256,"Morera","Alto (> 8 mts)",120,"Grande",-68.8513269409,-32.8908231681,5,"1",0.185148665048544
32259,"Fresno europeo","Muy bajo (1 - 2 mts)",6,"Chico",-68.8513117108,-32.8909834798,5,"0",0.0420032310177706
32260,"Acacia SP","Alto (> 8 mts)",200,"Grande",-68.8512982993,-32.8911631394,5,"0",0.150492264416315
32263,"Acacia SP","Alto (> 8 mts)",150,"Grande",-68.8512842912,-32.8913596013,5,"1",0.150492264416315
32264,"Acacia SP","Alto (> 8 mts)",140,"Grande",-68.8512739709,-32.8914552188,5,"1",0.150492264416315
32267,"Acacia SP","Alto (> 8 mts)",170,"Grande",-68.8512513429,-32.8916544315,5,"1",0.150492264416315
32268,"Ailanthus","Alto (> 8 mts)",90,"Grande",-68.8512454344,-32.8917160839,5,"1",0.0380952380952381
32273,"Fresno europeo","Medio (4 - 8 mts)",110,"Grande",-68.8507043392,-32.8918157297,5,"0",0.0420032310177706
32274,"Fresno europeo","Alto (> 8 mts)",155,"Grande",-68.8506900032,-32.8917607996,5,"0",0.0420032310177706
32278,"Fresno europeo","Alto (> 8 mts)",100,"Grande",-68.8505910215,-32.8913880123,5,"1",0.0420032310177706
32279,"Fresno europeo","Alto (> 8 mts)",200,"Grande",-68.8505665781,-32.8913059292,5,"0",0.0420032310177706
32281,"Fresno europeo","Alto (> 8 mts)",160,"Grande",-68.8505075159,-32.8910998852,5,"0",0.0420032310177706
32283,"Fresno europeo","Medio (4 - 8 mts)",81,"Grande",-68.8504711729,-32.890967771,5,"0",0.0420032310177706
32285,"Acacia SP","Alto (> 8 mts)",168,"Grande",-68.8506227326,-32.8908967185,5,"1",0.150492264416315
32288,"Acacia SP","Alto (> 8 mts)",120,"Grande",-68.8508447877,-32.8908501858,5,"1",0.150492264416315
32289,"Acacia SP","Medio (4 - 8 mts)",175,"Grande",-68.8509658567,-32.8908290673,5,"1",0.150492264416315
32290,"Acacia SP","Medio (4 - 8 mts)",120,"Grande",-68.8509060455,-32.8908388073,5,"0",0.150492264416315
32291,"Morera","Muy bajo (1 - 2 mts)",8,"Chico",-68.8510373247,-32.8908160608,5,"0",0.185148665048544
32292,"Acacia SP","Alto (> 8 mts)",138,"Grande",-68.8511128565,-32.8908066109,5,"1",0.150492264416315
32293,"Acacia SP","Medio (4 - 8 mts)",97,"Grande",-68.8511817986,-32.8907951314,5,"1",0.150492264416315
32298,"Fresno europeo","Medio (4 - 8 mts)",70,"Grande",-68.8525943398,-32.8910921102,5,"0",0.0420032310177706
32299,"Paraiso","Alto (> 8 mts)",140,"Grande",-68.8526186285,-32.8912041289,5,"0",0.0859023207481815
32302,"Paraiso","Alto (> 8 mts)",140,"Grande",-68.8526714238,-32.8913982351,5,"0",0.0859023207481815
32304,"Paraiso","Alto (> 8 mts)",105,"Grande",-68.8525538044,-32.8915290654,5,"0",0.0859023207481815
32305,"Tipa","Alto (> 8 mts)",95,"Grande",-68.8524844708,-32.8915449904,5,"1",0.101123595505618
32309,"Pltano","Alto (> 8 mts)",172,"Grande",-68.8520727708,-32.8916205167,5,"0",0.0903973509933775
32311,"Morera","Alto (> 8 mts)",155,"Grande",-68.8518955126,-32.8916564647,5,"1",0.185148665048544
32316,"Acacia visco","Alto (> 8 mts)",140,"Grande",-68.8514228728,-32.8915724471,5,"0",0.0625
32319,"Morera","Alto (> 8 mts)",120,"Grande",-68.8514454175,-32.891363332,5,"0",0.185148665048544
32320,"Acacia visco","Alto (> 8 mts)",145,"Grande",-68.8514552547,-32.8912964382,5,"0",0.0625
32321,"Morera","Alto (> 8 mts)",140,"Grande",-68.8514613695,-32.8912282207,5,"1",0.185148665048544
32324,"Acacia visco","Alto (> 8 mts)",160,"Grande",-68.8514741295,-32.891001337,5,"0",0.0625
32327,"Catalpa","Alto (> 8 mts)",166,"Grande",-68.8514923382,-32.8907960091,5,"0",0.161290322580645
32329,"Pltano","Alto (> 8 mts)",300,"Grande",-68.8517012649,-32.890691302,5,"1",0.0903973509933775
32330,"Morera","Medio (4 - 8 mts)",90,"Grande",-68.8517593723,-32.8906828373,5,"1",0.185148665048544
32332,"Pltano","Alto (> 8 mts)",230,"Grande",-68.8519287085,-32.8906538231,5,"0",0.0903973509933775
32333,"Pltano","Alto (> 8 mts)",130,"Grande",-68.8519938137,-32.8906422683,5,"1",0.0903973509933775
32334,"Pltano","Alto (> 8 mts)",140,"Grande",-68.8521086293,-32.8906222063,5,"0",0.0903973509933775
32337,"Pltano","Alto (> 8 mts)",137,"Grande",-68.852333029,-32.8905788296,5,"1",0.0903973509933775
32340,"Paraiso","Alto (> 8 mts)",140,"Grande",-68.8527723419,-32.8926319832,5,"0",0.0859023207481815
32349,"Morera","Alto (> 8 mts)",100,"Grande",-68.8516415039,-32.8928551426,5,"0",0.185148665048544
32351,"Morera","Medio (4 - 8 mts)",80,"Grande",-68.8515245495,-32.8928742098,5,"1",0.185148665048544
32356,"Morera","Alto (> 8 mts)",85,"Grande",-68.851317051,-32.8922652315,5,"1",0.185148665048544
32358,"Fresno europeo","Medio (4 - 8 mts)",65,"Grande",-68.8513445661,-32.8921084601,5,"0",0.0420032310177706
32359,"Acacia SP","Alto (> 8 mts)",160,"Grande",-68.8513559908,-32.8920510359,5,"1",0.150492264416315
32361,"Pltano","Alto (> 8 mts)",240,"Grande",-68.8514595748,-32.8918458439,5,"1",0.0903973509933775
32362,"Acer","Alto (> 8 mts)",103,"Grande",-68.851542643,-32.8918300728,5,"0",0.0204081632653061
32367,"Fresno europeo","Medio (4 - 8 mts)",69,"Grande",-68.8520778458,-32.891737886,5,"0",0.0420032310177706
32368,"Morera","Alto (> 8 mts)",129,"Grande",-68.8522304803,-32.8917076262,5,"0",0.185148665048544
32371,"Pltano","Alto (> 8 mts)",155,"Grande",-68.8524738136,-32.8916557056,5,"0",0.0903973509933775
32372,"Pltano","Alto (> 8 mts)",140,"Grande",-68.8525253686,-32.8916456115,5,"0",0.0903973509933775
32373,"Pltano","Alto (> 8 mts)",143,"Grande",-68.8526031715,-32.8916319633,5,"0",0.0903973509933775
32374,"Pltano","Alto (> 8 mts)",138,"Grande",-68.8526514095,-32.8916228571,5,"1",0.0903973509933775
32376,"Pltano","Alto (> 8 mts)",145,"Grande",-68.8527700001,-32.8917629952,5,"0",0.0903973509933775
32378,"Pltano","Alto (> 8 mts)",190,"Grande",-68.8528206676,-32.8919515986,5,"1",0.0903973509933775
32379,"Pltano","Alto (> 8 mts)",150,"Grande",-68.8528444625,-32.8920393611,5,"0",0.0903973509933775
32380,"Pltano","Alto (> 8 mts)",210,"Grande",-68.8528667723,-32.8921204494,5,"0",0.0903973509933775
32381,"Pltano","Alto (> 8 mts)",190,"Grande",-68.8529043781,-32.8922584525,5,"0",0.0903973509933775
32382,"Morera","Alto (> 8 mts)",120,"Grande",-68.8529363921,-32.8923888476,5,"0",0.185148665048544
32385,"Morera","Alto (> 8 mts)",153,"Grande",-68.8504155306,-32.888720357,5,"1",0.185148665048544
32386,"Morera","Alto (> 8 mts)",150,"Grande",-68.8503522293,-32.8887314199,5,"1",0.185148665048544
32388,"Morera","Medio (4 - 8 mts)",50,"Mediano",-68.8501617421,-32.8887642785,5,"0",0.185148665048544
32392,"Fresno europeo","Alto (> 8 mts)",160,"Grande",-68.8500013252,-32.8890191035,5,"0",0.0420032310177706
32396,"Fresno europeo","Medio (4 - 8 mts)",60,"Mediano",-68.8500691234,-32.8892749461,5,"1",0.0420032310177706
32399,"Acacia SP","Alto (> 8 mts)",110,"Grande",-68.8502848876,-32.8893179033,5,"0",0.150492264416315
32402,"Acacia SP","Alto (> 8 mts)",190,"Grande",-68.850596499,-32.8893342359,5,"0",0.150492264416315
32405,"Fresno europeo","Alto (> 8 mts)",140,"Grande",-68.8511409663,-32.8888292336,5,"0",0.0420032310177706
32406,"Morera","Alto (> 8 mts)",62,"Grande",-68.8511457078,-32.8888908076,5,"0",0.185148665048544
32407,"Acacia SP","Alto (> 8 mts)",120,"Grande",-68.8511499153,-32.8889662328,5,"1",0.150492264416315
32412,"Acacia SP","Alto (> 8 mts)",146,"Grande",-68.850988515,-32.8892648225,5,"0",0.150492264416315
32414,"Acacia SP","Alto (> 8 mts)",130,"Grande",-68.8507958682,-32.8893027344,5,"0",0.150492264416315
32415,"Morera","Alto (> 8 mts)",152,"Grande",-68.850603369,-32.8886794355,5,"1",0.185148665048544
32416,"Morera","Muy bajo (1 - 2 mts)",4,"Chico",-68.8506857958,-32.8886621313,5,"0",0.185148665048544
32424,"Morera","Alto (> 8 mts)",125,"Grande",-68.8525815198,-32.8885722274,5,"0",0.185148665048544
32425,"Fresno europeo","Alto (> 8 mts)",56,"Mediano",-68.8525905517,-32.8886037071,5,"0",0.0420032310177706
32426,"Paraiso","Alto (> 8 mts)",180,"Grande",-68.8526177688,-32.888719796,5,"0",0.0859023207481815
32429,"Paraiso","Alto (> 8 mts)",145,"Grande",-68.8526531258,-32.8888594195,5,"0",0.0859023207481815
32431,"Fresno americano","Alto (> 8 mts)",108,"Grande",-68.8527007954,-32.8890198776,5,"1",0.0512455516014235
32435,"Fresno europeo","Alto (> 8 mts)",70,"Grande",-68.8526073657,-32.889292496,5,"0",0.0420032310177706
32440,"Morera","Alto (> 8 mts)",135,"Grande",-68.8520353111,-32.8894016835,5,"1",0.185148665048544
32442,"Pltano","Alto (> 8 mts)",195,"Grande",-68.8517562901,-32.8894531967,5,"0",0.0903973509933775
32451,"Acacia visco","Medio (4 - 8 mts)",90,"Grande",-68.8512813833,-32.8889215364,5,"0",0.0625
32452,"Morera","Alto (> 8 mts)",108,"Grande",-68.8512801594,-32.8888864591,5,"1",0.185148665048544
32453,"Fresno americano","Alto (> 8 mts)",70,"Grande",-68.8512696156,-32.8888006957,5,"0",0.0512455516014235
32455,"Morera","Alto (> 8 mts)",150,"Grande",-68.8512612983,-32.8886615548,5,"0",0.185148665048544
32459,"Morera","Bajo (2 - 4 mts)",22,"Mediano",-68.851579606,-32.8885063009,5,"0",0.185148665048544
32460,"Morera","Alto (> 8 mts)",180,"Grande",-68.8516497325,-32.8884948425,5,"0",0.185148665048544
32461,"Morera","Alto (> 8 mts)",175,"Grande",-68.851733331,-32.8884796128,5,"1",0.185148665048544
32462,"Morera","Alto (> 8 mts)",165,"Grande",-68.8518134991,-32.8884706909,5,"0",0.185148665048544
32468,"Morera","Alto (> 8 mts)",98,"Grande",-68.8522382,-32.8883825959,5,"1",0.185148665048544
32472,"Fresno europeo","Medio (4 - 8 mts)",50,"Mediano",-68.8537995314,-32.8882460726,5,"0",0.0420032310177706
32473,"Fresno americano","Medio (4 - 8 mts)",100,"Grande",-68.8538190483,-32.8883358138,5,"0",0.0512455516014235
32477,"Morera","Alto (> 8 mts)",140,"Grande",-68.853940908,-32.8887753506,5,"1",0.185148665048544
32479,"Olmo comun","Alto (> 8 mts)",138,"Grande",-68.8539658278,-32.8888942227,5,"0",0.0227272727272727
32480,"Morera","Muy bajo (1 - 2 mts)",4,"Chico",-68.853933591,-32.8890466828,5,"0",0.185148665048544
32482,"Pltano","Alto (> 8 mts)",230,"Grande",-68.8537620376,-32.8890809955,5,"0",0.0903973509933775
32483,"Pltano","Alto (> 8 mts)",250,"Grande",-68.8536574787,-32.8891043171,5,"0",0.0903973509933775
32486,"Fresno europeo","Alto (> 8 mts)",145,"Grande",-68.8532773171,-32.8891805155,5,"0",0.0420032310177706
32487,"Morera","Alto (> 8 mts)",190,"Grande",-68.8532014132,-32.8891955748,5,"0",0.185148665048544
32489,"Olmo comun","Alto (> 8 mts)",153,"Grande",-68.8528997924,-32.8892127132,5,"0",0.0227272727272727
32497,"Paraiso","Alto (> 8 mts)",110,"Grande",-68.8527021851,-32.8885029393,5,"0",0.0859023207481815
32498,"Paraiso","Medio (4 - 8 mts)",55,"Mediano",-68.8526902863,-32.8884601851,5,"0",0.0859023207481815
32502,"Morera","Alto (> 8 mts)",160,"Grande",-68.8527131099,-32.8882946614,5,"0",0.185148665048544
32505,"Morera","Alto (> 8 mts)",150,"Grande",-68.8530093427,-32.8882378426,5,"0",0.185148665048544
32506,"Morera","Alto (> 8 mts)",183,"Grande",-68.8531314299,-32.8882130994,5,"1",0.185148665048544
32508,"Morera","Alto (> 8 mts)",174,"Grande",-68.85326709,-32.8881881014,5,"0",0.185148665048544
32509,"Morera","Alto (> 8 mts)",170,"Grande",-68.8533455107,-32.8881738312,5,"0",0.185148665048544
32510,"Morera","Alto (> 8 mts)",135,"Grande",-68.8534167534,-32.8881624371,5,"1",0.185148665048544
32511,"Morera","Alto (> 8 mts)",105,"Grande",-68.8535586143,-32.8881346121,5,"0",0.185148665048544
32513,"Morera","Alto (> 8 mts)",95,"Grande",-68.8536807727,-32.88811189,5,"1",0.185148665048544
32514,"Acacia visco","Alto (> 8 mts)",155,"Grande",-68.851209225,-32.8895889297,5,"0",0.0625
32515,"Morera","Alto (> 8 mts)",160,"Grande",-68.8512176868,-32.8896255917,5,"1",0.185148665048544
32517,"Morera","Alto (> 8 mts)",96,"Grande",-68.8512264374,-32.8898251465,5,"0",0.185148665048544
32518,"Fresno europeo","Alto (> 8 mts)",105,"Grande",-68.8512076559,-32.8898722826,5,"0",0.0420032310177706
32520,"Morera","Alto (> 8 mts)",138,"Grande",-68.8511069092,-32.8899157144,5,"0",0.185148665048544
32526,"Fresno europeo","Alto (> 8 mts)",93,"Grande",-68.8504448267,-32.8901100505,5,"0",0.0420032310177706
32527,"Acacia visco","Alto (> 8 mts)",147,"Grande",-68.8503516085,-32.8901249071,5,"0",0.0625
32529,"Fresno europeo","Medio (4 - 8 mts)",94,"Grande",-68.8502397516,-32.8900381206,5,"0",0.0420032310177706
32539,"Acacia SP","Alto (> 8 mts)",160,"Grande",-68.8502526118,-32.8894452737,5,"0",0.150492264416315
32547,"Acacia SP","Alto (> 8 mts)",197,"Grande",-68.8510208241,-32.8893857896,5,"0",0.150492264416315
32552,"Pltano","Alto (> 8 mts)",145,"Grande",-68.8541187612,-32.8894934411,5,"0",0.0903973509933775
32556,"Pltano","Alto (> 8 mts)",160,"Grande",-68.8541815088,-32.8897336789,5,"0",0.0903973509933775
32557,"Pltano","Alto (> 8 mts)",240,"Grande",-68.8542026807,-32.8897921332,5,"0",0.0903973509933775
32559,"Morera","Alto (> 8 mts)",130,"Grande",-68.8542268358,-32.8899215542,5,"0",0.185148665048544
32565,"Pltano","Muy bajo (1 - 2 mts)",2,"Chico",-68.8539466338,-32.8901709057,5,"0",0.0903973509933775
32568,"Pltano","Alto (> 8 mts)",79,"Grande",-68.8536483711,-32.8902237568,5,"0",0.0903973509933775
32578,"Morera","Alto (> 8 mts)",137,"Grande",-68.8530577176,-32.8898145076,5,"0",0.185148665048544
32588,"Fresno europeo","Alto (> 8 mts)",120,"Grande",-68.8533056728,-32.8892892026,5,"0",0.0420032310177706
32593,"Pltano","Alto (> 8 mts)",198,"Grande",-68.853885377,-32.8891768713,5,"0",0.0903973509933775
32594,"Pltano","Alto (> 8 mts)",160,"Grande",-68.8539606023,-32.8891609875,5,"0",0.0903973509933775
32598,"Paraiso","Alto (> 8 mts)",156,"Grande",-68.8514278621,-32.8903555807,5,"1",0.0859023207481815
32600,"Paraiso","Alto (> 8 mts)",153,"Grande",-68.8514091866,-32.8901470874,5,"0",0.0859023207481815
32601,"Acacia SP","Medio (4 - 8 mts)",115,"Grande",-68.8513995678,-32.8900832362,5,"1",0.150492264416315
32602,"Acacia SP","Alto (> 8 mts)",158,"Grande",-68.8513971375,-32.8900025319,5,"0",0.150492264416315
32607,"Pltano","Alto (> 8 mts)",198,"Grande",-68.8514269774,-32.8896465578,5,"0",0.0903973509933775
32614,"Pltano","Alto (> 8 mts)",210,"Grande",-68.8520807351,-32.8895289623,5,"0",0.0903973509933775
32620,"Fresno americano","Medio (4 - 8 mts)",30,"Mediano",-68.8526319396,-32.889425648,5,"0",0.0512455516014235
32625,"Paraiso","Alto (> 8 mts)",182,"Grande",-68.852870718,-32.8896717979,5,"0",0.0859023207481815
32630,"Paraiso","Alto (> 8 mts)",80,"Grande",-68.8530237163,-32.890248102,5,"1",0.0859023207481815
32638,"Pltano","Alto (> 8 mts)",196,"Grande",-68.8524162404,-32.890442336,5,"0",0.0903973509933775
32641,"Fresno americano","Alto (> 8 mts)",85,"Grande",-68.8519671955,-32.8905203227,5,"0",0.0512455516014235
32643,"Morera","Alto (> 8 mts)",110,"Grande",-68.8517422249,-32.8905638387,5,"0",0.185148665048544
32646,"Acacia visco","Alto (> 8 mts)",160,"Grande",-68.8511698397,-32.8906722302,5,"0",0.0625
32648,"Acacia visco","Alto (> 8 mts)",157,"Grande",-68.8510250563,-32.8907019317,5,"1",0.0625
32652,"Morera","Medio (4 - 8 mts)",20,"Chico",-68.8506776527,-32.8907637503,5,"0",0.185148665048544
32658,"Fresno europeo","Alto (> 8 mts)",135,"Grande",-68.8503816375,-32.8905713705,5,"0",0.0420032310177706
32659,"Fresno europeo","Alto (> 8 mts)",150,"Grande",-68.850367165,-32.8905063728,5,"0",0.0420032310177706
32662,"Fresno europeo","Medio (4 - 8 mts)",26,"Mediano",-68.8503239708,-32.890338666,5,"0",0.0420032310177706
32663,"Fresno europeo","Alto (> 8 mts)",145,"Grande",-68.8503145802,-32.8903041235,5,"0",0.0420032310177706
32666,"Acacia visco","Alto (> 8 mts)",132,"Grande",-68.8505303594,-32.890216913,5,"0",0.0625
32670,"Acacia visco","Alto (> 8 mts)",135,"Grande",-68.850966657,-32.8900644167,5,"0",0.0625
32671,"Acacia visco","Alto (> 8 mts)",130,"Grande",-68.8510739887,-32.8900456992,5,"0",0.0625
32673,"Acacia visco","Alto (> 8 mts)",87,"Grande",-68.8512432342,-32.8900703365,5,"0",0.0625
32678,"Acacia visco","Alto (> 8 mts)",98,"Grande",-68.8512601235,-32.8903241827,5,"0",0.0625
32680,"Acacia visco","Alto (> 8 mts)",155,"Grande",-68.85127657,-32.8904592757,5,"0",0.0625
32682,"Morera","Medio (4 - 8 mts)",60,"Mediano",-68.8521008623,-32.8870773525,5,"0",0.185148665048544
32683,"Morera","Medio (4 - 8 mts)",62,"Grande",-68.8520176846,-32.887097452,5,"1",0.185148665048544
32686,"Morera","Alto (> 8 mts)",130,"Grande",-68.8514888274,-32.8871879195,5,"0",0.185148665048544
32687,"Morera","Muy bajo (1 - 2 mts)",3,"Chico",-68.8513933595,-32.887208004,5,"0",0.185148665048544
32689,"Morera","Medio (4 - 8 mts)",64,"Grande",-68.8512323527,-32.8872446918,5,"0",0.185148665048544
32695,"Acacia visco","Medio (4 - 8 mts)",110,"Grande",-68.8510624364,-32.8869215034,5,"0",0.0625
32696,"Acacia visco","Medio (4 - 8 mts)",100,"Grande",-68.8510521425,-32.8868143701,5,"1",0.0625
32697,"Acacia visco","Medio (4 - 8 mts)",110,"Grande",-68.8510528043,-32.8867381779,5,"1",0.0625
32701,"Acacia visco","Medio (4 - 8 mts)",120,"Grande",-68.8510528742,-32.8864408901,5,"0",0.0625
32707,"Fresno europeo","Medio (4 - 8 mts)",160,"Grande",-68.85161572,-32.8862029714,5,"0",0.0420032310177706
32708,"Fresno europeo","Medio (4 - 8 mts)",100,"Grande",-68.8517123651,-32.8861812651,5,"0",0.0420032310177706
32710,"Fresno americano","Medio (4 - 8 mts)",130,"Grande",-68.8518796259,-32.8861541258,5,"1",0.0512455516014235
32711,"Fresno europeo","Medio (4 - 8 mts)",100,"Grande",-68.8519710554,-32.8862682242,5,"0",0.0420032310177706
32715,"Morera","Bajo (2 - 4 mts)",64,"Grande",-68.8520507217,-32.8865601061,5,"0",0.185148665048544
32717,"Fresno europeo","Medio (4 - 8 mts)",150,"Grande",-68.8520772916,-32.8866487738,5,"0",0.0420032310177706
32723,"Fresno europeo","Medio (4 - 8 mts)",80,"Grande",-68.8532642508,-32.8861499133,5,"0",0.0420032310177706
32724,"Fresno europeo","Medio (4 - 8 mts)",100,"Grande",-68.8532809343,-32.8862074608,5,"0",0.0420032310177706
32726,"Fresno europeo","Medio (4 - 8 mts)",100,"Grande",-68.8533185215,-32.8863556529,5,"0",0.0420032310177706
32731,"Morera","Medio (4 - 8 mts)",80,"Grande",-68.8534323639,-32.8867933776,5,"0",0.185148665048544
32732,"Morera","Medio (4 - 8 mts)",150,"Grande",-68.8534070263,-32.8868446794,5,"0",0.185148665048544
32733,"Morera","Alto (> 8 mts)",120,"Grande",-68.853329867,-32.8868640403,5,"1",0.185148665048544
32734,"Morera","Medio (4 - 8 mts)",170,"Grande",-68.8532662612,-32.8868754172,5,"0",0.185148665048544
32735,"Morera","Alto (> 8 mts)",220,"Grande",-68.8531292187,-32.8868974379,5,"0",0.185148665048544
32737,"Morera","Alto (> 8 mts)",170,"Grande",-68.8529868201,-32.8869270265,5,"0",0.185148665048544
32738,"Morera","Medio (4 - 8 mts)",120,"Grande",-68.8529198981,-32.8869402928,5,"0",0.185148665048544
32739,"Morera","Alto (> 8 mts)",220,"Grande",-68.852851695,-32.8869527461,5,"0",0.185148665048544
32740,"Morera","Alto (> 8 mts)",150,"Grande",-68.8527826363,-32.886965559,5,"1",0.185148665048544
32742,"Morera","Alto (> 8 mts)",180,"Grande",-68.8526492225,-32.8869903788,5,"0",0.185148665048544
32747,"Morera","Bajo (2 - 4 mts)",50,"Mediano",-68.8522840954,-32.886898787,5,"0",0.185148665048544
32748,"Fresno europeo","Medio (4 - 8 mts)",60,"Mediano",-68.8522586976,-32.8867837155,5,"0",0.0420032310177706
32752,"Pltano","Alto (> 8 mts)",160,"Grande",-68.8521766005,-32.8864749692,5,"0",0.0903973509933775
32755,"Fresno europeo","Medio (4 - 8 mts)",110,"Grande",-68.8521214716,-32.8862727447,5,"1",0.0420032310177706
32757,"Fresno americano","Medio (4 - 8 mts)",70,"Grande",-68.852094513,-32.8861608128,5,"0",0.0512455516014235
32761,"Fresno americano","Bajo (2 - 4 mts)",60,"Mediano",-68.8524737235,-32.886034829,5,"0",0.0512455516014235
32762,"Fresno europeo","Bajo (2 - 4 mts)",70,"Grande",-68.8525978326,-32.8860135151,5,"0",0.0420032310177706
32764,"Morera","Medio (4 - 8 mts)",140,"Grande",-68.8528489393,-32.8859689967,5,"0",0.185148665048544
32765,"Morera","Medio (4 - 8 mts)",120,"Grande",-68.8529285826,-32.8859528599,5,"1",0.185148665048544
32768,"Fresno americano","Medio (4 - 8 mts)",150,"Grande",-68.8530630684,-32.8859250655,5,"0",0.0512455516014235
32771,"Fresno europeo","Medio (4 - 8 mts)",70,"Grande",-68.8517959383,-32.8860515205,5,"0",0.0420032310177706
32772,"Fresno europeo","Medio (4 - 8 mts)",92,"Grande",-68.8517308293,-32.8860673131,5,"1",0.0420032310177706
32780,"Fresno europeo","Alto (> 8 mts)",108,"Grande",-68.8512154559,-32.8861643543,5,"0",0.0420032310177706
32788,"Acacia SP","Alto (> 8 mts)",118,"Grande",-68.8512639168,-32.8854309755,5,"1",0.150492264416315
32789,"Acacia SP","Alto (> 8 mts)",175,"Grande",-68.8512987782,-32.8853534714,5,"1",0.150492264416315
32791,"Acacia SP","Alto (> 8 mts)",140,"Grande",-68.851355669,-32.8852030466,5,"1",0.150492264416315
32792,"Pltano","Alto (> 8 mts)",220,"Grande",-68.8514220108,-32.8850885203,5,"1",0.0903973509933775
32796,"Fresno europeo","Medio (4 - 8 mts)",73,"Grande",-68.8520352787,-32.8851135029,5,"0",0.0420032310177706
32798,"Morera","Alto (> 8 mts)",135,"Grande",-68.8522059309,-32.8851221806,5,"0",0.185148665048544
32801,"Fresno europeo","Alto (> 8 mts)",175,"Grande",-68.8525124082,-32.8851325511,5,"0",0.0420032310177706
32802,"Acacia SP","Medio (4 - 8 mts)",43,"Mediano",-68.8525863532,-32.8851367861,5,"0",0.150492264416315
32803,"Morera","Alto (> 8 mts)",170,"Grande",-68.8526674585,-32.8851408491,5,"0",0.185148665048544
32805,"Prunas","Medio (4 - 8 mts)",25,"Mediano",-68.8527977102,-32.885152454,5,"0",0.0321782178217822
32806,"Morera","Alto (> 8 mts)",180,"Grande",-68.8528744317,-32.8851579544,5,"0",0.185148665048544
32807,"Morera","Alto (> 8 mts)",106,"Grande",-68.8529163205,-32.8851598071,5,"1",0.185148665048544
32808,"Morera","Alto (> 8 mts)",200,"Grande",-68.8529537228,-32.8851604822,5,"0",0.185148665048544
32809,"Morera","Alto (> 8 mts)",155,"Grande",-68.8530086339,-32.8851717278,5,"1",0.185148665048544
32811,"Morera","Alto (> 8 mts)",112,"Grande",-68.8530444391,-32.8852983675,5,"0",0.185148665048544
32815,"Morera","Alto (> 8 mts)",104,"Grande",-68.8531082284,-32.8855638105,5,"0",0.185148665048544
32816,"Morera","Muy bajo (1 - 2 mts)",12,"Chico",-68.8531323404,-32.8856528358,5,"1",0.185148665048544
32817,"Fresno europeo","Alto (> 8 mts)",85,"Grande",-68.8531484899,-32.8857101122,5,"0",0.0420032310177706
32820,"Fresno europeo","Alto (> 8 mts)",132,"Grande",-68.8528381219,-32.8858540182,5,"1",0.0420032310177706
32825,"Morera","Alto (> 8 mts)",142,"Grande",-68.8524576568,-32.8859278694,5,"0",0.185148665048544
32827,"Fresno europeo","Alto (> 8 mts)",98,"Grande",-68.8522015193,-32.88597716,5,"1",0.0420032310177706
32834,"Pltano","Alto (> 8 mts)",220,"Grande",-68.8506562847,-32.8862498896,5,"0",0.0903973509933775
32837,"Morera","Medio (4 - 8 mts)",140,"Grande",-68.8504042394,-32.8863036412,5,"1",0.185148665048544
32842,"Morera","Alto (> 8 mts)",160,"Grande",-68.8497996987,-32.8864044291,5,"1",0.185148665048544
32843,"Fresno europeo","Medio (4 - 8 mts)",100,"Grande",-68.849729989,-32.8864166751,5,"0",0.0420032310177706
32845,"Fresno europeo","Bajo (2 - 4 mts)",50,"Mediano",-68.8495623656,-32.8864401494,5,"0",0.0420032310177706
32852,"Fresno europeo","Bajo (2 - 4 mts)",60,"Mediano",-68.8492098192,-32.8860620447,1,"0",0.0420032310177706
32858,"Fresno europeo","Alto (> 8 mts)",120,"Grande",-68.8490915249,-32.8856079902,1,"0",0.0420032310177706
32859,"Fresno americano","Bajo (2 - 4 mts)",50,"Mediano",-68.8491971361,-32.8855226209,1,"0",0.0512455516014235
32864,"Morera","Alto (> 8 mts)",200,"Grande",-68.8496308544,-32.8854441711,1,"1",0.185148665048544
32865,"Morera","Alto (> 8 mts)",180,"Grande",-68.8496965031,-32.8854251341,1,"0",0.185148665048544
32866,"Morera","Medio (4 - 8 mts)",100,"Grande",-68.8498076809,-32.8854039878,1,"0",0.185148665048544
32868,"Fresno europeo","Alto (> 8 mts)",130,"Grande",-68.8499828841,-32.8853757046,1,"0",0.0420032310177706
32869,"Braquiquito","Bajo (2 - 4 mts)",24,"Mediano",-68.8500709653,-32.8853622848,1,"0",0
32872,"Pltano","Alto (> 8 mts)",220,"Grande",-68.8503551926,-32.8853120989,1,"1",0.0903973509933775
32875,"Morera","Alto (> 8 mts)",170,"Grande",-68.850560309,-32.8853632311,5,"1",0.185148665048544
32877,"Morera","Medio (4 - 8 mts)",140,"Grande",-68.8507074905,-32.885411918,5,"1",0.185148665048544
32879,"Fresno europeo","Medio (4 - 8 mts)",100,"Grande",-68.850844856,-32.8854512153,5,"0",0.0420032310177706
32882,"Fresno europeo","Medio (4 - 8 mts)",100,"Grande",-68.8510545216,-32.8855199938,5,"0",0.0420032310177706
32883,"Morera","Medio (4 - 8 mts)",110,"Grande",-68.8510591807,-32.8856096276,5,"1",0.185148665048544
32888,"Pltano","Medio (4 - 8 mts)",220,"Grande",-68.8509580837,-32.8861434911,5,"0",0.0903973509933775
32894,"Morera","Medio (4 - 8 mts)",160,"Grande",-68.8495019931,-32.8872021355,5,"0",0.185148665048544
32895,"Fresno europeo","Medio (4 - 8 mts)",110,"Grande",-68.8494940433,-32.8871634433,5,"1",0.0420032310177706
32898,"Fresno europeo","Bajo (2 - 4 mts)",6,"Chico",-68.8494068224,-32.8868566729,5,"0",0.0420032310177706
32900,"Fresno europeo","Medio (4 - 8 mts)",140,"Grande",-68.8493703036,-32.8867123581,5,"0",0.0420032310177706
32901,"Fresno europeo","Alto (> 8 mts)",150,"Grande",-68.849353852,-32.8866455229,5,"0",0.0420032310177706
32903,"Paraiso","Medio (4 - 8 mts)",120,"Grande",-68.8494676953,-32.8865872177,5,"0",0.0859023207481815
32907,"Pltano","Alto (> 8 mts)",310,"Grande",-68.8498259841,-32.8865273298,5,"1",0.0903973509933775
32910,"Morera","Medio (4 - 8 mts)",100,"Grande",-68.8501076582,-32.8864826886,5,"0",0.185148665048544
32911,"Morera","Medio (4 - 8 mts)",160,"Grande",-68.8502523991,-32.8864584189,5,"1",0.185148665048544
32916,"Morera","Alto (> 8 mts)",180,"Grande",-68.8509203816,-32.8864473308,5,"1",0.185148665048544
32919,"Fresno americano","Medio (4 - 8 mts)",92,"Grande",-68.8509194337,-32.8866094377,5,"0",0.0512455516014235
32922,"Morera","Medio (4 - 8 mts)",100,"Grande",-68.8509158271,-32.8867848126,5,"0",0.185148665048544
32923,"Tipa","Medio (4 - 8 mts)",120,"Grande",-68.8509175518,-32.8868398178,5,"0",0.101123595505618
32933,"Paraiso","Alto (> 8 mts)",120,"Grande",-68.8501805916,-32.8874232922,5,"0",0.0859023207481815
32934,"Morera","Alto (> 8 mts)",170,"Grande",-68.8501094941,-32.8874406097,5,"0",0.185148665048544
32937,"Morera","Alto (> 8 mts)",180,"Grande",-68.8497326727,-32.8875226948,5,"0",0.185148665048544
32938,"Morera","Bajo (2 - 4 mts)",24,"Mediano",-68.8496782157,-32.8875330637,5,"0",0.185148665048544
32942,"Morera","Alto (> 8 mts)",160,"Grande",-68.8508217062,-32.8884248014,5,"0",0.185148665048544
32944,"Morera","Alto (> 8 mts)",157,"Grande",-68.8506588993,-32.8884501115,5,"1",0.185148665048544
32945,"Morera","Alto (> 8 mts)",175,"Grande",-68.8505835645,-32.8884636911,5,"1",0.185148665048544
32947,"Morera","Alto (> 8 mts)",160,"Grande",-68.8503960318,-32.888492808,5,"0",0.185148665048544
32952,"Morera","Alto (> 8 mts)",170,"Grande",-68.8500229572,-32.8885712195,5,"0",0.185148665048544
32953,"Morera","Alto (> 8 mts)",165,"Grande",-68.8499697234,-32.888578279,5,"0",0.185148665048544
32957,"Morera","Medio (4 - 8 mts)",50,"Mediano",-68.8497562917,-32.8881891159,5,"0",0.185148665048544
32959,"Morera","Alto (> 8 mts)",150,"Grande",-68.8497244534,-32.8880500836,5,"0",0.185148665048544
32962,"Fresno europeo","Alto (> 8 mts)",144,"Grande",-68.8496525415,-32.8877847861,5,"0",0.0420032310177706
32963,"Fresno europeo","Alto (> 8 mts)",145,"Grande",-68.849626884,-32.8877095551,5,"0",0.0420032310177706
32964,"Morera","Alto (> 8 mts)",167,"Grande",-68.8497543659,-32.8876330681,5,"0",0.185148665048544
32966,"Morera","Alto (> 8 mts)",160,"Grande",-68.8499703724,-32.8875920263,5,"0",0.185148665048544
32970,"Morera","Alto (> 8 mts)",170,"Grande",-68.8503721174,-32.8875242721,5,"1",0.185148665048544
32981,"Acacia SP","Alto (> 8 mts)",70,"Grande",-68.851020797,-32.8877281075,5,"0",0.150492264416315
32983,"Liquidambar","Alto (> 8 mts)",85,"Grande",-68.8510347612,-32.887886821,5,"0",0
32984,"Acacia SP","Alto (> 8 mts)",90,"Grande",-68.8510406303,-32.8879597758,5,"0",0.150492264416315
32992,"Morera","Alto (> 8 mts)",186,"Grande",-68.852272651,-32.887419681,5,"0",0.185148665048544
32995,"Morera","Alto (> 8 mts)",180,"Grande",-68.8523420296,-32.8876652936,5,"0",0.185148665048544
33001,"Morera","Alto (> 8 mts)",155,"Grande",-68.8524378927,-32.8880459857,5,"0",0.185148665048544
33003,"Morera","Alto (> 8 mts)",166,"Grande",-68.8523095056,-32.8881466893,5,"0",0.185148665048544
33006,"Morera","Alto (> 8 mts)",180,"Grande",-68.8520826313,-32.8881947311,5,"0",0.185148665048544
33008,"Morera","Alto (> 8 mts)",177,"Grande",-68.8519643489,-32.8882205013,5,"0",0.185148665048544
33017,"Acacia SP","Alto (> 8 mts)",105,"Grande",-68.851210955,-32.888218133,5,"0",0.150492264416315
33018,"Acacia SP","Alto (> 8 mts)",90,"Grande",-68.8512090124,-32.8881654719,5,"0",0.150492264416315
33022,"Acacia SP","Medio (4 - 8 mts)",153,"Grande",-68.8511668166,-32.8878350417,5,"1",0.150492264416315
33029,"Morera","Alto (> 8 mts)",184,"Grande",-68.8515514337,-32.8873039523,5,"1",0.185148665048544
33030,"Morera","Alto (> 8 mts)",170,"Grande",-68.8516612747,-32.887288303,5,"0",0.185148665048544
33036,"Morera","Alto (> 8 mts)",109,"Grande",-68.8526331494,-32.8871020443,5,"0",0.185148665048544
33038,"Morera","Alto (> 8 mts)",180,"Grande",-68.8528442356,-32.8870645787,5,"0",0.185148665048544
33040,"Acer","Alto (> 8 mts)",95,"Grande",-68.8529643724,-32.8870382265,5,"0",0.0204081632653061
33041,"Morera","Alto (> 8 mts)",199,"Grande",-68.8530575901,-32.8870182139,5,"0",0.185148665048544
33044,"Morera","Alto (> 8 mts)",170,"Grande",-68.8533738708,-32.886968286,5,"1",0.185148665048544
33046,"Fresno americano","Medio (4 - 8 mts)",67,"Grande",-68.853480928,-32.8870254399,5,"0",0.0512455516014235
33056,"Fresno europeo","Medio (4 - 8 mts)",79,"Grande",-68.8536797441,-32.8877819218,5,"0",0.0420032310177706
33061,"Morera","Alto (> 8 mts)",155,"Grande",-68.8534237776,-32.8879394001,5,"0",0.185148665048544
33065,"Morera","Alto (> 8 mts)",167,"Grande",-68.8531295438,-32.8879959697,5,"0",0.185148665048544
33066,"Morera","Alto (> 8 mts)",168,"Grande",-68.8530302287,-32.8880137048,5,"0",0.185148665048544
33069,"Morera","Alto (> 8 mts)",160,"Grande",-68.8527352305,-32.8880630635,5,"0",0.185148665048544
33074,"Morera","Alto (> 8 mts)",150,"Grande",-68.8525240892,-32.8878226734,5,"0",0.185148665048544
33076,"Morera","Alto (> 8 mts)",165,"Grande",-68.8524958578,-32.8877043381,5,"0",0.185148665048544
33078,"Ligustro","Alto (> 8 mts)",60,"Mediano",-68.8524389302,-32.8874902994,5,"0",0.0138888888888889
33080,"Morera","Alto (> 8 mts)",190,"Grande",-68.8524135349,-32.8873670415,5,"0",0.185148665048544
33083,"Pltano","Alto (> 8 mts)",190,"Grande",-68.8535448413,-32.8913479945,5,"1",0.0903973509933775
33085,"Pltano","Alto (> 8 mts)",180,"Grande",-68.8534162734,-32.891373322,5,"0",0.0903973509933775
33087,"Pltano","Alto (> 8 mts)",128,"Grande",-68.8532306759,-32.8914117869,5,"0",0.0903973509933775
33090,"Pltano","Alto (> 8 mts)",125,"Grande",-68.8530219966,-32.8914482407,5,"1",0.0903973509933775
33093,"Fresno europeo","Alto (> 8 mts)",88,"Grande",-68.8528033407,-32.8913778319,5,"0",0.0420032310177706
33094,"Paraiso","Alto (> 8 mts)",112,"Grande",-68.8527896151,-32.8913408464,5,"0",0.0859023207481815
33097,"Morera","Medio (4 - 8 mts)",60,"Mediano",-68.8527424293,-32.8911797487,5,"1",0.185148665048544
33098,"Pltano","Alto (> 8 mts)",175,"Grande",-68.8527336436,-32.8911284321,5,"0",0.0903973509933775
33099,"Morera","Alto (> 8 mts)",82,"Grande",-68.8527203629,-32.8910809875,5,"0",0.185148665048544
33100,"Morera","Alto (> 8 mts)",118,"Grande",-68.8527162438,-32.8910500907,5,"0",0.185148665048544
33102,"Pltano","Alto (> 8 mts)",180,"Grande",-68.8526655741,-32.890864517,5,"0",0.0903973509933775
33106,"Pltano","Alto (> 8 mts)",200,"Grande",-68.8525985306,-32.8905226915,5,"0",0.0903973509933775
33108,"Pltano","Alto (> 8 mts)",120,"Grande",-68.8527500803,-32.8904956444,5,"0",0.0903973509933775
33109,"Pltano","Alto (> 8 mts)",120,"Grande",-68.8528290834,-32.8904813103,5,"0",0.0903973509933775
33113,"Morera","Alto (> 8 mts)",100,"Grande",-68.853154061,-32.8904313779,5,"1",0.185148665048544
33115,"Pltano","Alto (> 8 mts)",210,"Grande",-68.8533915032,-32.8903849678,5,"0",0.0903973509933775
33116,"Morera","Alto (> 8 mts)",113,"Grande",-68.8534798062,-32.8903693629,5,"1",0.185148665048544
33118,"Pltano","Alto (> 8 mts)",195,"Grande",-68.8537414437,-32.8903173846,5,"0",0.0903973509933775
33119,"Acer","Medio (4 - 8 mts)",58,"Mediano",-68.8538213008,-32.8903035018,5,"0",0.0204081632653061
33120,"Pltano","Alto (> 8 mts)",130,"Grande",-68.853894643,-32.8902869675,5,"0",0.0903973509933775
33121,"Acer","Alto (> 8 mts)",95,"Grande",-68.8539562118,-32.8902744743,5,"0",0.0204081632653061
33122,"Fresno europeo","Alto (> 8 mts)",137,"Grande",-68.8540208072,-32.8902645852,5,"0",0.0420032310177706
33124,"Fresno europeo","Medio (4 - 8 mts)",18,"Chico",-68.8541372941,-32.8904892612,5,"0",0.0420032310177706
33125,"Fresno europeo","Alto (> 8 mts)",130,"Grande",-68.8541621054,-32.8905567367,5,"0",0.0420032310177706
33129,"Fresno europeo","Alto (> 8 mts)",178,"Grande",-68.854249864,-32.8908861088,5,"0",0.0420032310177706
33132,"Pltano","Alto (> 8 mts)",210,"Grande",-68.8543440159,-32.8911922508,5,"0",0.0903973509933775
33136,"Pltano","Alto (> 8 mts)",185,"Grande",-68.8539473484,-32.8912739287,5,"0",0.0903973509933775
33137,"Morera","Alto (> 8 mts)",95,"Grande",-68.8539011638,-32.8912829818,5,"1",0.185148665048544
33138,"Morera","Medio (4 - 8 mts)",92,"Grande",-68.8538509147,-32.8912940139,5,"1",0.185148665048544
33139,"Caducifolio","Medio (4 - 8 mts)",50,"Mediano",-68.8537990665,-32.8913026096,5,"0",0.0512249443207127
33142,"Pltano","Alto (> 8 mts)",250,"Grande",-68.85380648,-32.8924312248,5,"0",0.0903973509933775
33145,"Pltano","Alto (> 8 mts)",200,"Grande",-68.8535351136,-32.8924801324,5,"0",0.0903973509933775
33146,"Pltano","Alto (> 8 mts)",185,"Grande",-68.8534291661,-32.892499226,5,"0",0.0903973509933775
33147,"Pltano","Alto (> 8 mts)",160,"Grande",-68.8533187156,-32.8925203945,5,"0",0.0903973509933775
33148,"Pltano","Alto (> 8 mts)",180,"Grande",-68.8531394431,-32.8925514412,5,"0",0.0903973509933775
33150,"Pltano","Alto (> 8 mts)",180,"Grande",-68.8530567489,-32.8923527276,5,"0",0.0903973509933775
33151,"Paraiso","Alto (> 8 mts)",98,"Grande",-68.8530356707,-32.8922693072,5,"0",0.0859023207481815
33152,"Pltano","Alto (> 8 mts)",190,"Grande",-68.8530136351,-32.8921903743,5,"0",0.0903973509933775
33153,"Pltano","Alto (> 8 mts)",180,"Grande",-68.8529888009,-32.8920917397,5,"0",0.0903973509933775
33154,"Pltano","Alto (> 8 mts)",180,"Grande",-68.852962412,-32.8919993746,5,"0",0.0903973509933775
33156,"Pltano","Alto (> 8 mts)",180,"Grande",-68.8529211166,-32.8918305294,5,"0",0.0903973509933775
33157,"Morera","Alto (> 8 mts)",110,"Grande",-68.8529037936,-32.8917707458,5,"1",0.185148665048544
33159,"Pltano","Alto (> 8 mts)",185,"Grande",-68.8529476206,-32.8915723162,5,"1",0.0903973509933775
33160,"Pltano","Alto (> 8 mts)",165,"Grande",-68.8530385942,-32.8915582665,5,"0",0.0903973509933775
33164,"Fresno europeo","Alto (> 8 mts)",120,"Grande",-68.8533538514,-32.8915061943,5,"1",0.0420032310177706
33166,"Morera","Alto (> 8 mts)",114,"Grande",-68.8536179116,-32.8914596229,5,"0",0.185148665048544
33170,"Morera","Medio (4 - 8 mts)",90,"Grande",-68.8539323198,-32.8914035122,5,"1",0.185148665048544
33175,"Pltano","Alto (> 8 mts)",180,"Grande",-68.8546247532,-32.8921280959,5,"0",0.0903973509933775
33176,"Morera","Alto (> 8 mts)",115,"Grande",-68.854598096,-32.8920171109,5,"1",0.185148665048544
33177,"Morera","Alto (> 8 mts)",118,"Grande",-68.8545918122,-32.8919945514,5,"0",0.185148665048544
33181,"Morera","Medio (4 - 8 mts)",33,"Mediano",-68.854485078,-32.8915983701,5,"0",0.185148665048544
33182,"Morera","Alto (> 8 mts)",100,"Grande",-68.8544698362,-32.8915077324,5,"1",0.185148665048544
33183,"Morera","Alto (> 8 mts)",110,"Grande",-68.8544509254,-32.891438731,5,"1",0.185148665048544
33190,"Pltano","Alto (> 8 mts)",200,"Grande",-68.8539967916,-32.891388036,5,"0",0.0903973509933775
33192,"Morera","Alto (> 8 mts)",70,"Grande",-68.8564934075,-32.8916337235,5,"1",0.185148665048544
33195,"Morera","Alto (> 8 mts)",180,"Grande",-68.8564192678,-32.8913518291,5,"0",0.185148665048544
33197,"Prunas","Bajo (2 - 4 mts)",100,"Grande",-68.8563654162,-32.8911450094,5,"0",0.0321782178217822
33198,"Morera","Alto (> 8 mts)",135,"Grande",-68.8563479226,-32.8910909753,5,"1",0.185148665048544
33205,"Pltano","Alto (> 8 mts)",280,"Grande",-68.8555552279,-32.8910978203,5,"0",0.0903973509933775
33209,"Pltano","Alto (> 8 mts)",220,"Grande",-68.8551561428,-32.8911693065,5,"0",0.0903973509933775
33213,"Pltano","Alto (> 8 mts)",200,"Grande",-68.8546978914,-32.8912552534,5,"0",0.0903973509933775
33216,"Morera","Alto (> 8 mts)",155,"Grande",-68.8545785776,-32.8914065683,5,"0",0.185148665048544
33219,"Pltano","Alto (> 8 mts)",180,"Grande",-68.8546869844,-32.8918480128,5,"0",0.0903973509933775
33220,"Morera","Alto (> 8 mts)",140,"Grande",-68.8547063965,-32.8919374831,5,"0",0.185148665048544
33222,"Morera","Alto (> 8 mts)",140,"Grande",-68.8547462214,-32.8920927105,5,"1",0.185148665048544
33224,"Morera","Alto (> 8 mts)",125,"Grande",-68.8548342386,-32.8922533137,5,"0",0.185148665048544
33225,"Pltano","Alto (> 8 mts)",180,"Grande",-68.8549909647,-32.8922247316,5,"0",0.0903973509933775
33229,"Pltano","Alto (> 8 mts)",200,"Grande",-68.8555640854,-32.8921254875,5,"0",0.0903973509933775
33231,"Morera","Alto (> 8 mts)",140,"Grande",-68.8557912761,-32.892075796,5,"1",0.185148665048544
33234,"Pltano","Alto (> 8 mts)",180,"Grande",-68.8560620704,-32.8920269658,5,"0",0.0903973509933775
33241,"Fresno europeo","Medio (4 - 8 mts)",130,"Grande",-68.8544515555,-32.8908670493,5,"0",0.0420032310177706
33249,"Morera","Bajo (2 - 4 mts)",20,"Chico",-68.8552665168,-32.8900389898,5,"0",0.185148665048544
33252,"Pltano","Alto (> 8 mts)",175,"Grande",-68.8556141004,-32.8899725438,5,"0",0.0903973509933775
33253,"Pltano","Alto (> 8 mts)",142,"Grande",-68.8556819806,-32.8899627035,5,"0",0.0903973509933775
33258,"Fresno europeo","Alto (> 8 mts)",100,"Grande",-68.8560740963,-32.8899822415,5,"0",0.0420032310177706
33259,"Fresno europeo","Alto (> 8 mts)",65,"Grande",-68.8560842991,-32.8900261395,5,"0",0.0420032310177706
33260,"Morera","Alto (> 8 mts)",145,"Grande",-68.8561615714,-32.8903071937,5,"0",0.185148665048544
33263,"Morera","Medio (4 - 8 mts)",80,"Grande",-68.8562558428,-32.8906986363,5,"0",0.185148665048544
33264,"Pltano","Alto (> 8 mts)",170,"Grande",-68.8562050539,-32.8908457584,5,"0",0.0903973509933775
33265,"Pltano","Alto (> 8 mts)",175,"Grande",-68.8561067953,-32.8908714094,5,"0",0.0903973509933775
33266,"Pltano","Alto (> 8 mts)",190,"Grande",-68.8560141065,-32.8908894267,5,"0",0.0903973509933775
33267,"Pltano","Alto (> 8 mts)",215,"Grande",-68.8558330104,-32.8909213183,5,"0",0.0903973509933775
33270,"Pltano","Alto (> 8 mts)",220,"Grande",-68.8554906898,-32.8909891812,5,"0",0.0903973509933775
33271,"Pltano","Alto (> 8 mts)",220,"Grande",-68.8553324685,-32.8910185738,5,"0",0.0903973509933775
33274,"Caducifolio","Bajo (2 - 4 mts)",88,"Grande",-68.8548966158,-32.891096516,5,"1",0.0512249443207127
33277,"Fresno europeo","Alto (> 8 mts)",150,"Grande",-68.8546107495,-32.8911471052,5,"0",0.0420032310177706
33278,"Morera","Alto (> 8 mts)",104,"Grande",-68.8564062101,-32.8907673376,5,"1",0.185148665048544
33281,"Morera","Alto (> 8 mts)",145,"Grande",-68.8563235085,-32.890450482,5,"1",0.185148665048544
33282,"Fresno europeo","Medio (4 - 8 mts)",49,"Mediano",-68.856286473,-32.8903278057,5,"0",0.0420032310177706
33289,"Pltano","Medio (4 - 8 mts)",18,"Chico",-68.8564182611,-32.8898231594,5,"0",0.0903973509933775
33290,"Pltano","Alto (> 8 mts)",155,"Grande",-68.8564897886,-32.8898100516,5,"0",0.0903973509933775
33293,"Pltano","Alto (> 8 mts)",168,"Grande",-68.8567840943,-32.8897596968,5,"1",0.0903973509933775
33294,"Pltano","Alto (> 8 mts)",200,"Grande",-68.8568724556,-32.8897423006,5,"0",0.0903973509933775
33297,"Pltano","Alto (> 8 mts)",190,"Grande",-68.8570645532,-32.8897013445,5,"0",0.0903973509933775
33299,"Acer","Alto (> 8 mts)",68,"Grande",-68.8572052848,-32.8896728477,5,"0",0.0204081632653061
33311,"Fresno europeo","Medio (4 - 8 mts)",84,"Grande",-68.8577638806,-32.8903998268,5,"1",0.0420032310177706
33312,"Fresno europeo","Alto (> 8 mts)",93,"Grande",-68.8577845788,-32.8904887571,5,"1",0.0420032310177706
33313,"Paraiso","Medio (4 - 8 mts)",40,"Mediano",-68.8577102152,-32.8905696246,5,"0",0.0859023207481815
33315,"Pltano","Alto (> 8 mts)",220,"Grande",-68.8575872037,-32.8905937626,5,"0",0.0903973509933775
33317,"Morera","Alto (> 8 mts)",87,"Grande",-68.8573383574,-32.890637569,5,"1",0.185148665048544
33320,"Pltano","Alto (> 8 mts)",180,"Grande",-68.8570705888,-32.8906894829,5,"0",0.0903973509933775
33321,"Morera","Alto (> 8 mts)",92,"Grande",-68.8569998068,-32.8907031691,5,"0",0.185148665048544
33322,"Jacarand","Muy bajo (1 - 2 mts)",4,"Chico",-68.8568867537,-32.8907237218,5,"1",0.103064066852368
33330,"Morera","Alto (> 8 mts)",160,"Grande",-68.8565610016,-32.8913405403,5,"1",0.185148665048544
33333,"Morera","Alto (> 8 mts)",105,"Grande",-68.8570035477,-32.8912205811,5,"1",0.185148665048544
33336,"Morera","Alto (> 8 mts)",63,"Grande",-68.8574477056,-32.8912813329,5,"1",0.185148665048544
33337,"Morera","Alto (> 8 mts)",135,"Grande",-68.8576081069,-32.8913053988,5,"1",0.185148665048544
33338,"Olmo comun","Alto (> 8 mts)",83,"Grande",-68.8579310079,-32.8913514746,5,"1",0.0227272727272727
33339,"Paraiso","Alto (> 8 mts)",170,"Grande",-68.8575774381,-32.8912360238,5,"0",0.0859023207481815
33341,"Morera","Medio (4 - 8 mts)",97,"Grande",-68.8572388296,-32.8911884792,5,"1",0.185148665048544
33342,"Morera","Alto (> 8 mts)",148,"Grande",-68.8571231477,-32.8911752158,5,"1",0.185148665048544
33344,"Fresno europeo","Alto (> 8 mts)",50,"Mediano",-68.856849354,-32.8911379901,5,"0",0.0420032310177706
33347,"Fresno europeo","Medio (4 - 8 mts)",57,"Mediano",-68.8565463334,-32.8910916566,5,"0",0.0420032310177706
33348,"Morera","Alto (> 8 mts)",148,"Grande",-68.8564833376,-32.8910544346,5,"1",0.185148665048544
33349,"Morera","Alto (> 8 mts)",142,"Grande",-68.8564610318,-32.8909690188,5,"1",0.185148665048544
33350,"Pltano","Alto (> 8 mts)",128,"Grande",-68.8564574817,-32.8909171675,5,"1",0.0903973509933775
33351,"Pltano","Alto (> 8 mts)",170,"Grande",-68.8565509184,-32.8908992409,5,"0",0.0903973509933775
33361,"Pltano","Alto (> 8 mts)",180,"Grande",-68.8577465006,-32.890676877,5,"0",0.0903973509933775
33362,"Fresno europeo","Alto (> 8 mts)",127,"Grande",-68.8578661459,-32.8907972149,5,"0",0.0420032310177706
33364,"Fresno europeo","Medio (4 - 8 mts)",96,"Grande",-68.8579225588,-32.8910204612,5,"0",0.0420032310177706
33366,"Fresno europeo","Alto (> 8 mts)",100,"Grande",-68.857968983,-32.8911958028,5,"1",0.0420032310177706
33369,"Fresno europeo","Medio (4 - 8 mts)",63,"Grande",-68.8580607239,-32.8915711008,5,"0",0.0420032310177706
33370,"Pltano","Alto (> 8 mts)",200,"Grande",-68.8580362155,-32.8916595289,5,"0",0.0903973509933775
33371,"Pltano","Alto (> 8 mts)",120,"Grande",-68.8579210729,-32.8916835635,5,"1",0.0903973509933775
33376,"Pltano","Alto (> 8 mts)",185,"Grande",-68.8573815845,-32.8917769507,5,"0",0.0903973509933775
33379,"Pltano","Alto (> 8 mts)",175,"Grande",-68.8570395204,-32.891839564,5,"0",0.0903973509933775
33386,"Acacia SP","Medio (4 - 8 mts)",40,"Mediano",-68.8557912028,-32.8883395461,5,"0",0.150492264416315
33392,"Morera","Alto (> 8 mts)",136,"Grande",-68.8556955931,-32.8877426961,5,"0",0.185148665048544
33396,"Morera","Alto (> 8 mts)",154,"Grande",-68.8561181709,-32.8876624247,5,"0",0.185148665048544
33401,"Morera","Muy bajo (1 - 2 mts)",5,"Chico",-68.8565093377,-32.8875881807,5,"0",0.185148665048544
33404,"Morera","Alto (> 8 mts)",130,"Grande",-68.8567290323,-32.8875404625,5,"0",0.185148665048544
33407,"Morera","Alto (> 8 mts)",135,"Grande",-68.8569595499,-32.887497722,5,"0",0.185148665048544
33413,"Morera","Alto (> 8 mts)",136,"Grande",-68.8571476315,-32.8879464323,5,"0",0.185148665048544
33414,"Morera","Alto (> 8 mts)",150,"Grande",-68.8571768172,-32.8880794003,5,"0",0.185148665048544
33416,"Morera","Alto (> 8 mts)",138,"Grande",-68.8572022742,-32.8881930173,5,"0",0.185148665048544
33422,"Fresno europeo","Alto (> 8 mts)",60,"Mediano",-68.8569138989,-32.8885020808,5,"0",0.0420032310177706
33429,"Morera","Alto (> 8 mts)",140,"Grande",-68.8562416541,-32.8886312211,5,"0",0.185148665048544
33430,"Pltano","Alto (> 8 mts)",170,"Grande",-68.8560917762,-32.8886587306,5,"0",0.0903973509933775
33433,"Fresno europeo","Alto (> 8 mts)",148,"Grande",-68.8561133108,-32.8896214792,5,"0",0.0420032310177706
33437,"Acacia SP","Medio (4 - 8 mts)",50,"Mediano",-68.8560076782,-32.8891813446,5,"0",0.150492264416315
33440,"Fresno europeo","Medio (4 - 8 mts)",45,"Mediano",-68.8559274727,-32.8888830628,5,"1",0.0420032310177706
33442,"Jacarand","Medio (4 - 8 mts)",50,"Mediano",-68.8560489361,-32.8887814918,5,"0",0.103064066852368
33443,"Pltano","Alto (> 8 mts)",150,"Grande",-68.8561414132,-32.8887608593,5,"0",0.0903973509933775
33447,"Morera","Muy bajo (1 - 2 mts)",5,"Chico",-68.8565481822,-32.8886842319,5,"0",0.185148665048544
33449,"Pltano","Alto (> 8 mts)",180,"Grande",-68.8567686064,-32.8886496792,5,"0",0.0903973509933775
33450,"Pltano","Alto (> 8 mts)",250,"Grande",-68.8568727336,-32.8886281578,5,"0",0.0903973509933775
33452,"Morera","Muy bajo (1 - 2 mts)",5,"Chico",-68.8571811064,-32.8885753628,5,"0",0.185148665048544
33454,"Fresno europeo","Alto (> 8 mts)",80,"Grande",-68.8573052039,-32.8885995048,5,"0",0.0420032310177706
33461,"Morera","Medio (4 - 8 mts)",86,"Grande",-68.8574742922,-32.8892964999,5,"0",0.185148665048544
33463,"Fresno europeo","Medio (4 - 8 mts)",143,"Grande",-68.8575178042,-32.8894239315,5,"0",0.0420032310177706
33465,"Pltano","Alto (> 8 mts)",152,"Grande",-68.8573312183,-32.8895205965,5,"0",0.0903973509933775
33471,"Pltano","Alto (> 8 mts)",170,"Grande",-68.8566388297,-32.8896669094,5,"0",0.0903973509933775
33473,"Pltano","Alto (> 8 mts)",150,"Grande",-68.8564520694,-32.8897004185,5,"0",0.0903973509933775
33475,"Pltano","Alto (> 8 mts)",197,"Grande",-68.856246689,-32.8897436901,5,"0",0.0903973509933775
33477,"Pltano","Muy bajo (1 - 2 mts)",2,"Chico",-68.8558258135,-32.8890301017,5,"0",0.0903973509933775
33478,"Fresno europeo","Alto (> 8 mts)",90,"Grande",-68.8558334166,-32.8890622558,5,"0",0.0420032310177706
33479,"Fresno europeo","Alto (> 8 mts)",97,"Grande",-68.8558558077,-32.8891313251,5,"0",0.0420032310177706
33483,"Fresno europeo","Alto (> 8 mts)",90,"Grande",-68.8559321123,-32.8894303392,5,"0",0.0420032310177706
33486,"Fresno europeo","Alto (> 8 mts)",147,"Grande",-68.8559817425,-32.8896226929,5,"0",0.0420032310177706
33488,"Fresno europeo","Alto (> 8 mts)",103,"Grande",-68.8560233419,-32.8897222344,5,"0",0.0420032310177706
33502,"Pltano","Alto (> 8 mts)",130,"Grande",-68.8546694094,-32.8900441583,5,"0",0.0903973509933775
33503,"Pltano","Alto (> 8 mts)",97,"Grande",-68.8546078297,-32.8900569809,5,"0",0.0903973509933775
33506,"Pltano","Alto (> 8 mts)",101,"Grande",-68.8544043917,-32.8900276196,5,"0",0.0903973509933775
33511,"Pltano","Alto (> 8 mts)",95,"Grande",-68.8542820482,-32.8895547201,5,"0",0.0903973509933775
33514,"Pltano","Alto (> 8 mts)",90,"Grande",-68.8542182938,-32.8893294032,5,"0",0.0903973509933775
33517,"Pltano","Alto (> 8 mts)",177,"Grande",-68.8542792967,-32.8891104624,5,"0",0.0903973509933775
33518,"Acacia SP","Medio (4 - 8 mts)",40,"Mediano",-68.8543387445,-32.8891011027,5,"0",0.150492264416315
33519,"Pltano","Alto (> 8 mts)",172,"Grande",-68.8544751195,-32.8890754983,5,"0",0.0903973509933775
33524,"Pltano","Alto (> 8 mts)",199,"Grande",-68.8550215507,-32.8889742508,5,"0",0.0903973509933775
33525,"Pltano","Alto (> 8 mts)",170,"Grande",-68.8551542316,-32.8889461662,5,"0",0.0903973509933775
33526,"Pltano","Alto (> 8 mts)",187,"Grande",-68.8552932456,-32.8889147914,5,"0",0.0903973509933775
33527,"Pltano","Alto (> 8 mts)",180,"Grande",-68.8553538567,-32.8889055741,5,"0",0.0903973509933775
33530,"Pltano","Alto (> 8 mts)",190,"Grande",-68.8556265011,-32.8888600084,5,"0",0.0903973509933775
33531,"Pltano","Alto (> 8 mts)",205,"Grande",-68.8556819819,-32.8888510555,5,"0",0.0903973509933775
33537,"Fresno europeo","Alto (> 8 mts)",130,"Grande",-68.8555731975,-32.8880974283,5,"0",0.0420032310177706
33540,"Morera","Alto (> 8 mts)",145,"Grande",-68.8554427728,-32.8877873084,5,"0",0.185148665048544
33545,"Morera","Alto (> 8 mts)",150,"Grande",-68.8549541171,-32.8878806087,5,"0",0.185148665048544
33546,"Morera","Alto (> 8 mts)",146,"Grande",-68.8548088159,-32.8879057587,5,"0",0.185148665048544
33547,"Morera","Alto (> 8 mts)",130,"Grande",-68.8546881515,-32.8879249337,5,"1",0.185148665048544
33550,"Morera","Alto (> 8 mts)",126,"Grande",-68.8544399279,-32.8879681066,5,"0",0.185148665048544
33551,"Morera","Alto (> 8 mts)",148,"Grande",-68.8543367611,-32.887990619,5,"0",0.185148665048544
33554,"Morera","Alto (> 8 mts)",150,"Grande",-68.8540907766,-32.8880367694,5,"0",0.185148665048544
33557,"Pltano","Alto (> 8 mts)",185,"Grande",-68.8539013431,-32.8881378082,5,"0",0.0903973509933775
33562,"Pltano","Medio (4 - 8 mts)",90,"Grande",-68.8540356197,-32.8886305593,5,"0",0.0903973509933775
33565,"Pltano","Alto (> 8 mts)",150,"Grande",-68.8540902517,-32.8888134862,5,"0",0.0903973509933775
33567,"Fresno europeo","Alto (> 8 mts)",130,"Grande",-68.8541160126,-32.8889409253,5,"0",0.0420032310177706
33572,"Pltano","Alto (> 8 mts)",150,"Grande",-68.8546694213,-32.8889239866,5,"0",0.0903973509933775
33575,"Pltano","Alto (> 8 mts)",160,"Grande",-68.8549760159,-32.8888706017,5,"0",0.0903973509933775
33577,"Pltano","Alto (> 8 mts)",165,"Grande",-68.8552909571,-32.888810463,5,"0",0.0903973509933775
33580,"Pltano","Alto (> 8 mts)",175,"Grande",-68.8555924406,-32.8887450782,5,"0",0.0903973509933775
33583,"Morera","Medio (4 - 8 mts)",46,"Mediano",-68.8553825274,-32.8873409561,5,"0",0.185148665048544
33586,"Acacia SP","Alto (> 8 mts)",205,"Grande",-68.8553326307,-32.8871701531,5,"1",0.150492264416315
33587,"Acacia SP","Alto (> 8 mts)",175,"Grande",-68.8553011017,-32.8870401828,5,"0",0.150492264416315
33589,"Acacia SP","Alto (> 8 mts)",137,"Grande",-68.8552713799,-32.8869161657,5,"0",0.150492264416315
33592,"Acacia SP","Alto (> 8 mts)",85,"Grande",-68.8552017959,-32.8866608161,5,"0",0.150492264416315
33593,"Morera","Alto (> 8 mts)",170,"Grande",-68.8551766318,-32.8866258013,5,"0",0.185148665048544
33597,"Morera","Alto (> 8 mts)",202,"Grande",-68.854579614,-32.8867321394,5,"1",0.185148665048544
33598,"Morera","Alto (> 8 mts)",205,"Grande",-68.8545085051,-32.8867461231,5,"1",0.185148665048544
33599,"Morera","Alto (> 8 mts)",195,"Grande",-68.854353395,-32.8867771492,5,"0",0.185148665048544
33602,"Morera","Alto (> 8 mts)",205,"Grande",-68.8541241949,-32.8868171796,5,"0",0.185148665048544
33609,"Fresno americano","Medio (4 - 8 mts)",97,"Grande",-68.8536483243,-32.8871317651,5,"0",0.0512455516014235
33612,"Paraiso","Medio (4 - 8 mts)",80,"Grande",-68.8537102168,-32.8873826882,5,"0",0.0859023207481815
33613,"Fresno europeo","Muy bajo (1 - 2 mts)",2,"Chico",-68.8537291038,-32.8874653955,5,"0",0.0420032310177706
33614,"Fresno europeo","Medio (4 - 8 mts)",134,"Grande",-68.8537495917,-32.887549367,5,"1",0.0420032310177706
33619,"Morera","Alto (> 8 mts)",160,"Grande",-68.8540164995,-32.8878425484,5,"0",0.185148665048544
33620,"Morera","Alto (> 8 mts)",168,"Grande",-68.8541303521,-32.8878206799,5,"0",0.185148665048544
33621,"Morera","Alto (> 8 mts)",175,"Grande",-68.8542433557,-32.8877952036,5,"0",0.185148665048544
33622,"Morera","Alto (> 8 mts)",140,"Grande",-68.8544116152,-32.8877671767,5,"0",0.185148665048544
33623,"Morera","Alto (> 8 mts)",161,"Grande",-68.8546053587,-32.8877333695,5,"1",0.185148665048544
33626,"Morera","Alto (> 8 mts)",160,"Grande",-68.8549291729,-32.8876691844,5,"0",0.185148665048544
33627,"Morera","Alto (> 8 mts)",145,"Grande",-68.8549981259,-32.8876558291,5,"0",0.185148665048544
33628,"Morera","Alto (> 8 mts)",150,"Grande",-68.855083114,-32.887639607,5,"0",0.185148665048544
33631,"Morera","Alto (> 8 mts)",153,"Grande",-68.8552947464,-32.8875969703,5,"0",0.185148665048544
33632,"Morera","Alto (> 8 mts)",150,"Grande",-68.8553677557,-32.8875864148,5,"0",0.185148665048544
33634,"Morera","Alto (> 8 mts)",110,"Grande",-68.8554651899,-32.886570764,5,"1",0.185148665048544
33636,"Olmo bola","Alto (> 8 mts)",115,"Grande",-68.8556730787,-32.8865344026,5,"0",0.0231481481481481
33639,"Morera","Alto (> 8 mts)",198,"Grande",-68.8560057554,-32.8864717578,5,"0",0.185148665048544
33640,"Morera","Alto (> 8 mts)",160,"Grande",-68.8561200295,-32.8864515201,5,"1",0.185148665048544
33641,"Morera","Alto (> 8 mts)",150,"Grande",-68.8562205573,-32.8864318724,5,"0",0.185148665048544
33649,"Paraiso","Medio (4 - 8 mts)",127,"Grande",-68.8567930025,-32.8865524597,5,"0",0.0859023207481815
33650,"Paraiso","Alto (> 8 mts)",156,"Grande",-68.8568217433,-32.8866424833,5,"0",0.0859023207481815
33652,"Paraiso","Alto (> 8 mts)",199,"Grande",-68.8568644066,-32.8867979126,5,"1",0.0859023207481815
33654,"Morera","Muy bajo (1 - 2 mts)",2,"Chico",-68.8569078084,-32.8869527639,5,"0",0.185148665048544
33656,"Paraiso","Medio (4 - 8 mts)",136,"Grande",-68.8569557404,-32.8871043202,5,"1",0.0859023207481815
33658,"Paraiso","Alto (> 8 mts)",140,"Grande",-68.8569868574,-32.8872195505,5,"0",0.0859023207481815
33659,"Morera","Alto (> 8 mts)",160,"Grande",-68.856925301,-32.8872857788,5,"0",0.185148665048544
33660,"Morera","Alto (> 8 mts)",189,"Grande",-68.8568724239,-32.8872971617,5,"0",0.185148665048544
33661,"Morera","Alto (> 8 mts)",175,"Grande",-68.8567802483,-32.8873161153,5,"0",0.185148665048544
33662,"Morera","Alto (> 8 mts)",170,"Grande",-68.8567078767,-32.8873317092,5,"0",0.185148665048544
33664,"Morera","Alto (> 8 mts)",185,"Grande",-68.8565882646,-32.8873598491,5,"0",0.185148665048544
33666,"Morera","Alto (> 8 mts)",185,"Grande",-68.8563719958,-32.8873981267,5,"0",0.185148665048544
33667,"Morera","Alto (> 8 mts)",165,"Grande",-68.8562763204,-32.8874148784,5,"0",0.185148665048544
33669,"Morera","Alto (> 8 mts)",198,"Grande",-68.8561431159,-32.8874425875,5,"0",0.185148665048544
33673,"Morera","Alto (> 8 mts)",210,"Grande",-68.8557253734,-32.8875192424,5,"0",0.185148665048544
33675,"Acacia SP","Medio (4 - 8 mts)",65,"Grande",-68.855571901,-32.8875059493,5,"0",0.150492264416315
33685,"Acacia SP","Alto (> 8 mts)",99,"Grande",-68.8553715896,-32.8867394598,5,"1",0.150492264416315
33690,"Morera","Alto (> 8 mts)",170,"Grande",-68.8583189686,-32.8860398003,5,"0",0.185148665048544
33692,"Morera","Alto (> 8 mts)",172,"Grande",-68.8580450955,-32.8860907798,5,"0",0.185148665048544
33694,"Morera","Alto (> 8 mts)",180,"Grande",-68.857846475,-32.8861279744,5,"0",0.185148665048544
33696,"Morera","Alto (> 8 mts)",170,"Grande",-68.8576010363,-32.8861713371,5,"0",0.185148665048544
33698,"Jacarand","Muy bajo (1 - 2 mts)",2,"Chico",-68.8573547383,-32.8862172231,5,"0",0.103064066852368
33700,"Morera","Alto (> 8 mts)",192,"Grande",-68.8571126034,-32.8862659086,5,"0",0.185148665048544
33707,"Paraiso","Medio (4 - 8 mts)",160,"Grande",-68.8569992449,-32.8867596458,5,"0",0.0859023207481815
33709,"Paraiso","Alto (> 8 mts)",111,"Grande",-68.8570295332,-32.8868617321,5,"1",0.0859023207481815
33710,"Morera","Alto (> 8 mts)",120,"Grande",-68.8570586563,-32.8869847662,5,"0",0.185148665048544
33719,"Morera","Alto (> 8 mts)",185,"Grande",-68.8577275768,-32.8871477424,5,"0",0.185148665048544
33725,"Morera","Alto (> 8 mts)",162,"Grande",-68.8583147159,-32.8870359689,5,"0",0.185148665048544
33728,"Morera","Alto (> 8 mts)",180,"Grande",-68.8585792295,-32.8869845941,5,"0",0.185148665048544
33731,"Morera","Alto (> 8 mts)",165,"Grande",-68.8587685854,-32.8869484419,5,"0",0.185148665048544
33734,"Fresno europeo","Alto (> 8 mts)",141,"Grande",-68.8589176759,-32.8868361665,5,"0",0.0420032310177706
33735,"Fresno europeo","Muy bajo (1 - 2 mts)",5,"Chico",-68.8589146744,-32.8867698364,5,"0",0.0420032310177706
33736,"Fresno europeo","Medio (4 - 8 mts)",95,"Grande",-68.8589106161,-32.886700672,5,"0",0.0420032310177706
33737,"Morera","Medio (4 - 8 mts)",45,"Mediano",-68.8589087885,-32.8866400762,5,"0",0.185148665048544
33743,"Fresno europeo","Medio (4 - 8 mts)",60,"Mediano",-68.8588713876,-32.8861458895,5,"0",0.0420032310177706
33744,"Fresno europeo","Medio (4 - 8 mts)",48,"Mediano",-68.858869105,-32.8860972704,5,"1",0.0420032310177706
33746,"Morera","Bajo (2 - 4 mts)",52,"Mediano",-68.856930829,-32.8861886953,5,"0",0.185148665048544
33747,"Morera","Medio (4 - 8 mts)",130,"Grande",-68.857020293,-32.8861724933,5,"0",0.185148665048544
33754,"Morera","Alto (> 8 mts)",170,"Grande",-68.857667045,-32.8860600533,5,"0",0.185148665048544
33755,"Morera","Medio (4 - 8 mts)",50,"Mediano",-68.8577348301,-32.8860408342,5,"1",0.185148665048544
33757,"Morera","Medio (4 - 8 mts)",120,"Grande",-68.8578150367,-32.8858722187,5,"1",0.185148665048544
33762,"Morera","Medio (4 - 8 mts)",80,"Grande",-68.857655366,-32.8852923003,5,"0",0.185148665048544
33763,"Morera","Medio (4 - 8 mts)",100,"Grande",-68.8576388816,-32.8852268574,5,"0",0.185148665048544
33766,"Fresno europeo","Medio (4 - 8 mts)",150,"Grande",-68.8573742393,-32.8851179921,5,"0",0.0420032310177706
33769,"Fresno europeo","Bajo (2 - 4 mts)",80,"Grande",-68.8569099764,-32.8852048358,5,"0",0.0420032310177706
33772,"Fresno europeo","Medio (4 - 8 mts)",150,"Grande",-68.856654822,-32.8855755901,5,"0",0.0420032310177706
33774,"Fresno europeo","Medio (4 - 8 mts)",120,"Grande",-68.8567034849,-32.8857511152,5,"0",0.0420032310177706
33775,"Fresno europeo","Medio (4 - 8 mts)",140,"Grande",-68.8567226205,-32.8858136244,5,"0",0.0420032310177706
33776,"Fresno europeo","Bajo (2 - 4 mts)",42,"Mediano",-68.8567593021,-32.8859303454,5,"0",0.0420032310177706
33778,"Fresno europeo","Medio (4 - 8 mts)",130,"Grande",-68.8568104094,-32.8861145295,5,"1",0.0420032310177706
33783,"Fresno europeo","Medio (4 - 8 mts)",100,"Grande",-68.855415102,-32.8854965562,5,"0",0.0420032310177706
33803,"Morera","Alto (> 8 mts)",200,"Grande",-68.8562881512,-32.8863149934,5,"0",0.185148665048544
33805,"Morera","Alto (> 8 mts)",140,"Grande",-68.8559434034,-32.8863796052,5,"0",0.185148665048544
33806,"Morera","Alto (> 8 mts)",190,"Grande",-68.8558097603,-32.8864045363,5,"0",0.185148665048544
33808,"Fresno europeo","Bajo (2 - 4 mts)",50,"Mediano",-68.8556409648,-32.8864354499,5,"0",0.0420032310177706
33809,"Morera","Medio (4 - 8 mts)",160,"Grande",-68.855563241,-32.8864541154,5,"0",0.185148665048544
33814,"Paraiso","Alto (> 8 mts)",200,"Grande",-68.8552580463,-32.8863091311,5,"1",0.0859023207481815
33815,"Acacia SP","Medio (4 - 8 mts)",120,"Grande",-68.8552292649,-32.8861984601,5,"1",0.150492264416315
33816,"Acacia visco","Alto (> 8 mts)",160,"Grande",-68.8551937581,-32.8860833631,5,"0",0.0625
33817,"Acacia visco","Medio (4 - 8 mts)",130,"Grande",-68.8551805342,-32.8860005724,5,"0",0.0625
33819,"Morera","Medio (4 - 8 mts)",100,"Grande",-68.8551277564,-32.8857942943,5,"0",0.185148665048544
33820,"Morera","Medio (4 - 8 mts)",110,"Grande",-68.8551172273,-32.88575587,5,"0",0.185148665048544
33827,"Pltano","Alto (> 8 mts)",220,"Grande",-68.8545712325,-32.8856367539,5,"0",0.0903973509933775
33831,"Pltano","Alto (> 8 mts)",190,"Grande",-68.8541469347,-32.8857223714,5,"0",0.0903973509933775
33837,"Fresno europeo","Medio (4 - 8 mts)",120,"Grande",-68.8534529298,-32.8858558221,5,"0",0.0420032310177706
33838,"Fresno americano","Medio (4 - 8 mts)",120,"Grande",-68.8533846294,-32.8858630458,5,"0",0.0512455516014235
33841,"Morera","Medio (4 - 8 mts)",150,"Grande",-68.853370753,-32.8860476961,5,"1",0.185148665048544
33842,"Morera","Alto (> 8 mts)",240,"Grande",-68.853383037,-32.8861161489,5,"1",0.185148665048544
33843,"Fresno americano","Medio (4 - 8 mts)",120,"Grande",-68.853425539,-32.8862651583,5,"0",0.0512455516014235
33844,"Morera","Medio (4 - 8 mts)",130,"Grande",-68.8534399631,-32.8863319906,5,"1",0.185148665048544
33847,"Fresno europeo","Medio (4 - 8 mts)",100,"Grande",-68.8535170713,-32.8866226964,5,"0",0.0420032310177706
33849,"Morera","Medio (4 - 8 mts)",160,"Grande",-68.8536150782,-32.8868127075,5,"0",0.185148665048544
33860,"Morera","Alto (> 8 mts)",200,"Grande",-68.8547124174,-32.8866112867,5,"0",0.185148665048544
33861,"Morera","Alto (> 8 mts)",160,"Grande",-68.8548332155,-32.8865889748,5,"1",0.185148665048544
33862,"Morera","Medio (4 - 8 mts)",120,"Grande",-68.854894897,-32.8865777752,5,"1",0.185148665048544
33868,"Acacia visco","Medio (4 - 8 mts)",110,"Grande",-68.8551539764,-32.8864282143,5,"0",0.0625
33871,"Acacia visco","Alto (> 8 mts)",120,"Grande",-68.8551031026,-32.8862339309,5,"0",0.0625
33872,"Acacia visco","Medio (4 - 8 mts)",110,"Grande",-68.8550881415,-32.8861679998,5,"0",0.0625
33873,"Acacia visco","Alto (> 8 mts)",170,"Grande",-68.8550676454,-32.8860884468,5,"0",0.0625
33876,"Acacia visco","Medio (4 - 8 mts)",150,"Grande",-68.8550061301,-32.8858665592,5,"0",0.0625
33877,"Acacia visco","Medio (4 - 8 mts)",120,"Grande",-68.8549903991,-32.8858140625,5,"0",0.0625
33879,"Morera","Medio (4 - 8 mts)",60,"Mediano",-68.8549588651,-32.885687789,5,"0",0.185148665048544
33881,"Morera","Alto (> 8 mts)",220,"Grande",-68.8532084562,-32.8851761616,5,"0",0.185148665048544
33882,"Morera","Alto (> 8 mts)",220,"Grande",-68.8533683542,-32.8851811877,5,"0",0.185148665048544
33885,"Acer","Alto (> 8 mts)",110,"Grande",-68.8536682648,-32.8851922962,5,"0",0.0204081632653061
33886,"Acer","Bajo (2 - 4 mts)",20,"Chico",-68.8538095539,-32.885200674,5,"0",0.0204081632653061
33888,"Morera","Alto (> 8 mts)",95,"Grande",-68.8541028543,-32.8852127737,5,"1",0.185148665048544
33891,"Morera","Alto (> 8 mts)",116,"Grande",-68.8544047457,-32.8852236266,5,"0",0.185148665048544
33895,"Morera","Alto (> 8 mts)",220,"Grande",-68.8547450219,-32.8852298418,5,"0",0.185148665048544
33897,"Fresno americano","Alto (> 8 mts)",118,"Grande",-68.854882656,-32.8854206725,5,"0",0.0512455516014235
33900,"Morera","Alto (> 8 mts)",110,"Grande",-68.8545196631,-32.8855421966,5,"0",0.185148665048544
33905,"Morera","Bajo (2 - 4 mts)",100,"Grande",-68.8538475744,-32.8856717977,5,"1",0.185148665048544
33906,"Morera","Alto (> 8 mts)",240,"Grande",-68.8537751005,-32.8856825333,5,"0",0.185148665048544
33908,"Pltano","Alto (> 8 mts)",210,"Grande",-68.853509132,-32.8857321758,5,"0",0.0903973509933775
33909,"Morera","Alto (> 8 mts)",240,"Grande",-68.8534567968,-32.8857405922,5,"0",0.185148665048544
33912,"Morera","Alto (> 8 mts)",136,"Grande",-68.8532706578,-32.8856420426,5,"1",0.185148665048544
33914,"Morera","Alto (> 8 mts)",200,"Grande",-68.8532403877,-32.8855206844,5,"1",0.185148665048544
33918,"Pltano","Medio (4 - 8 mts)",110,"Grande",-68.8514860682,-32.8848058256,5,"1",0.0903973509933775
33919,"Fresno europeo","Medio (4 - 8 mts)",100,"Grande",-68.8514981402,-32.884744074,5,"0",0.0420032310177706
33920,"Olmo bola","Medio (4 - 8 mts)",140,"Grande",-68.8515123681,-32.8846712342,5,"0",0.0231481481481481
33921,"Morera","Medio (4 - 8 mts)",110,"Grande",-68.851533328,-32.8845986728,5,"0",0.185148665048544
33922,"Pltano","Alto (> 8 mts)",220,"Grande",-68.8515529155,-32.8845160109,5,"0",0.0903973509933775
33923,"Acacia visco","Bajo (2 - 4 mts)",90,"Grande",-68.8515660773,-32.8844415467,5,"1",0.0625
33924,"Morera","Medio (4 - 8 mts)",110,"Grande",-68.8515956179,-32.8843501501,1,"0",0.185148665048544
33925,"Fresno europeo","Alto (> 8 mts)",140,"Grande",-68.8516220882,-32.8842413473,1,"0",0.0420032310177706
33927,"Fresno europeo","Medio (4 - 8 mts)",100,"Grande",-68.8516855578,-32.884054141,1,"0",0.0420032310177706
33930,"Morera","Medio (4 - 8 mts)",130,"Grande",-68.8519456586,-32.8839961097,1,"1",0.185148665048544
33934,"Caducifolio","Alto (> 8 mts)",100,"Grande",-68.85247377,-32.8839776359,5,"0",0.0512249443207127
33935,"Fresno europeo","Alto (> 8 mts)",200,"Grande",-68.8525227639,-32.8839774953,5,"0",0.0420032310177706
33936,"Fresno europeo","Medio (4 - 8 mts)",120,"Grande",-68.8525967136,-32.883978266,5,"0",0.0420032310177706
33937,"Fresno americano","Medio (4 - 8 mts)",120,"Grande",-68.8526482796,-32.8839775702,5,"0",0.0512455516014235
33938,"Olmo comun","Alto (> 8 mts)",150,"Grande",-68.8526875956,-32.8840149295,5,"0",0.0227272727272727
33944,"Morera","Bajo (2 - 4 mts)",80,"Grande",-68.8528270251,-32.8844857771,5,"0",0.185148665048544
33945,"Fresno europeo","Bajo (2 - 4 mts)",80,"Grande",-68.8528489993,-32.8845748,5,"0",0.0420032310177706
33950,"Morera","Bajo (2 - 4 mts)",100,"Grande",-68.8529291545,-32.8848949951,5,"0",0.185148665048544
33953,"Fresno europeo","Medio (4 - 8 mts)",100,"Grande",-68.8528333878,-32.8850328414,5,"0",0.0420032310177706
33956,"Fresno americano","Bajo (2 - 4 mts)",26,"Mediano",-68.8523720859,-32.8850072307,5,"0",0.0512455516014235
33957,"Conifera","Alto (> 8 mts)",150,"Grande",-68.8522925428,-32.8850072044,5,"0",0.021505376344086
33958,"Morera","Alto (> 8 mts)",180,"Grande",-68.8522205106,-32.885001206,5,"1",0.185148665048544
33962,"Morera","Alto (> 8 mts)",220,"Grande",-68.851883744,-32.8849833896,5,"1",0.185148665048544
33963,"Morera","Alto (> 8 mts)",120,"Grande",-68.8517533686,-32.8849821531,5,"1",0.185148665048544
33964,"Morera","Alto (> 8 mts)",170,"Grande",-68.8516692692,-32.8849792582,5,"0",0.185148665048544
33965,"Morera","Medio (4 - 8 mts)",110,"Grande",-68.8515828967,-32.8849725652,5,"0",0.185148665048544
33971,"Paraiso","Medio (4 - 8 mts)",100,"Grande",-68.8546711514,-32.8845906363,5,"0",0.0859023207481815
33973,"Morera","Bajo (2 - 4 mts)",100,"Grande",-68.8546274022,-32.8844192639,5,"0",0.185148665048544
33977,"Morera","Bajo (2 - 4 mts)",84,"Grande",-68.8545511557,-32.88412333,5,"0",0.185148665048544
33978,"Morera","Medio (4 - 8 mts)",120,"Grande",-68.8545133128,-32.8840001147,5,"0",0.185148665048544
33979,"Fresno europeo","Bajo (2 - 4 mts)",52,"Mediano",-68.8544505492,-32.8838794133,5,"0",0.0420032310177706
33987,"Fresno europeo","Bajo (2 - 4 mts)",82,"Grande",-68.8536568235,-32.883911471,5,"0",0.0420032310177706
33990,"Fresno europeo","Bajo (2 - 4 mts)",80,"Grande",-68.8533518017,-32.8839281557,5,"0",0.0420032310177706
33991,"Fresno europeo","Bajo (2 - 4 mts)",110,"Grande",-68.8532457822,-32.8839335317,5,"0",0.0420032310177706
33992,"Morera","Medio (4 - 8 mts)",130,"Grande",-68.8530819489,-32.8839386593,5,"0",0.185148665048544
33993,"Fresno europeo","Medio (4 - 8 mts)",160,"Grande",-68.8529838386,-32.883943323,5,"0",0.0420032310177706
33994,"Fresno europeo","Bajo (2 - 4 mts)",90,"Grande",-68.8528520392,-32.8840286484,5,"0",0.0420032310177706
33996,"Fresno europeo","Medio (4 - 8 mts)",110,"Grande",-68.8528904729,-32.8841809895,5,"0",0.0420032310177706
33998,"Acacia visco","Bajo (2 - 4 mts)",80,"Grande",-68.8529304925,-32.8843437019,5,"0",0.0625
34002,"Morera","Bajo (2 - 4 mts)",90,"Grande",-68.8530540948,-32.8848222852,5,"1",0.185148665048544
34003,"Morera","Medio (4 - 8 mts)",160,"Grande",-68.8530638408,-32.8848742342,5,"1",0.185148665048544
34006,"Pltano","Alto (> 8 mts)",150,"Grande",-68.8533503754,-32.8850537367,5,"1",0.0903973509933775
34007,"Fresno americano","Bajo (2 - 4 mts)",42,"Mediano",-68.8534264543,-32.8850541478,5,"0",0.0512455516014235
34008,"Pltano","Alto (> 8 mts)",160,"Grande",-68.8535061843,-32.8850601311,5,"0",0.0903973509933775
34011,"Jacarand","Alto (> 8 mts)",100,"Grande",-68.8541795209,-32.8850887343,5,"0",0.103064066852368
34012,"Pltano","Alto (> 8 mts)",260,"Grande",-68.8542549019,-32.8850924551,5,"0",0.0903973509933775
34013,"Morera","Medio (4 - 8 mts)",100,"Grande",-68.854391661,-32.885101405,5,"1",0.185148665048544
34014,"Pltano","Alto (> 8 mts)",240,"Grande",-68.8545111824,-32.8851077513,5,"1",0.0903973509933775
34018,"Fresno europeo","Muy bajo (1 - 2 mts)",3,"Chico",-68.8555331375,-32.8838306047,5,"0",0.0420032310177706
34021,"Morera","Bajo (2 - 4 mts)",12,"Chico",-68.8552566102,-32.8838398447,5,"0",0.185148665048544
34024,"Morera","Medio (4 - 8 mts)",120,"Grande",-68.8549156816,-32.8838569425,5,"0",0.185148665048544
34025,"Fresno europeo","Medio (4 - 8 mts)",130,"Grande",-68.8547665269,-32.88386899,5,"0",0.0420032310177706
34029,"Fresno europeo","Bajo (2 - 4 mts)",26,"Mediano",-68.8547002786,-32.884161194,5,"0",0.0420032310177706
34032,"Paraiso","Medio (4 - 8 mts)",100,"Grande",-68.8547889433,-32.8845096208,5,"0",0.0859023207481815
34033,"Fresno europeo","Medio (4 - 8 mts)",130,"Grande",-68.8548077901,-32.8845831207,5,"0",0.0420032310177706
34034,"Fresno europeo","Bajo (2 - 4 mts)",110,"Grande",-68.8548468202,-32.8847336684,5,"0",0.0420032310177706
34035,"Fresno europeo","Bajo (2 - 4 mts)",70,"Grande",-68.8548640184,-32.8848037499,5,"0",0.0420032310177706
34037,"Fresno europeo","Bajo (2 - 4 mts)",90,"Grande",-68.854917131,-32.8850005608,5,"0",0.0420032310177706
34038,"Fresno europeo","Bajo (2 - 4 mts)",100,"Grande",-68.8549435793,-32.8850996875,5,"0",0.0420032310177706
34039,"Morera","Medio (4 - 8 mts)",100,"Grande",-68.8550112939,-32.8851236609,5,"0",0.185148665048544
34042,"Morera","Alto (> 8 mts)",150,"Grande",-68.8553051293,-32.8851379485,5,"0",0.185148665048544
34044,"Fresno americano","Bajo (2 - 4 mts)",60,"Mediano",-68.8555790391,-32.8851478519,5,"0",0.0512455516014235
34046,"Fresno americano","Alto (> 8 mts)",150,"Grande",-68.8556950728,-32.88515469,5,"0",0.0512455516014235
34056,"Morera","Medio (4 - 8 mts)",120,"Grande",-68.8563701615,-32.8850241491,5,"1",0.185148665048544
34058,"Morera","Alto (> 8 mts)",140,"Grande",-68.8563410721,-32.8849050923,5,"1",0.185148665048544
34060,"Morera","Bajo (2 - 4 mts)",26,"Mediano",-68.8563008105,-32.8847558159,5,"0",0.185148665048544
34062,"Morera","Medio (4 - 8 mts)",110,"Grande",-68.8562650427,-32.8846032986,5,"1",0.185148665048544
34063,"Morera","Medio (4 - 8 mts)",110,"Grande",-68.8562338964,-32.8845007404,5,"0",0.185148665048544
34064,"Morera","Medio (4 - 8 mts)",110,"Grande",-68.8562103578,-32.8843917059,5,"0",0.185148665048544
34065,"Morera","Medio (4 - 8 mts)",110,"Grande",-68.8561970683,-32.8843431723,5,"0",0.185148665048544
34066,"Morera","Medio (4 - 8 mts)",90,"Grande",-68.8561765961,-32.8842484711,5,"0",0.185148665048544
34067,"Morera","Medio (4 - 8 mts)",100,"Grande",-68.8561569253,-32.884186953,5,"0",0.185148665048544
34070,"Morera","Medio (4 - 8 mts)",110,"Grande",-68.8565339805,-32.8850953905,5,"1",0.185148665048544
34071,"Morera","Medio (4 - 8 mts)",70,"Grande",-68.8565087673,-32.8850244885,5,"0",0.185148665048544
34072,"Morera","Medio (4 - 8 mts)",110,"Grande",-68.8564923216,-32.8849508915,5,"1",0.185148665048544
34075,"Acacia visco","Bajo (2 - 4 mts)",110,"Grande",-68.8564228587,-32.8846854437,5,"0",0.0625
34076,"Paraiso","Alto (> 8 mts)",200,"Grande",-68.8563964321,-32.8845718903,5,"0",0.0859023207481815
34077,"Morera","Medio (4 - 8 mts)",90,"Grande",-68.85637537,-32.8844903152,5,"0",0.185148665048544
34078,"Morera","Medio (4 - 8 mts)",110,"Grande",-68.8563633545,-32.8844323479,5,"0",0.185148665048544
34080,"Paraiso","Muy bajo (1 - 2 mts)",14,"Chico",-68.8562534499,-32.8840392766,5,"0",0.0859023207481815
34084,"Olmo comun","Medio (4 - 8 mts)",110,"Grande",-68.8564237795,-32.8837830309,5,"0",0.0227272727272727
34085,"Olmo comun","Medio (4 - 8 mts)",150,"Grande",-68.856535784,-32.883777118,5,"0",0.0227272727272727
34090,"Olmo bola","Bajo (2 - 4 mts)",90,"Grande",-68.8570937599,-32.8837573371,5,"0",0.0231481481481481
34094,"Paraiso sombrilla","Bajo (2 - 4 mts)",50,"Mediano",-68.8573978483,-32.8842559108,5,"0",0.022887323943662
34095,"Paraiso sombrilla","Bajo (2 - 4 mts)",110,"Grande",-68.8574153548,-32.8843348289,5,"0",0.022887323943662
34097,"Tilo","Bajo (2 - 4 mts)",28,"Mediano",-68.8574565279,-32.8845165669,5,"0",0
34103,"Fresno americano","Medio (4 - 8 mts)",80,"Grande",-68.8574793925,-32.8849869158,5,"0",0.0512455516014235
34104,"Fresno europeo","Bajo (2 - 4 mts)",28,"Mediano",-68.8573878846,-32.8849995361,5,"0",0.0420032310177706
34108,"Fresno europeo","Bajo (2 - 4 mts)",60,"Mediano",-68.85699224,-32.885086718,5,"0",0.0420032310177706
34109,"Morera","Alto (> 8 mts)",140,"Grande",-68.856901276,-32.8850993279,5,"1",0.185148665048544
34111,"Pltano","Alto (> 8 mts)",160,"Grande",-68.8566923954,-32.885138132,5,"0",0.0903973509933775
34113,"Morera","Alto (> 8 mts)",125,"Grande",-68.8555227485,-32.8734023096,6,"0",0.185148665048544
34116,"Morera","Alto (> 8 mts)",180,"Grande",-68.8554759529,-32.873208274,6,"0",0.185148665048544
34117,"Morera","Alto (> 8 mts)",160,"Grande",-68.8554359493,-32.8730786444,6,"0",0.185148665048544
34118,"Paraiso","Alto (> 8 mts)",210,"Grande",-68.8554191689,-32.8730241267,6,"0",0.0859023207481815
34119,"Morera","Bajo (2 - 4 mts)",22,"Mediano",-68.8555569474,-32.8729498816,6,"0",0.185148665048544
34124,"Eucalyptus","Bajo (2 - 4 mts)",36,"Mediano",-68.8559081688,-32.8728734272,6,"0",0.0909090909090909
34126,"Olmo comun","Alto (> 8 mts)",198,"Grande",-68.856052888,-32.8728505636,6,"0",0.0227272727272727
34127,"Olmo bola","Medio (4 - 8 mts)",42,"Mediano",-68.8561250377,-32.8729015924,6,"0",0.0231481481481481
34131,"Morera","Bajo (2 - 4 mts)",13,"Chico",-68.8561640738,-32.8732108282,6,"0",0.185148665048544
34132,"Morera","Alto (> 8 mts)",190,"Grande",-68.8561786271,-32.8732637744,6,"0",0.185148665048544
34137,"Paraiso","Medio (4 - 8 mts)",120,"Grande",-68.8564153033,-32.8737295008,6,"0",0.0859023207481815
34150,"Morera","Alto (> 8 mts)",140,"Grande",-68.8562632219,-32.8729528773,6,"0",0.185148665048544
34155,"Fresno europeo","Medio (4 - 8 mts)",50,"Mediano",-68.8565702748,-32.8727559985,6,"0",0.0420032310177706
34156,"Morera","Medio (4 - 8 mts)",45,"Mediano",-68.8566438505,-32.8727410552,6,"0",0.185148665048544
34165,"Morera","Alto (> 8 mts)",138,"Grande",-68.8568892066,-32.8733914577,6,"0",0.185148665048544
34167,"Paraiso","Alto (> 8 mts)",150,"Grande",-68.8568997268,-32.8734383885,6,"0",0.0859023207481815
34175,"Morera","Medio (4 - 8 mts)",130,"Grande",-68.8565697749,-32.8737533024,6,"0",0.185148665048544
34176,"Morera","Medio (4 - 8 mts)",160,"Grande",-68.8535421523,-32.8742322906,6,"0",0.185148665048544
34177,"Morera","Alto (> 8 mts)",140,"Grande",-68.8535243155,-32.8741625688,6,"0",0.185148665048544
34180,"Morera","Alto (> 8 mts)",110,"Grande",-68.8534733323,-32.8739761289,6,"0",0.185148665048544
34182,"Morera","Alto (> 8 mts)",124,"Grande",-68.8534462917,-32.873850311,6,"0",0.185148665048544
34189,"Morera","Medio (4 - 8 mts)",124,"Grande",-68.8533464829,-32.8734655313,6,"0",0.185148665048544
34191,"Morera","Medio (4 - 8 mts)",146,"Grande",-68.8532080653,-32.8733619446,6,"0",0.185148665048544
34192,"Morera","Medio (4 - 8 mts)",120,"Grande",-68.8531487425,-32.8733736872,6,"0",0.185148665048544
34198,"Fresno europeo","Medio (4 - 8 mts)",100,"Grande",-68.8527104033,-32.8735848896,6,"0",0.0420032310177706
34203,"Fresno europeo","Medio (4 - 8 mts)",120,"Grande",-68.852814252,-32.8739804948,6,"0",0.0420032310177706
34205,"Paraiso","Alto (> 8 mts)",150,"Grande",-68.852853936,-32.874149519,6,"0",0.0859023207481815
34210,"Morera","Alto (> 8 mts)",150,"Grande",-68.8530059154,-32.8743883761,6,"0",0.185148665048544
34212,"Morera","Bajo (2 - 4 mts)",34,"Mediano",-68.8531730945,-32.8743524145,6,"0",0.185148665048544
34215,"Morera","Medio (4 - 8 mts)",140,"Grande",-68.8533456957,-32.8743330502,6,"1",0.185148665048544
34216,"Morera","Medio (4 - 8 mts)",120,"Grande",-68.8534447868,-32.8743103535,6,"0",0.185148665048544
34218,"Morera","Medio (4 - 8 mts)",104,"Grande",-68.8524166347,-32.8755373418,6,"0",0.185148665048544
34219,"Morera","Medio (4 - 8 mts)",120,"Grande",-68.8523995205,-32.8754833102,6,"0",0.185148665048544
34224,"Morera","Medio (4 - 8 mts)",120,"Grande",-68.8523275556,-32.875191888,6,"0",0.185148665048544
34226,"Morera","Medio (4 - 8 mts)",140,"Grande",-68.8522933754,-32.8750549705,6,"0",0.185148665048544
34229,"Fresno europeo","Medio (4 - 8 mts)",140,"Grande",-68.8522371081,-32.8748344399,6,"0",0.0420032310177706
34233,"Morera","Medio (4 - 8 mts)",160,"Grande",-68.8522843429,-32.8746381068,6,"0",0.185148665048544
34234,"Morera","Medio (4 - 8 mts)",106,"Grande",-68.8523821505,-32.8746164914,6,"0",0.185148665048544
34235,"Morera","Medio (4 - 8 mts)",160,"Grande",-68.8525015405,-32.8745961638,6,"0",0.185148665048544
34237,"Morera","Medio (4 - 8 mts)",124,"Grande",-68.8527236424,-32.8745575291,6,"0",0.185148665048544
34240,"Fresno europeo","Medio (4 - 8 mts)",86,"Grande",-68.8528886654,-32.874795353,6,"0",0.0420032310177706
34243,"Morera","Bajo (2 - 4 mts)",64,"Grande",-68.8529668881,-32.875115907,6,"0",0.185148665048544
34244,"Morera","Bajo (2 - 4 mts)",16,"Chico",-68.8529934051,-32.8751704005,6,"0",0.185148665048544
34247,"Morera","Alto (> 8 mts)",150,"Grande",-68.8530178039,-32.8754724064,6,"0",0.185148665048544
34251,"Morera","Alto (> 8 mts)",170,"Grande",-68.85271724,-32.8755247118,6,"0",0.185148665048544
34252,"Morera","Alto (> 8 mts)",140,"Grande",-68.8526339762,-32.8755388605,6,"0",0.185148665048544
34254,"Morera","Medio (4 - 8 mts)",130,"Grande",-68.8522540797,-32.8745233756,6,"0",0.185148665048544
34255,"Morera","Alto (> 8 mts)",144,"Grande",-68.8523597833,-32.8745084421,6,"0",0.185148665048544
34258,"Morera","Medio (4 - 8 mts)",160,"Grande",-68.8527152918,-32.874441144,6,"0",0.185148665048544
34264,"Morera","Medio (4 - 8 mts)",120,"Grande",-68.8527347592,-32.8741705685,6,"0",0.185148665048544
34265,"Fresno europeo","Bajo (2 - 4 mts)",20,"Chico",-68.852709452,-32.874095608,6,"0",0.0420032310177706
34271,"Fresno europeo","Bajo (2 - 4 mts)",36,"Mediano",-68.8526073449,-32.8736808888,6,"0",0.0420032310177706
34276,"Morera","Alto (> 8 mts)",220,"Grande",-68.8523602562,-32.8735139643,6,"1",0.185148665048544
34283,"Fresno europeo","Medio (4 - 8 mts)",88,"Grande",-68.8519725083,-32.8738223363,6,"0",0.0420032310177706
34284,"Fresno europeo","Medio (4 - 8 mts)",90,"Grande",-68.8519887452,-32.8738895317,6,"0",0.0420032310177706
34286,"Paraiso sombrilla","Bajo (2 - 4 mts)",60,"Mediano",-68.8520215571,-32.8740134633,6,"0",0.022887323943662
34288,"Morera","Medio (4 - 8 mts)",130,"Grande",-68.8520430885,-32.8741096995,6,"0",0.185148665048544
34289,"Fresno europeo","Medio (4 - 8 mts)",140,"Grande",-68.8520684821,-32.8741966528,6,"0",0.0420032310177706
34293,"Morera","Medio (4 - 8 mts)",110,"Grande",-68.851110774,-32.873735292,6,"1",0.185148665048544
34298,"Morera","Alto (> 8 mts)",166,"Grande",-68.8514037331,-32.8736908261,6,"0",0.185148665048544
34299,"Morera","Alto (> 8 mts)",140,"Grande",-68.8514665794,-32.873680892,6,"0",0.185148665048544
34302,"Morera","Bajo (2 - 4 mts)",34,"Mediano",-68.8516361042,-32.8736475501,6,"0",0.185148665048544
34314,"Morera","Alto (> 8 mts)",166,"Grande",-68.851960744,-32.8742786697,6,"0",0.185148665048544
34318,"Olmo bola","Bajo (2 - 4 mts)",60,"Mediano",-68.8520225335,-32.8745191344,6,"0",0.0231481481481481
34319,"Morera","Alto (> 8 mts)",166,"Grande",-68.851922517,-32.874583938,6,"0",0.185148665048544
34323,"Morera","Alto (> 8 mts)",152,"Grande",-68.851481829,-32.8746604202,6,"0",0.185148665048544
34324,"Morera","Alto (> 8 mts)",180,"Grande",-68.8513742061,-32.8746727358,6,"0",0.185148665048544
34325,"Fresno europeo","Medio (4 - 8 mts)",120,"Grande",-68.8512873781,-32.8746459424,6,"0",0.0420032310177706
34337,"Fresno europeo","Medio (4 - 8 mts)",100,"Grande",-68.8510719566,-32.8738169392,6,"0",0.0420032310177706
34339,"Fresno europeo","Medio (4 - 8 mts)",70,"Grande",-68.8516208234,-32.8747609635,6,"1",0.0420032310177706
34342,"Morera","Medio (4 - 8 mts)",90,"Grande",-68.8519332332,-32.8747081518,6,"0",0.185148665048544
34345,"Fresno europeo","Medio (4 - 8 mts)",70,"Grande",-68.8520686739,-32.8747245948,6,"0",0.0420032310177706
34346,"Fresno europeo","Medio (4 - 8 mts)",86,"Grande",-68.8520877883,-32.8747964825,6,"0",0.0420032310177706
34347,"Fresno europeo","Medio (4 - 8 mts)",72,"Grande",-68.8520986186,-32.8748379732,6,"0",0.0420032310177706
34351,"Morera","Medio (4 - 8 mts)",130,"Grande",-68.852184832,-32.8751709805,6,"0",0.185148665048544
34354,"Morera","Medio (4 - 8 mts)",106,"Grande",-68.8522399115,-32.8753989937,6,"0",0.185148665048544
34355,"Paraiso sombrilla","Bajo (2 - 4 mts)",42,"Mediano",-68.8522635985,-32.8754844121,6,"0",0.022887323943662
34357,"Morera","Medio (4 - 8 mts)",80,"Grande",-68.8522764307,-32.8756075085,6,"0",0.185148665048544
34358,"Morera","Medio (4 - 8 mts)",160,"Grande",-68.8522171079,-32.8756183489,6,"0",0.185148665048544
34359,"Morera","Alto (> 8 mts)",126,"Grande",-68.8521646154,-32.8756342468,6,"0",0.185148665048544
34364,"Morera","Alto (> 8 mts)",180,"Grande",-68.8517844043,-32.8757098097,6,"0",0.185148665048544
34370,"Morera","Medio (4 - 8 mts)",136,"Grande",-68.8514047607,-32.8747978947,6,"0",0.185148665048544
34374,"Fresno europeo","Alto (> 8 mts)",150,"Grande",-68.8513745262,-32.8749586398,6,"0",0.0420032310177706
34375,"Fresno europeo","Bajo (2 - 4 mts)",18,"Chico",-68.8513992597,-32.8750740328,6,"0",0.0420032310177706
34379,"Prunas","Bajo (2 - 4 mts)",20,"Chico",-68.8512566392,-32.8750670438,6,"0",0.0321782178217822
34387,"Morera","Alto (> 8 mts)",166,"Grande",-68.8505890925,-32.8749597113,6,"0",0.185148665048544
34388,"Morera","Alto (> 8 mts)",208,"Grande",-68.8505317069,-32.874962438,6,"0",0.185148665048544
34390,"Fresno americano","Medio (4 - 8 mts)",100,"Grande",-68.8504982507,-32.8750961192,6,"0",0.0512455516014235
34392,"Morera","Alto (> 8 mts)",200,"Grande",-68.8505376381,-32.8752485525,6,"1",0.185148665048544
34395,"Paraiso sombrilla","Medio (4 - 8 mts)",92,"Grande",-68.8506086662,-32.87552158,6,"0",0.022887323943662
34396,"Morera","Alto (> 8 mts)",170,"Grande",-68.8506158497,-32.8755709113,6,"0",0.185148665048544
34397,"Morera","Medio (4 - 8 mts)",140,"Grande",-68.8506347462,-32.8756446924,6,"0",0.185148665048544
34398,"Fresno europeo","Medio (4 - 8 mts)",70,"Grande",-68.8506543184,-32.8756979157,6,"0",0.0420032310177706
34403,"Morera","Alto (> 8 mts)",140,"Grande",-68.8509279071,-32.8758666784,6,"0",0.185148665048544
34404,"Morera","Alto (> 8 mts)",140,"Grande",-68.8509990975,-32.8758520656,6,"0",0.185148665048544
34405,"Morera","Alto (> 8 mts)",170,"Grande",-68.8510855673,-32.8758381022,6,"0",0.185148665048544
34406,"Morera","Alto (> 8 mts)",144,"Grande",-68.8511650957,-32.8758215155,6,"0",0.185148665048544
34407,"Morera","Medio (4 - 8 mts)",108,"Grande",-68.8512437686,-32.8758053786,6,"0",0.185148665048544
34409,"Morera","Medio (4 - 8 mts)",98,"Grande",-68.8505781054,-32.8748210176,6,"0",0.185148665048544
34413,"Morera","Alto (> 8 mts)",140,"Grande",-68.8509948487,-32.8747510023,6,"0",0.185148665048544
34415,"Morera","Alto (> 8 mts)",116,"Grande",-68.8511231291,-32.8747181531,6,"0",0.185148665048544
34420,"Paraiso","Alto (> 8 mts)",180,"Grande",-68.8510972504,-32.8744104643,6,"0",0.0859023207481815
34421,"Fresno europeo","Medio (4 - 8 mts)",130,"Grande",-68.8510755449,-32.8743549843,6,"0",0.0420032310177706
34422,"Fresno europeo","Medio (4 - 8 mts)",80,"Grande",-68.8510747514,-32.8743182844,6,"0",0.0420032310177706
34424,"Fresno europeo","Medio (4 - 8 mts)",130,"Grande",-68.8510271775,-32.8741408646,6,"0",0.0420032310177706
34426,"Fresno europeo","Medio (4 - 8 mts)",112,"Grande",-68.851011934,-32.8740550953,6,"0",0.0420032310177706
34433,"Morera","Alto (> 8 mts)",140,"Grande",-68.8506341744,-32.8738191223,6,"0",0.185148665048544
34437,"Morera","Alto (> 8 mts)",140,"Grande",-68.8503695099,-32.8738759734,6,"0",0.185148665048544
34444,"Morera","Alto (> 8 mts)",144,"Grande",-68.8503343078,-32.8744764595,6,"0",0.185148665048544
34446,"Morera","Medio (4 - 8 mts)",144,"Grande",-68.8503963336,-32.8747009653,6,"0",0.185148665048544
34449,"Morera","Alto (> 8 mts)",154,"Grande",-68.8500084991,-32.8749267358,6,"0",0.185148665048544
34455,"Fresno europeo","Medio (4 - 8 mts)",80,"Grande",-68.8502554313,-32.8747414631,6,"0",0.0420032310177706
34466,"Paraiso","Alto (> 8 mts)",144,"Grande",-68.8498476723,-32.8739801448,6,"1",0.0859023207481815
34468,"Acer","Medio (4 - 8 mts)",70,"Grande",-68.8496405516,-32.8740187401,6,"0",0.0204081632653061
34473,"Morera","Medio (4 - 8 mts)",104,"Grande",-68.8490873482,-32.8741313393,6,"0",0.185148665048544
34477,"Morera","Medio (4 - 8 mts)",140,"Grande",-68.8490029982,-32.8743977241,6,"0",0.185148665048544
34480,"Pltano","Medio (4 - 8 mts)",170,"Grande",-68.8490668239,-32.8746533817,6,"0",0.0903973509933775
34482,"Morera","Medio (4 - 8 mts)",160,"Grande",-68.8491090566,-32.8748277301,6,"0",0.185148665048544
34484,"Morera","Alto (> 8 mts)",162,"Grande",-68.8491644202,-32.875009398,6,"0",0.185148665048544
34489,"Morera","Alto (> 8 mts)",152,"Grande",-68.8495594708,-32.8750045537,6,"1",0.185148665048544
34492,"Morera","Medio (4 - 8 mts)",160,"Grande",-68.8501407315,-32.8750348947,6,"0",0.185148665048544
34493,"Caducifolio","Medio (4 - 8 mts)",64,"Grande",-68.8503558675,-32.8751406513,6,"0",0.0512249443207127
34498,"Morera","Alto (> 8 mts)",84,"Grande",-68.850455091,-32.8754721641,6,"0",0.185148665048544
34500,"Fresno europeo","Medio (4 - 8 mts)",84,"Grande",-68.8505422321,-32.8758221254,6,"0",0.0420032310177706
34501,"Morera","Alto (> 8 mts)",140,"Grande",-68.8505517308,-32.8758926492,6,"1",0.185148665048544
34503,"Fresno europeo","Muy bajo (1 - 2 mts)",6,"Chico",-68.8504405214,-32.8759646617,6,"0",0.0420032310177706
34506,"Morera","Alto (> 8 mts)",186,"Grande",-68.8501886444,-32.8760137631,6,"0",0.185148665048544
34514,"Paraiso sombrilla","Medio (4 - 8 mts)",120,"Grande",-68.8492326349,-32.8753397752,6,"0",0.022887323943662
34526,"Morera","Alto (> 8 mts)",170,"Grande",-68.8494349277,-32.8761130363,6,"0",0.185148665048544
34527,"Paraiso","Medio (4 - 8 mts)",94,"Grande",-68.8494932218,-32.8761422312,6,"0",0.0859023207481815
34528,"Morera","Medio (4 - 8 mts)",150,"Grande",-68.8496226857,-32.8761225361,6,"0",0.185148665048544
34532,"Morera","Alto (> 8 mts)",200,"Grande",-68.849964156,-32.8760587329,6,"0",0.185148665048544
34537,"Morera","Medio (4 - 8 mts)",80,"Grande",-68.8492761126,-32.8760985577,6,"0",0.185148665048544
34540,"Morera","Medio (4 - 8 mts)",90,"Grande",-68.8492277356,-32.8759148794,6,"0",0.185148665048544
34549,"Morera","Alto (> 8 mts)",160,"Grande",-68.8488981582,-32.876257201,6,"0",0.185148665048544
34550,"Morera","Alto (> 8 mts)",190,"Grande",-68.8488232094,-32.8762822677,6,"0",0.185148665048544
34552,"Prunas","Bajo (2 - 4 mts)",70,"Grande",-68.8484573673,-32.8762804355,6,"0",0.0321782178217822
34556,"Acer","Alto (> 8 mts)",140,"Grande",-68.848138428,-32.8759669185,6,"0",0.0204081632653061
34557,"Acer","Alto (> 8 mts)",170,"Grande",-68.8480976016,-32.8759373925,6,"0",0.0204081632653061
34558,"Morera","Medio (4 - 8 mts)",100,"Grande",-68.8479510169,-32.8757995258,6,"0",0.185148665048544
34561,"Morera","Alto (> 8 mts)",190,"Grande",-68.8477998785,-32.8756378487,6,"1",0.185148665048544
34565,"Prunas","Bajo (2 - 4 mts)",120,"Grande",-68.8481007742,-32.8754285932,6,"0",0.0321782178217822
34567,"Fresno europeo","Medio (4 - 8 mts)",140,"Grande",-68.8482759955,-32.8753966569,6,"0",0.0420032310177706
34570,"Prunas","Bajo (2 - 4 mts)",50,"Mediano",-68.8486801975,-32.8753221968,6,"0",0.0321782178217822
34577,"Morera","Alto (> 8 mts)",180,"Grande",-68.8486052022,-32.87421956,6,"0",0.185148665048544
34579,"Morera","Medio (4 - 8 mts)",90,"Grande",-68.8487330281,-32.8741988774,6,"1",0.185148665048544
34580,"Morera","Medio (4 - 8 mts)",100,"Grande",-68.8488020055,-32.8742322414,6,"0",0.185148665048544
34586,"Paraiso","Medio (4 - 8 mts)",140,"Grande",-68.8489561996,-32.8747970684,6,"0",0.0859023207481815
34587,"Fresno europeo","Bajo (2 - 4 mts)",36,"Mediano",-68.8489654988,-32.8748583948,6,"0",0.0420032310177706
34588,"Acacia visco","Bajo (2 - 4 mts)",32,"Mediano",-68.8489802928,-32.8749094665,6,"0",0.0625
34591,"Morera","Medio (4 - 8 mts)",120,"Grande",-68.8489671848,-32.8751269618,6,"0",0.185148665048544
34592,"Morera","Medio (4 - 8 mts)",140,"Grande",-68.848803512,-32.8751545497,6,"0",0.185148665048544
34593,"Morera","Medio (4 - 8 mts)",100,"Grande",-68.8487234619,-32.8751688178,6,"0",0.185148665048544
34594,"Paraiso","Alto (> 8 mts)",140,"Grande",-68.8486392934,-32.875185703,6,"1",0.0859023207481815
34595,"Pltano","Alto (> 8 mts)",210,"Grande",-68.8485831626,-32.8751956565,6,"0",0.0903973509933775
34596,"Paraiso","Medio (4 - 8 mts)",180,"Grande",-68.8484005605,-32.8752299666,6,"0",0.0859023207481815
34598,"Paraiso sombrilla","Bajo (2 - 4 mts)",50,"Mediano",-68.8482703544,-32.8752556594,6,"0",0.022887323943662
34603,"Acacia SP","Muy bajo (1 - 2 mts)",20,"Chico",-68.8477911595,-32.8753386877,6,"0",0.150492264416315
34608,"Fresno europeo","Bajo (2 - 4 mts)",40,"Mediano",-68.8474598759,-32.8751822478,6,"0",0.0420032310177706
34610,"Ligustro","Medio (4 - 8 mts)",40,"Mediano",-68.8473894213,-32.8750604639,6,"0",0.0138888888888889
34611,"Paraiso","Medio (4 - 8 mts)",100,"Grande",-68.8473454895,-32.874955463,6,"1",0.0859023207481815
34619,"Morera","Alto (> 8 mts)",120,"Grande",-68.8472265727,-32.8744858113,6,"0",0.185148665048544
34622,"Fresno europeo","Bajo (2 - 4 mts)",46,"Mediano",-68.8475058974,-32.8744369611,6,"0",0.0420032310177706
34623,"Morera","Medio (4 - 8 mts)",120,"Grande",-68.8475959984,-32.8744173329,6,"0",0.185148665048544
34627,"Conifera","Medio (4 - 8 mts)",50,"Mediano",-68.8493617645,-32.8769608017,6,"0",0.021505376344086
34628,"Prunas","Medio (4 - 8 mts)",55,"Mediano",-68.8493211315,-32.8769308255,6,"0",0.0321782178217822
34630,"Fresno europeo","Alto (> 8 mts)",180,"Grande",-68.8492416055,-32.8768820383,6,"0",0.0420032310177706
34632,"Morera","Alto (> 8 mts)",125,"Grande",-68.8491193554,-32.8767843736,6,"0",0.185148665048544
34633,"Morera","Medio (4 - 8 mts)",28,"Mediano",-68.8490214709,-32.8767145843,6,"0",0.185148665048544
34635,"Morera","Alto (> 8 mts)",120,"Grande",-68.8488979629,-32.8766242803,6,"0",0.185148665048544
34637,"Morera","Alto (> 8 mts)",110,"Grande",-68.8487604892,-32.8765313299,6,"0",0.185148665048544
34639,"Morera","Alto (> 8 mts)",160,"Grande",-68.8487669934,-32.8764137569,6,"1",0.185148665048544
34640,"Morera","Alto (> 8 mts)",140,"Grande",-68.8488409509,-32.8763993137,6,"0",0.185148665048544
34647,"Morera","Alto (> 8 mts)",137,"Grande",-68.849355901,-32.8764012126,6,"1",0.185148665048544
34649,"Morera","Alto (> 8 mts)",180,"Grande",-68.8493818909,-32.8765135048,6,"0",0.185148665048544
34651,"lamo criollo","Alto (> 8 mts)",197,"Grande",-68.8494300572,-32.8766926472,6,"0",0.0128205128205128
34653,"Morera","Alto (> 8 mts)",97,"Grande",-68.8494739619,-32.876853013,6,"0",0.185148665048544
34654,"Morera","Alto (> 8 mts)",140,"Grande",-68.8494896694,-32.8769165112,6,"0",0.185148665048544
34655,"Fresno europeo","Alto (> 8 mts)",140,"Grande",-68.8494345022,-32.8769974376,6,"0",0.0420032310177706
34658,"Morera","Alto (> 8 mts)",160,"Grande",-68.8507902311,-32.8767900749,6,"0",0.185148665048544
34666,"Morera","Alto (> 8 mts)",90,"Grande",-68.8506066858,-32.8761117587,6,"0",0.185148665048544
34672,"Morera","Alto (> 8 mts)",160,"Grande",-68.8500365288,-32.8761658472,6,"0",0.185148665048544
34674,"Morera","Alto (> 8 mts)",135,"Grande",-68.8498680355,-32.8762001916,6,"0",0.185148665048544
34675,"Morera","Alto (> 8 mts)",140,"Grande",-68.8497971332,-32.8762116013,6,"1",0.185148665048544
34677,"Morera","Alto (> 8 mts)",142,"Grande",-68.8496303704,-32.8762379756,6,"0",0.185148665048544
34678,"Morera","Alto (> 8 mts)",90,"Grande",-68.8495372638,-32.8762585125,6,"0",0.185148665048544
34681,"Morera","Alto (> 8 mts)",85,"Grande",-68.8494937141,-32.8764200436,6,"1",0.185148665048544
34683,"Morera","Alto (> 8 mts)",160,"Grande",-68.8495457914,-32.8765808593,6,"1",0.185148665048544
34684,"Morera","Alto (> 8 mts)",133,"Grande",-68.8495560443,-32.8766315062,6,"0",0.185148665048544
34685,"Morera","Alto (> 8 mts)",180,"Grande",-68.8495770715,-32.8767087164,6,"0",0.185148665048544
34688,"Morera","Alto (> 8 mts)",190,"Grande",-68.8496128179,-32.8768874444,6,"0",0.185148665048544
34693,"Morera","Alto (> 8 mts)",190,"Grande",-68.8497869222,-32.8771840403,6,"0",0.185148665048544
34699,"Morera","Alto (> 8 mts)",160,"Grande",-68.8503735574,-32.8770640968,6,"0",0.185148665048544
34700,"Morera","Alto (> 8 mts)",195,"Grande",-68.8504864928,-32.877050747,6,"0",0.185148665048544
34704,"Morera","Alto (> 8 mts)",190,"Grande",-68.8508000402,-32.8769912084,6,"0",0.185148665048544
34706,"Morera","Alto (> 8 mts)",160,"Grande",-68.8499480545,-32.8772755031,6,"0",0.185148665048544
34711,"Morera","Medio (4 - 8 mts)",50,"Mediano",-68.8505695213,-32.8771587456,6,"1",0.185148665048544
34713,"Morera","Medio (4 - 8 mts)",150,"Grande",-68.8507255782,-32.8771318811,6,"0",0.185148665048544
34714,"Morera","Medio (4 - 8 mts)",60,"Mediano",-68.8508010419,-32.8771185359,6,"1",0.185148665048544
34715,"Paraiso sombrilla","Alto (> 8 mts)",160,"Grande",-68.8508861976,-32.8771504898,6,"0",0.022887323943662
34717,"Morera","Alto (> 8 mts)",120,"Grande",-68.8509174683,-32.8772762655,6,"0",0.185148665048544
34720,"Morera","Alto (> 8 mts)",130,"Grande",-68.8509518584,-32.8774192303,6,"0",0.185148665048544
34723,"Fresno europeo","Alto (> 8 mts)",150,"Grande",-68.8510096737,-32.8776460237,6,"0",0.0420032310177706
34726,"Morera","Medio (4 - 8 mts)",88,"Grande",-68.8510496261,-32.8778062355,6,"1",0.185148665048544
34727,"Fresno europeo","Alto (> 8 mts)",110,"Grande",-68.8510686832,-32.8778822601,6,"0",0.0420032310177706
34728,"Morera","Alto (> 8 mts)",160,"Grande",-68.8510866535,-32.8779576938,6,"0",0.185148665048544
34729,"Morera","Medio (4 - 8 mts)",140,"Grande",-68.8511031759,-32.8780248202,6,"1",0.185148665048544
34730,"Fresno europeo","Bajo (2 - 4 mts)",8,"Chico",-68.8510281137,-32.8780628589,6,"0",0.0420032310177706
34736,"Morera","Medio (4 - 8 mts)",130,"Grande",-68.8504727927,-32.8781670767,6,"0",0.185148665048544
34738,"Acacia SP","Bajo (2 - 4 mts)",32,"Mediano",-68.8503236829,-32.8781920556,6,"0",0.150492264416315
34739,"Ligustro","Bajo (2 - 4 mts)",40,"Mediano",-68.8502580497,-32.8782051418,6,"0",0.0138888888888889
34743,"Fresno europeo","Alto (> 8 mts)",80,"Grande",-68.8505368158,-32.879031236,6,"0",0.0420032310177706
34744,"Morera","Alto (> 8 mts)",77,"Grande",-68.8505261095,-32.878998141,6,"1",0.185148665048544
34746,"Fresno europeo","Alto (> 8 mts)",92,"Grande",-68.8504472865,-32.8788149561,6,"0",0.0420032310177706
34747,"Fresno americano","Alto (> 8 mts)",107,"Grande",-68.8503741804,-32.8786497795,6,"0",0.0512455516014235
34749,"Perenne","Alto (> 8 mts)",116,"Grande",-68.8503174412,-32.8785195369,6,"0",0.0364741641337386
34752,"Pltano","Alto (> 8 mts)",290,"Grande",-68.8503106797,-32.8783132547,6,"0",0.0903973509933775
34753,"Pltano","Alto (> 8 mts)",300,"Grande",-68.8504004241,-32.878299173,6,"0",0.0903973509933775
34755,"Pltano","Alto (> 8 mts)",180,"Grande",-68.8505463563,-32.8782683202,6,"0",0.0903973509933775
34758,"Morera","Alto (> 8 mts)",160,"Grande",-68.850858165,-32.8782069408,6,"0",0.185148665048544
34762,"Morera","Alto (> 8 mts)",180,"Grande",-68.8511813187,-32.8782407497,6,"0",0.185148665048544
34763,"Fresno europeo","Muy bajo (1 - 2 mts)",4,"Chico",-68.851193111,-32.878314057,6,"0",0.0420032310177706
34764,"Fresno europeo","Alto (> 8 mts)",170,"Grande",-68.8512086565,-32.8783845671,6,"0",0.0420032310177706
34766,"Fresno europeo","Alto (> 8 mts)",110,"Grande",-68.8512343715,-32.8784840897,6,"0",0.0420032310177706
34767,"Morera","Alto (> 8 mts)",146,"Grande",-68.8512478682,-32.8785458861,6,"1",0.185148665048544
34772,"Fresno europeo","Bajo (2 - 4 mts)",60,"Mediano",-68.8513258814,-32.8788482454,6,"0",0.0420032310177706
34773,"Paraiso","Medio (4 - 8 mts)",70,"Grande",-68.8513400085,-32.8788832695,6,"0",0.0859023207481815
34776,"Fresno europeo","Alto (> 8 mts)",76,"Grande",-68.851392414,-32.8790469287,6,"1",0.0420032310177706
34777,"Morera","Alto (> 8 mts)",125,"Grande",-68.8513391707,-32.8791060571,6,"1",0.185148665048544
34778,"Caducifolio","Medio (4 - 8 mts)",40,"Mediano",-68.8512875286,-32.8791169351,6,"0",0.0512249443207127
34780,"Morera","Alto (> 8 mts)",180,"Grande",-68.8511208516,-32.8791439823,6,"0",0.185148665048544
34784,"Perenne","Alto (> 8 mts)",50,"Mediano",-68.850853927,-32.8791934207,6,"0",0.0364741641337386
34785,"Morera","Alto (> 8 mts)",117,"Grande",-68.8507868106,-32.8792060807,6,"0",0.185148665048544
34786,"Morera","Alto (> 8 mts)",77,"Grande",-68.8507234428,-32.8792219677,6,"0",0.185148665048544
34790,"Morera","Alto (> 8 mts)",126,"Grande",-68.8509129086,-32.8767196627,6,"0",0.185148665048544
34791,"Morera","Alto (> 8 mts)",115,"Grande",-68.8508981515,-32.8766622974,6,"0",0.185148665048544
34792,"Morera","Muy bajo (1 - 2 mts)",5,"Chico",-68.8508785864,-32.8766046559,6,"0",0.185148665048544
34798,"Morera","Alto (> 8 mts)",140,"Grande",-68.8507699677,-32.8761893866,6,"0",0.185148665048544
34799,"Morera","Medio (4 - 8 mts)",50,"Mediano",-68.8507477807,-32.8761022565,6,"0",0.185148665048544
34803,"Olmo bola","Alto (> 8 mts)",136,"Grande",-68.8510511654,-32.875962495,6,"0",0.0231481481481481
34805,"Morera","Alto (> 8 mts)",130,"Grande",-68.8512517387,-32.8759226038,6,"0",0.185148665048544
34809,"Morera","Alto (> 8 mts)",170,"Grande",-68.8515333033,-32.8758769672,6,"0",0.185148665048544
34813,"Morera","Alto (> 8 mts)",145,"Grande",-68.8518194361,-32.875818847,6,"0",0.185148665048544
34820,"Morera","Alto (> 8 mts)",170,"Grande",-68.8523646252,-32.8758420529,6,"0",0.185148665048544
34822,"Morera","Alto (> 8 mts)",153,"Grande",-68.8523940204,-32.8759650787,6,"1",0.185148665048544
34824,"Morera","Alto (> 8 mts)",160,"Grande",-68.8524303021,-32.8761180478,6,"0",0.185148665048544
34829,"Morera","Alto (> 8 mts)",157,"Grande",-68.8525280455,-32.8764646849,6,"0",0.185148665048544
34830,"Ailanthus","Alto (> 8 mts)",130,"Grande",-68.8525389665,-32.8765161845,6,"0",0.0380952380952381
34831,"Morera","Alto (> 8 mts)",148,"Grande",-68.852550763,-32.8765551515,6,"1",0.185148665048544
34832,"Pltano","Alto (> 8 mts)",230,"Grande",-68.8525445617,-32.87665738,6,"0",0.0903973509933775
34835,"Acer","Medio (4 - 8 mts)",46,"Mediano",-68.8522340311,-32.876720106,6,"0",0.0204081632653061
34837,"Paraiso","Alto (> 8 mts)",160,"Grande",-68.8521166706,-32.876741094,6,"0",0.0859023207481815
34838,"Prunas","Medio (4 - 8 mts)",35,"Mediano",-68.8520319569,-32.8767582315,6,"0",0.0321782178217822
34839,"Fresno europeo","Muy bajo (1 - 2 mts)",5,"Chico",-68.8519513656,-32.8767709401,6,"0",0.0420032310177706
34841,"Pltano","Alto (> 8 mts)",205,"Grande",-68.8517708274,-32.8768082846,6,"0",0.0903973509933775
34844,"Pltano","Alto (> 8 mts)",199,"Grande",-68.8515383291,-32.8768556606,6,"0",0.0903973509933775
34845,"Ailanthus","Medio (4 - 8 mts)",25,"Mediano",-68.8514347567,-32.8768723993,6,"0",0.0380952380952381
34846,"Ailanthus","Medio (4 - 8 mts)",40,"Mediano",-68.8513577988,-32.8768848414,6,"0",0.0380952380952381
34850,"Morera","Alto (> 8 mts)",80,"Grande",-68.8510494492,-32.8769420378,6,"0",0.185148665048544
34855,"Fresno americano","Medio (4 - 8 mts)",72,"Grande",-68.8510659406,-32.8802264402,1,"0",0.0512455516014235
34863,"Morera","Alto (> 8 mts)",110,"Grande",-68.8509713252,-32.8792944276,6,"0",0.185148665048544
34865,"Morera","Alto (> 8 mts)",132,"Grande",-68.8511444889,-32.8792642468,6,"1",0.185148665048544
34866,"Pltano","Alto (> 8 mts)",190,"Grande",-68.8512663465,-32.8792419396,6,"1",0.0903973509933775
34872,"Fresno europeo","Muy bajo (1 - 2 mts)",10,"Chico",-68.8515397457,-32.8795956379,6,"0",0.0420032310177706
34875,"Fresno europeo","Bajo (2 - 4 mts)",32,"Mediano",-68.8516248916,-32.8799294556,6,"0",0.0420032310177706
34876,"Morera","Medio (4 - 8 mts)",66,"Grande",-68.8516395351,-32.8799914193,6,"0",0.185148665048544
34877,"Morera","Bajo (2 - 4 mts)",32,"Mediano",-68.8516563201,-32.8800508608,6,"1",0.185148665048544
34882,"Fresno europeo","Alto (> 8 mts)",135,"Grande",-68.8512359644,-32.8806695541,1,"0",0.0420032310177706
34886,"Ailanthus","Alto (> 8 mts)",88,"Grande",-68.8513140043,-32.8811188983,1,"0",0.0380952380952381
34889,"Morera","Alto (> 8 mts)",123,"Grande",-68.8513430831,-32.8813157355,1,"1",0.185148665048544
34894,"Morera","Alto (> 8 mts)",190,"Grande",-68.8516604284,-32.881456761,1,"1",0.185148665048544
34897,"Pltano","Alto (> 8 mts)",170,"Grande",-68.8518965517,-32.8814132285,1,"0",0.0903973509933775
34900,"Fresno europeo","Alto (> 8 mts)",87,"Grande",-68.8519804153,-32.8812807933,1,"0",0.0420032310177706
34905,"Pltano","Alto (> 8 mts)",195,"Grande",-68.8518425871,-32.8807722502,1,"0",0.0903973509933775
34912,"Fresno europeo","Alto (> 8 mts)",106,"Grande",-68.8517173086,-32.8803134782,1,"0",0.0420032310177706
34917,"Fresno europeo","Alto (> 8 mts)",60,"Mediano",-68.8513239199,-32.880345785,1,"0",0.0420032310177706
34922,"Morera","Alto (> 8 mts)",150,"Grande",-68.8565313832,-32.8804336141,7,"0",0.185148665048544
34926,"Fresno europeo","Medio (4 - 8 mts)",68,"Grande",-68.8564496141,-32.8801537466,7,"0",0.0420032310177706
34927,"Pltano","Alto (> 8 mts)",100,"Grande",-68.8564357188,-32.8800895301,7,"0",0.0903973509933775
34928,"Morera","Alto (> 8 mts)",79,"Grande",-68.8564216036,-32.8800291906,7,"0",0.185148665048544
34929,"Morera","Alto (> 8 mts)",130,"Grande",-68.8563959791,-32.879949181,7,"0",0.185148665048544
34931,"Fresno europeo","Medio (4 - 8 mts)",74,"Grande",-68.8563436356,-32.8797391165,7,"0",0.0420032310177706
34933,"Morera","Alto (> 8 mts)",104,"Grande",-68.8563009249,-32.8795627405,6,"0",0.185148665048544
34936,"Fresno europeo","Alto (> 8 mts)",100,"Grande",-68.8563120162,-32.8794009452,6,"0",0.0420032310177706
34940,"Fresno europeo","Medio (4 - 8 mts)",70,"Grande",-68.8566283083,-32.8793432391,7,"0",0.0420032310177706
34941,"Fresno europeo","Muy bajo (1 - 2 mts)",10,"Chico",-68.856720769,-32.8793265736,7,"0",0.0420032310177706
34944,"Fresno europeo","Alto (> 8 mts)",70,"Grande",-68.857059614,-32.8792651051,7,"0",0.0420032310177706
34945,"Morera","Medio (4 - 8 mts)",55,"Mediano",-68.8571015513,-32.8792970009,7,"0",0.185148665048544
34946,"Fresno europeo","Muy bajo (1 - 2 mts)",8,"Chico",-68.857163332,-32.879425184,7,"0",0.0420032310177706
34948,"Morera","Alto (> 8 mts)",130,"Grande",-68.8571998575,-32.8795047551,7,"1",0.185148665048544
34949,"Morera","Alto (> 8 mts)",150,"Grande",-68.857233815,-32.8795863971,7,"0",0.185148665048544
34952,"Morera","Alto (> 8 mts)",110,"Grande",-68.8573078397,-32.8797715883,7,"0",0.185148665048544
34953,"Morera","Alto (> 8 mts)",90,"Grande",-68.8573360563,-32.8798295913,7,"1",0.185148665048544
34954,"Morera","Alto (> 8 mts)",150,"Grande",-68.8573555739,-32.8798919395,7,"0",0.185148665048544
34956,"Morera","Medio (4 - 8 mts)",65,"Grande",-68.8574279861,-32.8800499987,7,"0",0.185148665048544
34966,"Fresno europeo","Alto (> 8 mts)",100,"Grande",-68.856958392,-32.8804479857,7,"0",0.0420032310177706
34968,"Morera","Alto (> 8 mts)",90,"Grande",-68.8567354265,-32.8804899991,7,"0",0.185148665048544
34974,"Morera","Alto (> 8 mts)",112,"Grande",-68.8561008458,-32.8806209792,7,"0",0.185148665048544
34976,"Pltano","Alto (> 8 mts)",127,"Grande",-68.8559338314,-32.880654944,6,"0",0.0903973509933775
34977,"Fresno europeo","Alto (> 8 mts)",99,"Grande",-68.8558338331,-32.8806782701,6,"0",0.0420032310177706
34979,"Morera","Alto (> 8 mts)",125,"Grande",-68.8555953838,-32.8807298838,6,"0",0.185148665048544
34980,"Pltano","Medio (4 - 8 mts)",137,"Grande",-68.8555309826,-32.8807403602,6,"0",0.0903973509933775
34987,"Fresno europeo","Alto (> 8 mts)",83,"Grande",-68.8553035833,-32.8803837103,6,"0",0.0420032310177706
34990,"Paraiso","Medio (4 - 8 mts)",90,"Grande",-68.8552556999,-32.8801923156,6,"1",0.0859023207481815
34993,"Fresno europeo","Alto (> 8 mts)",98,"Grande",-68.8551744539,-32.8798832113,6,"1",0.0420032310177706
34996,"Fresno europeo","Alto (> 8 mts)",87,"Grande",-68.8551231462,-32.8796799896,6,"0",0.0420032310177706
35007,"Morera","Alto (> 8 mts)",175,"Grande",-68.8560148558,-32.8794561577,6,"0",0.185148665048544
35010,"Morera","Alto (> 8 mts)",113,"Grande",-68.8561451636,-32.8795670942,6,"1",0.185148665048544
35013,"Jacarand","Medio (4 - 8 mts)",24,"Mediano",-68.8562247987,-32.8798764774,6,"0",0.103064066852368
35015,"Morera","Alto (> 8 mts)",112,"Grande",-68.8562645806,-32.8800149556,7,"0",0.185148665048544
35016,"Morera","Alto (> 8 mts)",132,"Grande",-68.8562849429,-32.8800864715,7,"1",0.185148665048544
35018,"Morera","Alto (> 8 mts)",106,"Grande",-68.8563223124,-32.8802387202,7,"1",0.185148665048544
35019,"Pltano","Alto (> 8 mts)",143,"Grande",-68.8563486725,-32.8803263951,7,"0",0.0903973509933775
35026,"Morera","Medio (4 - 8 mts)",71,"Grande",-68.8549663333,-32.880831178,6,"1",0.185148665048544
35028,"Pltano","Alto (> 8 mts)",140,"Grande",-68.8548087539,-32.8808579441,6,"0",0.0903973509933775
35029,"Pltano","Alto (> 8 mts)",200,"Grande",-68.8547288304,-32.8808745912,6,"0",0.0903973509933775
35036,"Morera","Alto (> 8 mts)",93,"Grande",-68.8540059841,-32.8810162576,6,"0",0.185148665048544
35038,"Jacarand","Medio (4 - 8 mts)",42,"Mediano",-68.8538646283,-32.8809659702,6,"0",0.103064066852368
35040,"Fresno europeo","Alto (> 8 mts)",93,"Grande",-68.8538299209,-32.8808596155,6,"0",0.0420032310177706
35041,"Paraiso","Medio (4 - 8 mts)",76,"Grande",-68.8538160305,-32.880813062,6,"0",0.0859023207481815
35043,"Morera","Alto (> 8 mts)",156,"Grande",-68.8537844211,-32.8807224229,6,"0",0.185148665048544
35046,"Morera","Alto (> 8 mts)",100,"Grande",-68.8537299406,-32.8805196018,6,"1",0.185148665048544
35047,"Morera","Alto (> 8 mts)",115,"Grande",-68.8537224179,-32.8804796516,6,"1",0.185148665048544
35048,"Morera","Alto (> 8 mts)",150,"Grande",-68.8536693485,-32.8802565639,6,"1",0.185148665048544
35050,"Fresno americano","Alto (> 8 mts)",60,"Mediano",-68.853644067,-32.8801643812,6,"0",0.0512455516014235
35052,"Morera","Alto (> 8 mts)",175,"Grande",-68.8536056207,-32.8800199752,6,"0",0.185148665048544
35053,"Perenne","Bajo (2 - 4 mts)",20,"Chico",-68.8536546322,-32.8799167463,6,"0",0.0364741641337386
35054,"Morera","Alto (> 8 mts)",160,"Grande",-68.8537088273,-32.8799065304,6,"1",0.185148665048544
35057,"Morera","Alto (> 8 mts)",160,"Grande",-68.8539351707,-32.8798586391,6,"0",0.185148665048544
35059,"Fresno europeo","Medio (4 - 8 mts)",57,"Mediano",-68.8541276372,-32.8798196698,6,"0",0.0420032310177706
35064,"Perenne","Medio (4 - 8 mts)",62,"Grande",-68.8544622053,-32.8797560475,6,"1",0.0364741641337386
35070,"Fresno europeo","Muy bajo (1 - 2 mts)",12,"Chico",-68.8550004679,-32.8797897657,6,"0",0.0420032310177706
35074,"Fresno europeo","Alto (> 8 mts)",100,"Grande",-68.8550908071,-32.8801304489,6,"0",0.0420032310177706
35076,"Fresno europeo","Medio (4 - 8 mts)",47,"Mediano",-68.8550053527,-32.88030618,6,"0",0.0420032310177706
35079,"Fresno europeo","Alto (> 8 mts)",63,"Grande",-68.8547506166,-32.8803588138,6,"1",0.0420032310177706
35080,"Fresno europeo","Alto (> 8 mts)",64,"Grande",-68.8546498195,-32.8803752879,6,"0",0.0420032310177706
35085,"Fresno europeo","Alto (> 8 mts)",65,"Grande",-68.8547291439,-32.8804203826,6,"0",0.0420032310177706
35090,"Fresno europeo","Medio (4 - 8 mts)",40,"Mediano",-68.8549964923,-32.8803662225,6,"0",0.0420032310177706
35093,"Fresno europeo","Alto (> 8 mts)",90,"Grande",-68.855162837,-32.8804213301,6,"1",0.0420032310177706
35095,"Morera","Medio (4 - 8 mts)",60,"Mediano",-68.855226309,-32.8806549403,6,"0",0.185148665048544
35096,"Fresno europeo","Alto (> 8 mts)",122,"Grande",-68.8552471938,-32.8807241235,6,"0",0.0420032310177706
35100,"Morera","Alto (> 8 mts)",120,"Grande",-68.8532901859,-32.8811406535,6,"1",0.185148665048544
35102,"Pltano","Alto (> 8 mts)",160,"Grande",-68.8529317252,-32.8812189206,1,"0",0.0903973509933775
35103,"Morera","Alto (> 8 mts)",140,"Grande",-68.8527662767,-32.8812440978,1,"1",0.185148665048544
35104,"Fresno europeo","Medio (4 - 8 mts)",75,"Grande",-68.8526522664,-32.8812718357,1,"0",0.0420032310177706
35107,"Fresno europeo","Alto (> 8 mts)",80,"Grande",-68.8523353616,-32.881333172,1,"0",0.0420032310177706
35108,"Morera","Alto (> 8 mts)",140,"Grande",-68.8522030143,-32.8813507015,1,"0",0.185148665048544
35111,"Fresno europeo","Alto (> 8 mts)",127,"Grande",-68.8520938398,-32.8811902172,1,"0",0.0420032310177706
35114,"Fresno americano","Muy bajo (1 - 2 mts)",10,"Chico",-68.8520285019,-32.880960118,1,"0",0.0512455516014235
35115,"Paraiso","Medio (4 - 8 mts)",120,"Grande",-68.8520132211,-32.8808955388,1,"0",0.0859023207481815
35119,"Morera","Alto (> 8 mts)",154,"Grande",-68.8519348574,-32.8805945511,1,"0",0.185148665048544
35123,"Fresno europeo","Alto (> 8 mts)",130,"Grande",-68.8518511768,-32.8802782282,1,"0",0.0420032310177706
35124,"Fresno americano","Medio (4 - 8 mts)",120,"Grande",-68.8519068146,-32.8802360949,6,"0",0.0512455516014235
35126,"Morera","Alto (> 8 mts)",160,"Grande",-68.8522332335,-32.8801789186,6,"1",0.185148665048544
35129,"Fresno europeo","Medio (4 - 8 mts)",50,"Mediano",-68.8526329937,-32.8801062828,6,"0",0.0420032310177706
35136,"Fresno americano","Medio (4 - 8 mts)",80,"Grande",-68.8533700016,-32.8799670547,6,"0",0.0512455516014235
35140,"Olmo comun","Alto (> 8 mts)",150,"Grande",-68.8535276753,-32.8802759882,6,"0",0.0227272727272727
35142,"Morera","Alto (> 8 mts)",180,"Grande",-68.8535570547,-32.8803759969,6,"0",0.185148665048544
35145,"Morera","Alto (> 8 mts)",154,"Grande",-68.8536291652,-32.8806467903,6,"0",0.185148665048544
35148,"Fresno europeo","Alto (> 8 mts)",88,"Grande",-68.8537073132,-32.8809544285,6,"1",0.0420032310177706
35149,"Fresno europeo","Alto (> 8 mts)",103,"Grande",-68.8537249925,-32.8810142531,6,"0",0.0420032310177706
35151,"Morera","Alto (> 8 mts)",120,"Grande",-68.8515588318,-32.8825056041,1,"0",0.185148665048544
35152,"Morera","Alto (> 8 mts)",180,"Grande",-68.8515336351,-32.8823661274,1,"0",0.185148665048544
35153,"Ailanthus","Alto (> 8 mts)",55,"Mediano",-68.8515303057,-32.8823318835,1,"0",0.0380952380952381
35158,"Paraiso","Alto (> 8 mts)",134,"Grande",-68.8514718508,-32.8820534822,1,"0",0.0859023207481815
35162,"Fresno europeo","Alto (> 8 mts)",80,"Grande",-68.8514270985,-32.8817652922,1,"0",0.0420032310177706
35164,"Fresno americano","Medio (4 - 8 mts)",98,"Grande",-68.851538508,-32.8816989292,1,"0",0.0512455516014235
35166,"Pltano","Alto (> 8 mts)",194,"Grande",-68.8516875204,-32.8816715845,1,"1",0.0903973509933775
35173,"Fresno europeo","Alto (> 8 mts)",112,"Grande",-68.852109873,-32.8818313398,1,"0",0.0420032310177706
35176,"Fresno europeo","Alto (> 8 mts)",80,"Grande",-68.8521724556,-32.8820480906,1,"0",0.0420032310177706
35181,"Morera","Alto (> 8 mts)",80,"Grande",-68.8522483396,-32.8823634121,1,"1",0.185148665048544
35182,"Morera","Alto (> 8 mts)",85,"Grande",-68.8522661708,-32.8824369211,1,"0",0.185148665048544
35187,"Fresno americano","Alto (> 8 mts)",108,"Grande",-68.8520099863,-32.8825847663,1,"0",0.0512455516014235
35190,"Fresno americano","Alto (> 8 mts)",100,"Grande",-68.8517440928,-32.882627785,1,"0",0.0512455516014235
35192,"Fresno europeo","Medio (4 - 8 mts)",85,"Grande",-68.8528722377,-32.8824112159,1,"0",0.0420032310177706
35194,"Olmo comun","Alto (> 8 mts)",125,"Grande",-68.8526681754,-32.8824471336,1,"0",0.0227272727272727
35197,"Morera","Alto (> 8 mts)",86,"Grande",-68.8524194396,-32.8824211421,1,"0",0.185148665048544
35198,"Pltano","Alto (> 8 mts)",195,"Grande",-68.8524048849,-32.8823694579,1,"0",0.0903973509933775
35199,"Fresno europeo","Medio (4 - 8 mts)",70,"Grande",-68.8523716828,-32.8822853809,1,"0",0.0420032310177706
35200,"Morera","Alto (> 8 mts)",117,"Grande",-68.8523636658,-32.882222253,1,"0",0.185148665048544
35203,"Fresno europeo","Medio (4 - 8 mts)",83,"Grande",-68.8523158952,-32.8820163852,1,"0",0.0420032310177706
35212,"Fresno europeo","Alto (> 8 mts)",130,"Grande",-68.8525714888,-32.8814966597,1,"0",0.0420032310177706
35213,"Morera","Alto (> 8 mts)",125,"Grande",-68.8526693483,-32.8814740145,1,"1",0.185148665048544
35215,"Morera","Alto (> 8 mts)",150,"Grande",-68.8528242985,-32.88144269,1,"1",0.185148665048544
35216,"Pltano","Alto (> 8 mts)",145,"Grande",-68.8528969325,-32.8814281337,1,"1",0.0903973509933775
35217,"Pltano","Alto (> 8 mts)",160,"Grande",-68.8529816331,-32.8814130723,1,"0",0.0903973509933775
35220,"Morera","Alto (> 8 mts)",150,"Grande",-68.85322655,-32.8813691454,6,"1",0.185148665048544
35221,"Morera","Alto (> 8 mts)",150,"Grande",-68.8533518097,-32.881346612,6,"1",0.185148665048544
35223,"Morera","Bajo (2 - 4 mts)",30,"Mediano",-68.853506706,-32.8813152938,6,"0",0.185148665048544
35224,"Fresno europeo","Medio (4 - 8 mts)",60,"Mediano",-68.8535668656,-32.8813001509,6,"0",0.0420032310177706
35225,"Pltano","Alto (> 8 mts)",228,"Grande",-68.8536494935,-32.8812859837,6,"0",0.0903973509933775
35226,"Pltano","Alto (> 8 mts)",149,"Grande",-68.8537209065,-32.8812690181,6,"1",0.0903973509933775
35227,"Acacia SP","Alto (> 8 mts)",225,"Grande",-68.853811156,-32.881361484,6,"1",0.150492264416315
35236,"Paraiso","Medio (4 - 8 mts)",66,"Grande",-68.8539579128,-32.8819268365,6,"1",0.0859023207481815
35241,"Morera","Alto (> 8 mts)",150,"Grande",-68.8538302249,-32.8822440833,1,"0",0.185148665048544
35246,"Morera","Alto (> 8 mts)",150,"Grande",-68.8534676409,-32.8823065972,1,"0",0.185148665048544
35247,"Fresno americano","Medio (4 - 8 mts)",88,"Grande",-68.8533139128,-32.8823419437,1,"0",0.0512455516014235
35253,"Fresno europeo","Bajo (2 - 4 mts)",90,"Grande",-68.8516872018,-32.8836445942,1,"0",0.0420032310177706
35254,"Fresno europeo","Medio (4 - 8 mts)",110,"Grande",-68.8516834521,-32.8835860699,1,"0",0.0420032310177706
35255,"Fresno americano","Medio (4 - 8 mts)",110,"Grande",-68.8516924352,-32.8834538924,1,"0",0.0512455516014235
35256,"Fresno americano","Medio (4 - 8 mts)",100,"Grande",-68.851695355,-32.8833690466,1,"1",0.0512455516014235
35265,"Fresno americano","Medio (4 - 8 mts)",120,"Grande",-68.8518945001,-32.8827321682,1,"0",0.0512455516014235
35267,"Ailanthus","Medio (4 - 8 mts)",110,"Grande",-68.8520348686,-32.8827101392,1,"0",0.0380952380952381
35268,"Fresno americano","Medio (4 - 8 mts)",160,"Grande",-68.852173756,-32.8826809001,1,"0",0.0512455516014235
35271,"Morera","Medio (4 - 8 mts)",70,"Grande",-68.8523496837,-32.8827578627,1,"0",0.185148665048544
35272,"Morera","Medio (4 - 8 mts)",110,"Grande",-68.8523858797,-32.8829067506,1,"0",0.185148665048544
35275,"Morera","Medio (4 - 8 mts)",120,"Grande",-68.8524468809,-32.8831429344,1,"0",0.185148665048544
35278,"Olmo comun","Medio (4 - 8 mts)",120,"Grande",-68.8525533378,-32.8835194715,1,"0",0.0227272727272727
35284,"Morera","Medio (4 - 8 mts)",140,"Grande",-68.8522138096,-32.8838103554,1,"1",0.185148665048544
35285,"Fresno europeo","Medio (4 - 8 mts)",120,"Grande",-68.8521072128,-32.88381913,1,"0",0.0420032310177706
35286,"Fresno europeo","Medio (4 - 8 mts)",110,"Grande",-68.8519984168,-32.8838233294,1,"0",0.0420032310177706
35288,"Morera","Medio (4 - 8 mts)",140,"Grande",-68.8517739382,-32.883831204,1,"0",0.185148665048544
35296,"Fresno europeo","Medio (4 - 8 mts)",66,"Grande",-68.8525936634,-32.8831095194,1,"0",0.0420032310177706
35298,"Pltano","Medio (4 - 8 mts)",130,"Grande",-68.8525592151,-32.8830033496,1,"0",0.0903973509933775
35303,"Morera","Medio (4 - 8 mts)",120,"Grande",-68.8524795054,-32.8826766508,1,"0",0.185148665048544
35305,"Morera","Bajo (2 - 4 mts)",40,"Mediano",-68.8525714453,-32.8826072873,1,"0",0.185148665048544
35309,"Morera","Medio (4 - 8 mts)",110,"Grande",-68.8529244919,-32.8825419326,1,"1",0.185148665048544
35310,"Fresno europeo","Muy bajo (1 - 2 mts)",3,"Chico",-68.8529667001,-32.8825333702,1,"0",0.0420032310177706
35314,"Fresno europeo","Medio (4 - 8 mts)",110,"Grande",-68.8532405938,-32.8824780133,1,"0",0.0420032310177706
35315,"Morera","Medio (4 - 8 mts)",110,"Grande",-68.8533418791,-32.8824599828,1,"1",0.185148665048544
35319,"Morera","Medio (4 - 8 mts)",110,"Grande",-68.8539004822,-32.8823607515,1,"0",0.185148665048544
35322,"Morera","Medio (4 - 8 mts)",110,"Grande",-68.854078938,-32.8823771101,5,"0",0.185148665048544
35324,"Fresno europeo","Bajo (2 - 4 mts)",60,"Mediano",-68.854106482,-32.8824958879,5,"0",0.0420032310177706
35327,"Morera","Medio (4 - 8 mts)",110,"Grande",-68.8541498784,-32.8826857449,5,"1",0.185148665048544
35330,"Acacia SP","Medio (4 - 8 mts)",100,"Grande",-68.8541976368,-32.8828875092,5,"0",0.150492264416315
35332,"Morera","Medio (4 - 8 mts)",120,"Grande",-68.854238777,-32.8830196552,5,"0",0.185148665048544
35333,"Acacia SP","Medio (4 - 8 mts)",110,"Grande",-68.854246809,-32.8830509551,5,"0",0.150492264416315
35335,"Morera","Medio (4 - 8 mts)",110,"Grande",-68.8543304558,-32.8833529374,5,"0",0.185148665048544
35338,"Morera","Medio (4 - 8 mts)",130,"Grande",-68.8543840219,-32.883532617,5,"1",0.185148665048544
35339,"Morera","Medio (4 - 8 mts)",120,"Grande",-68.8543933443,-32.8835825816,5,"0",0.185148665048544
35340,"Morera","Medio (4 - 8 mts)",80,"Grande",-68.8544015213,-32.8836206678,5,"1",0.185148665048544
35344,"Morera","Medio (4 - 8 mts)",120,"Grande",-68.8540508178,-32.8837274451,5,"0",0.185148665048544
35345,"Fresno europeo","Bajo (2 - 4 mts)",80,"Grande",-68.8538637892,-32.8837361534,5,"0",0.0420032310177706
35346,"Fresno europeo","Medio (4 - 8 mts)",110,"Grande",-68.8537713448,-32.8837397423,5,"0",0.0420032310177706
35347,"Fresno europeo","Bajo (2 - 4 mts)",110,"Grande",-68.8536281342,-32.8837464277,5,"0",0.0420032310177706
35349,"Fresno europeo","Medio (4 - 8 mts)",120,"Grande",-68.8533123231,-32.8837610258,5,"0",0.0420032310177706
35351,"Caducifolio","Bajo (2 - 4 mts)",40,"Mediano",-68.8531401573,-32.8837644828,5,"0",0.0512249443207127
35352,"Fresno europeo","Medio (4 - 8 mts)",110,"Grande",-68.8530566945,-32.8837650538,5,"0",0.0420032310177706
35362,"Fresno europeo","Medio (4 - 8 mts)",100,"Grande",-68.8544154837,-32.8831138174,5,"0",0.0420032310177706
35364,"Paraiso sombrilla","Medio (4 - 8 mts)",80,"Grande",-68.8543754659,-32.8829486708,5,"0",0.022887323943662
35365,"Tipa","Medio (4 - 8 mts)",64,"Grande",-68.8543612359,-32.8828937412,5,"0",0.101123595505618
35374,"Morera","Bajo (2 - 4 mts)",110,"Grande",-68.8542201142,-32.8823460031,5,"1",0.185148665048544
35375,"Morera","Medio (4 - 8 mts)",100,"Grande",-68.8544195304,-32.882262974,5,"1",0.185148665048544
35376,"Fresno europeo","Bajo (2 - 4 mts)",60,"Mediano",-68.8544778046,-32.8822522323,5,"1",0.0420032310177706
35377,"Acacia SP","Medio (4 - 8 mts)",120,"Grande",-68.8545554123,-32.882240349,5,"0",0.150492264416315
35378,"Pltano","Medio (4 - 8 mts)",130,"Grande",-68.8546276821,-32.8822252251,5,"0",0.0903973509933775
35380,"Morera","Medio (4 - 8 mts)",110,"Grande",-68.8547808826,-32.8821977526,5,"1",0.185148665048544
35385,"Morera","Medio (4 - 8 mts)",130,"Grande",-68.855246891,-32.8821101839,5,"0",0.185148665048544
35389,"Acacia SP","Alto (> 8 mts)",200,"Grande",-68.855612363,-32.8821646718,5,"1",0.150492264416315
35393,"Morera","Bajo (2 - 4 mts)",60,"Mediano",-68.8556637087,-32.8823513373,5,"0",0.185148665048544
35394,"Morera","Medio (4 - 8 mts)",100,"Grande",-68.8556759591,-32.8823839152,5,"0",0.185148665048544
35396,"Morera","Medio (4 - 8 mts)",120,"Grande",-68.8557115081,-32.8825384162,5,"0",0.185148665048544
35398,"Morera","Bajo (2 - 4 mts)",50,"Mediano",-68.8557346656,-32.8826241037,5,"0",0.185148665048544
35403,"Morera","Medio (4 - 8 mts)",140,"Grande",-68.8558666009,-32.8831119815,5,"0",0.185148665048544
35405,"Morera","Bajo (2 - 4 mts)",38,"Mediano",-68.8559107005,-32.8832660414,5,"0",0.185148665048544
35406,"Morera","Bajo (2 - 4 mts)",28,"Mediano",-68.8559447998,-32.8833923177,5,"0",0.185148665048544
35412,"Fresno europeo","Muy bajo (1 - 2 mts)",3,"Chico",-68.8555857371,-32.8836537551,5,"0",0.0420032310177706
35417,"Morera","Medio (4 - 8 mts)",130,"Grande",-68.8550715746,-32.8836745494,5,"0",0.185148665048544
35421,"Fresno europeo","Medio (4 - 8 mts)",120,"Grande",-68.8546063576,-32.883694459,5,"0",0.0420032310177706
35423,"Prunas","Medio (4 - 8 mts)",30,"Mediano",-68.8551682864,-32.8810031575,6,"0",0.0321782178217822
35425,"Fresno europeo","Medio (4 - 8 mts)",70,"Grande",-68.8553480998,-32.8811348721,6,"0",0.0420032310177706
35428,"Fresno europeo","Medio (4 - 8 mts)",74,"Grande",-68.8554086499,-32.8813573898,6,"0",0.0420032310177706
35431,"Morera","Medio (4 - 8 mts)",32,"Mediano",-68.8554502913,-32.8815764591,6,"0",0.185148665048544
35436,"Morera","Alto (> 8 mts)",113,"Grande",-68.8555352952,-32.8818761899,7,"0",0.185148665048544
35439,"Fresno europeo","Alto (> 8 mts)",112,"Grande",-68.8552464989,-32.8819740504,6,"0",0.0420032310177706
35440,"Morera","Alto (> 8 mts)",149,"Grande",-68.8551168405,-32.881994549,6,"0",0.185148665048544
35441,"Morera","Alto (> 8 mts)",180,"Grande",-68.8550315384,-32.8820100494,6,"1",0.185148665048544
35442,"Morera","Alto (> 8 mts)",77,"Grande",-68.8549773056,-32.8810400292,6,"1",0.185148665048544
35443,"Morera","Alto (> 8 mts)",180,"Grande",-68.8549188982,-32.8810569133,6,"0",0.185148665048544
35446,"Morera","Alto (> 8 mts)",120,"Grande",-68.8545268788,-32.8811256241,6,"0",0.185148665048544
35448,"Morera","Alto (> 8 mts)",165,"Grande",-68.8543760298,-32.8811557535,6,"0",0.185148665048544
35449,"Pltano","Alto (> 8 mts)",200,"Grande",-68.8542967998,-32.8811702741,6,"0",0.0903973509933775
35450,"Morera","Alto (> 8 mts)",70,"Grande",-68.8542064711,-32.881189952,6,"1",0.185148665048544
35457,"Morera","Alto (> 8 mts)",154,"Grande",-68.8539881589,-32.8814682709,6,"0",0.185148665048544
35459,"Morera","Alto (> 8 mts)",192,"Grande",-68.8540211575,-32.8816120392,6,"0",0.185148665048544
35462,"Fresno europeo","Alto (> 8 mts)",68,"Grande",-68.8540932882,-32.881873975,6,"0",0.0420032310177706
35465,"Olmo comun","Alto (> 8 mts)",72,"Grande",-68.8541559861,-32.8820884707,6,"0",0.0227272727272727
35466,"Fresno europeo","Medio (4 - 8 mts)",95,"Grande",-68.8541627044,-32.8821277409,6,"0",0.0420032310177706
35470,"Fresno americano","Alto (> 8 mts)",120,"Grande",-68.8544237251,-32.8821248756,6,"0",0.0512455516014235
35471,"Morera","Alto (> 8 mts)",153,"Grande",-68.854542543,-32.8821001577,6,"0",0.185148665048544
35479,"Morera","Alto (> 8 mts)",160,"Grande",-68.8563406142,-32.8817750441,7,"1",0.185148665048544
35484,"Morera","Medio (4 - 8 mts)",68,"Grande",-68.8566664053,-32.8815664974,7,"0",0.185148665048544
35486,"Morera","Alto (> 8 mts)",116,"Grande",-68.8566171054,-32.8813898894,7,"0",0.185148665048544
35487,"Acer","Medio (4 - 8 mts)",45,"Mediano",-68.856597413,-32.8812895273,7,"0",0.0204081632653061
35488,"Morera","Alto (> 8 mts)",113,"Grande",-68.8565687012,-32.8811820667,7,"0",0.185148665048544
35491,"Morera","Alto (> 8 mts)",130,"Grande",-68.8564945135,-32.8809384514,7,"0",0.185148665048544
35492,"Morera","Alto (> 8 mts)",80,"Grande",-68.8564817084,-32.880860801,7,"0",0.185148665048544
35495,"Morera","Alto (> 8 mts)",140,"Grande",-68.856243084,-32.8807930794,7,"0",0.185148665048544
35496,"Morera","Alto (> 8 mts)",110,"Grande",-68.8561327005,-32.8808152703,7,"1",0.185148665048544
35499,"Morera","Alto (> 8 mts)",120,"Grande",-68.8558654915,-32.8808739514,7,"1",0.185148665048544
35500,"Morera","Alto (> 8 mts)",140,"Grande",-68.855800457,-32.8808848113,6,"0",0.185148665048544
35503,"Morera","Alto (> 8 mts)",130,"Grande",-68.8555208966,-32.8809342612,6,"1",0.185148665048544
35505,"Morera","Alto (> 8 mts)",110,"Grande",-68.8554777965,-32.881047804,6,"0",0.185148665048544
35507,"Fresno europeo","Alto (> 8 mts)",135,"Grande",-68.8555397075,-32.8812643062,6,"0",0.0420032310177706
35508,"Morera","Alto (> 8 mts)",100,"Grande",-68.8555604733,-32.8813431724,6,"0",0.185148665048544
35515,"Morera","Medio (4 - 8 mts)",110,"Grande",-68.8560774204,-32.8833253844,5,"0",0.185148665048544
35518,"Morera","Medio (4 - 8 mts)",150,"Grande",-68.8560046843,-32.8830370295,5,"0",0.185148665048544
35520,"Pltano","Medio (4 - 8 mts)",140,"Grande",-68.8559182232,-32.8827115992,5,"0",0.0903973509933775
35522,"Fresno europeo","Medio (4 - 8 mts)",70,"Grande",-68.855878613,-32.8825570936,5,"0",0.0420032310177706
35526,"Morera","Medio (4 - 8 mts)",110,"Grande",-68.8557453648,-32.8820700051,7,"1",0.185148665048544
35532,"Fresno europeo","Bajo (2 - 4 mts)",20,"Chico",-68.8563864195,-32.881897909,7,"0",0.0420032310177706
35533,"Pltano","Medio (4 - 8 mts)",110,"Grande",-68.8564965702,-32.8818737493,7,"0",0.0903973509933775
35534,"Pltano","Medio (4 - 8 mts)",120,"Grande",-68.8566191422,-32.8818504765,7,"1",0.0903973509933775
35536,"Morera","Medio (4 - 8 mts)",100,"Grande",-68.8566965621,-32.8818346927,7,"1",0.185148665048544
35537,"Acacia SP","Alto (> 8 mts)",180,"Grande",-68.8567804638,-32.8820092691,7,"0",0.150492264416315
35541,"Pltano","Medio (4 - 8 mts)",120,"Grande",-68.856881567,-32.8824016212,7,"0",0.0903973509933775
35543,"Morera","Medio (4 - 8 mts)",140,"Grande",-68.8569454135,-32.8826373066,7,"0",0.185148665048544
35544,"Paraiso","Muy bajo (1 - 2 mts)",20,"Chico",-68.8569588868,-32.882698547,5,"0",0.0859023207481815
35545,"Morera","Medio (4 - 8 mts)",120,"Grande",-68.8570077594,-32.8828759658,5,"0",0.185148665048544
35546,"Morera","Medio (4 - 8 mts)",180,"Grande",-68.8570526694,-32.8830588805,5,"0",0.185148665048544
35549,"Caducifolio","Muy bajo (1 - 2 mts)",3,"Chico",-68.8571356031,-32.8833430283,5,"0",0.0512249443207127
35553,"Morera","Bajo (2 - 4 mts)",32,"Mediano",-68.8569932771,-32.883569332,5,"0",0.185148665048544
35556,"Morera","Medio (4 - 8 mts)",130,"Grande",-68.8565520963,-32.8835931067,5,"1",0.185148665048544
35558,"Aguaribay","Medio (4 - 8 mts)",170,"Grande",-68.8563286364,-32.8836047471,5,"1",0.106529209621993
35560,"Caducifolio","Muy bajo (1 - 2 mts)",8,"Chico",-68.8562675622,-32.8737065182,6,"0",0.0512249443207127
35562,"Paraiso","Alto (> 8 mts)",198,"Grande",-68.8562467316,-32.8735705188,6,"0",0.0859023207481815
35568,"Morera","Alto (> 8 mts)",145,"Grande",-68.8559093073,-32.8734273022,6,"0",0.185148665048544
35569,"Morera","Alto (> 8 mts)",160,"Grande",-68.8557226924,-32.8734579251,6,"1",0.185148665048544
35571,"Morera","Medio (4 - 8 mts)",80,"Grande",-68.8556106807,-32.8734762806,6,"0",0.185148665048544
35573,"Morera","Alto (> 8 mts)",96,"Grande",-68.8555565376,-32.8735887495,6,"0",0.185148665048544
35575,"Paraiso","Medio (4 - 8 mts)",146,"Grande",-68.8556061909,-32.8737411931,6,"0",0.0859023207481815
35577,"Morera","Alto (> 8 mts)",145,"Grande",-68.8556315483,-32.8738525816,6,"0",0.185148665048544
35578,"Morera","Bajo (2 - 4 mts)",20,"Chico",-68.8558017272,-32.8738764924,6,"0",0.185148665048544
35581,"Morera","Medio (4 - 8 mts)",96,"Grande",-68.8568755832,-32.8738235339,6,"0",0.185148665048544
35586,"Paraiso","Medio (4 - 8 mts)",120,"Grande",-68.8570689408,-32.8741192402,6,"0",0.0859023207481815
35587,"Paraiso","Medio (4 - 8 mts)",150,"Grande",-68.8570836747,-32.8741932861,6,"0",0.0859023207481815
35588,"Paraiso","Medio (4 - 8 mts)",132,"Grande",-68.857104514,-32.8742581417,6,"0",0.0859023207481815
35590,"Paraiso","Alto (> 8 mts)",130,"Grande",-68.8571527052,-32.8744480078,6,"0",0.0859023207481815
35593,"Morera","Alto (> 8 mts)",170,"Grande",-68.8571788864,-32.8745654383,6,"0",0.185148665048544
35596,"Fresno europeo","Alto (> 8 mts)",94,"Grande",-68.857077959,-32.8747094804,6,"0",0.0420032310177706
35598,"Morera","Alto (> 8 mts)",200,"Grande",-68.856932999,-32.8747327777,6,"0",0.185148665048544
35601,"Morera","Medio (4 - 8 mts)",88,"Grande",-68.8563715165,-32.8741790352,6,"0",0.185148665048544
35603,"Paraiso","Medio (4 - 8 mts)",150,"Grande",-68.8566496342,-32.8738613267,6,"0",0.0859023207481815
35605,"Fresno europeo","Medio (4 - 8 mts)",40,"Mediano",-68.8566399787,-32.8740181202,6,"0",0.0420032310177706
35606,"Acer","Medio (4 - 8 mts)",76,"Grande",-68.8566573923,-32.8740867591,6,"0",0.0204081632653061
35611,"Aguaribay","Medio (4 - 8 mts)",150,"Grande",-68.8566251252,-32.8742841931,6,"0",0.106529209621993
35612,"Morera","Alto (> 8 mts)",180,"Grande",-68.8566086696,-32.8742178997,6,"0",0.185148665048544
35619,"Paraiso","Alto (> 8 mts)",160,"Grande",-68.8564063967,-32.8739106418,6,"1",0.0859023207481815
35621,"Paraiso","Medio (4 - 8 mts)",144,"Grande",-68.8562883655,-32.873925744,6,"0",0.0859023207481815
35626,"Paraiso","Alto (> 8 mts)",160,"Grande",-68.8562278956,-32.8741848213,6,"1",0.0859023207481815
35627,"Paraiso","Medio (4 - 8 mts)",120,"Grande",-68.8562405297,-32.8742353307,6,"0",0.0859023207481815
35629,"Paraiso","Medio (4 - 8 mts)",120,"Grande",-68.856263052,-32.8743163287,6,"0",0.0859023207481815
35635,"Morera","Medio (4 - 8 mts)",52,"Mediano",-68.8560932112,-32.8740164104,6,"0",0.185148665048544
35654,"Morera","Alto (> 8 mts)",160,"Grande",-68.8559791402,-32.8749114809,6,"0",0.185148665048544
35659,"Morera","Medio (4 - 8 mts)",140,"Grande",-68.8563433901,-32.8748563554,6,"0",0.185148665048544
35664,"Morera","Medio (4 - 8 mts)",100,"Grande",-68.8557650656,-32.8748730024,6,"1",0.185148665048544
35665,"Morera","Medio (4 - 8 mts)",90,"Grande",-68.8557496589,-32.8748158821,6,"0",0.185148665048544
35667,"Morera","Medio (4 - 8 mts)",100,"Grande",-68.8557220376,-32.8747198451,6,"0",0.185148665048544
35668,"Morera","Medio (4 - 8 mts)",140,"Grande",-68.8557138743,-32.8746799808,6,"0",0.185148665048544
35672,"Fresno europeo","Bajo (2 - 4 mts)",20,"Chico",-68.8555854751,-32.8741940901,6,"0",0.0420032310177706
35674,"Morera","Muy bajo (1 - 2 mts)",6,"Chico",-68.8554275304,-32.8740714576,6,"0",0.185148665048544
35678,"Morera","Medio (4 - 8 mts)",180,"Grande",-68.8552007215,-32.8741115912,6,"0",0.185148665048544
35680,"Morera","Medio (4 - 8 mts)",80,"Grande",-68.8551023869,-32.8741295112,6,"0",0.185148665048544
35684,"Morera","Medio (4 - 8 mts)",140,"Grande",-68.8547827956,-32.8741898246,6,"0",0.185148665048544
35687,"Fresno europeo","Medio (4 - 8 mts)",140,"Grande",-68.8547352981,-32.8743542384,6,"0",0.0420032310177706
35691,"Fresno europeo","Medio (4 - 8 mts)",100,"Grande",-68.8548024053,-32.8746147255,6,"0",0.0420032310177706
35694,"Fresno europeo","Medio (4 - 8 mts)",140,"Grande",-68.8548552922,-32.8748151433,6,"0",0.0420032310177706
35695,"Morera","Medio (4 - 8 mts)",140,"Grande",-68.8548804949,-32.874889923,6,"0",0.185148665048544
35706,"Morera","Alto (> 8 mts)",160,"Grande",-68.8556283247,-32.8749844743,6,"0",0.185148665048544
35708,"Morera","Medio (4 - 8 mts)",140,"Grande",-68.8557302944,-32.8749658367,6,"0",0.185148665048544
35709,"Morera","Medio (4 - 8 mts)",120,"Grande",-68.855782632,-32.8749129677,6,"1",0.185148665048544
35711,"Paraiso","Medio (4 - 8 mts)",98,"Grande",-68.8551917796,-32.8730049136,6,"1",0.0859023207481815
35714,"Morera","Alto (> 8 mts)",150,"Grande",-68.8549201424,-32.8730502426,6,"0",0.185148665048544
35720,"Fresno europeo","Medio (4 - 8 mts)",94,"Grande",-68.8544454628,-32.8732059548,6,"0",0.0420032310177706
35728,"Fresno europeo","Medio (4 - 8 mts)",120,"Grande",-68.8545657273,-32.8736957146,6,"0",0.0420032310177706
35729,"Fresno europeo","Alto (> 8 mts)",115,"Grande",-68.8545754729,-32.8737477537,6,"0",0.0420032310177706
35730,"Fresno europeo","Alto (> 8 mts)",125,"Grande",-68.8546060489,-32.8738688867,6,"0",0.0420032310177706
35731,"Fresno europeo","Alto (> 8 mts)",130,"Grande",-68.8546280788,-32.8739232845,6,"0",0.0420032310177706
35741,"Morera","Alto (> 8 mts)",145,"Grande",-68.8553890312,-32.8739594227,6,"0",0.185148665048544
35746,"Fresno europeo","Medio (4 - 8 mts)",62,"Grande",-68.8554450723,-32.8736653549,6,"0",0.0420032310177706
35749,"Acer","Medio (4 - 8 mts)",55,"Mediano",-68.8553659529,-32.8733961628,6,"0",0.0204081632653061
35750,"Morera","Alto (> 8 mts)",170,"Grande",-68.8553484805,-32.8733071805,6,"0",0.185148665048544
35754,"Morera","Alto (> 8 mts)",130,"Grande",-68.8552634796,-32.8730418146,6,"0",0.185148665048544
35759,"Morera","Alto (> 8 mts)",190,"Grande",-68.8539909321,-32.8743341675,6,"0",0.185148665048544
35760,"Morera","Medio (4 - 8 mts)",120,"Grande",-68.8540549397,-32.8743172985,6,"0",0.185148665048544
35762,"Morera","Medio (4 - 8 mts)",120,"Grande",-68.8542216543,-32.874286645,6,"0",0.185148665048544
35763,"Jacarand","Medio (4 - 8 mts)",44,"Mediano",-68.8542770261,-32.8742735448,6,"0",0.103064066852368
35767,"Morera","Alto (> 8 mts)",90,"Grande",-68.8545274551,-32.8742306451,6,"1",0.185148665048544
35774,"Fresno europeo","Bajo (2 - 4 mts)",100,"Grande",-68.8546603681,-32.8746316928,6,"0",0.0420032310177706
35776,"Fresno europeo","Medio (4 - 8 mts)",70,"Grande",-68.8547199711,-32.8748415862,6,"1",0.0420032310177706
35777,"Paraiso","Medio (4 - 8 mts)",90,"Grande",-68.8547462288,-32.8749245725,6,"0",0.0859023207481815
35781,"Morera","Alto (> 8 mts)",190,"Grande",-68.8545902369,-32.8751765951,6,"1",0.185148665048544
35784,"Morera","Alto (> 8 mts)",180,"Grande",-68.8543930211,-32.8752182944,6,"0",0.185148665048544
35789,"Morera","Alto (> 8 mts)",130,"Grande",-68.8540741706,-32.8752804102,6,"0",0.185148665048544
35790,"Morera","Alto (> 8 mts)",140,"Grande",-68.8540035232,-32.8752902464,6,"0",0.185148665048544
35792,"Morera","Medio (4 - 8 mts)",84,"Grande",-68.8539317365,-32.8752128874,6,"0",0.185148665048544
35794,"Morera","Alto (> 8 mts)",220,"Grande",-68.8538917879,-32.8750733488,6,"0",0.185148665048544
35796,"Morera","Medio (4 - 8 mts)",170,"Grande",-68.8538647387,-32.8749521295,6,"0",0.185148665048544
35797,"Morera","Alto (> 8 mts)",170,"Grande",-68.8538327492,-32.8748462333,6,"0",0.185148665048544
35798,"Morera","Medio (4 - 8 mts)",100,"Grande",-68.8538221391,-32.8748003246,6,"0",0.185148665048544
35806,"Morera","Alto (> 8 mts)",165,"Grande",-68.8536372002,-32.8741339369,6,"0",0.185148665048544
35807,"Morera","Alto (> 8 mts)",175,"Grande",-68.8536247883,-32.8740791896,6,"0",0.185148665048544
35809,"Morera","Alto (> 8 mts)",180,"Grande",-68.8536000781,-32.8739655472,6,"0",0.185148665048544
35811,"Morera","Alto (> 8 mts)",97,"Grande",-68.8535729921,-32.8738672308,6,"0",0.185148665048544
35812,"Morera","Alto (> 8 mts)",135,"Grande",-68.8535465126,-32.8737236484,6,"0",0.185148665048544
35813,"Fresno europeo","Medio (4 - 8 mts)",64,"Grande",-68.8535245554,-32.8736456279,6,"0",0.0420032310177706
35815,"Morera","Alto (> 8 mts)",117,"Grande",-68.8535022272,-32.8735502034,6,"0",0.185148665048544
35818,"Morera","Medio (4 - 8 mts)",120,"Grande",-68.8534630966,-32.8733708918,6,"0",0.185148665048544
35824,"Morera","Alto (> 8 mts)",160,"Grande",-68.8540307659,-32.8732069143,6,"0",0.185148665048544
35826,"Jacarand","Muy bajo (1 - 2 mts)",10,"Chico",-68.8541789613,-32.8731819623,6,"0",0.103064066852368
35827,"Morera","Alto (> 8 mts)",125,"Grande",-68.8542386127,-32.8731716236,6,"1",0.185148665048544
35828,"Fresno europeo","Medio (4 - 8 mts)",75,"Grande",-68.8543138158,-32.8732296081,6,"1",0.0420032310177706
35832,"Fresno europeo","Medio (4 - 8 mts)",107,"Grande",-68.8543870487,-32.8735118316,6,"0",0.0420032310177706
35834,"Paraiso sombrilla","Medio (4 - 8 mts)",60,"Mediano",-68.8544158238,-32.8736232243,6,"0",0.022887323943662
35840,"Morera","Alto (> 8 mts)",80,"Grande",-68.8545058148,-32.8740031226,6,"0",0.185148665048544
35841,"Morera","Alto (> 8 mts)",120,"Grande",-68.854498546,-32.8740702002,6,"0",0.185148665048544
35842,"Morera","Muy bajo (1 - 2 mts)",4,"Chico",-68.8545315816,-32.8740815323,6,"0",0.185148665048544
35843,"Morera","Alto (> 8 mts)",128,"Grande",-68.8544536794,-32.8741283072,6,"0",0.185148665048544
35844,"Morera","Alto (> 8 mts)",125,"Grande",-68.8543637876,-32.8741452446,6,"0",0.185148665048544
35845,"Morera","Alto (> 8 mts)",128,"Grande",-68.8542811631,-32.874161469,6,"0",0.185148665048544
35852,"Morera","Alto (> 8 mts)",143,"Grande",-68.8526294184,-32.8763560601,6,"0",0.185148665048544
35855,"Morera","Alto (> 8 mts)",145,"Grande",-68.8525799422,-32.8761634,6,"0",0.185148665048544
35858,"Morera","Alto (> 8 mts)",210,"Grande",-68.8525517098,-32.8760348961,6,"0",0.185148665048544
35859,"Morera","Alto (> 8 mts)",149,"Grande",-68.8525207849,-32.8759450302,6,"1",0.185148665048544
35860,"Morera","Alto (> 8 mts)",130,"Grande",-68.8525067699,-32.8758906416,6,"0",0.185148665048544
35863,"Morera","Bajo (2 - 4 mts)",10,"Chico",-68.8525844186,-32.8756816691,6,"0",0.185148665048544
35870,"Fresno europeo","Medio (4 - 8 mts)",56,"Mediano",-68.8531172559,-32.8757131276,6,"0",0.0420032310177706
35871,"Acer","Medio (4 - 8 mts)",36,"Mediano",-68.8531358056,-32.8757762354,6,"0",0.0204081632653061
35874,"Morera","Alto (> 8 mts)",160,"Grande",-68.853172242,-32.8759067533,6,"0",0.185148665048544
35876,"Morera","Alto (> 8 mts)",140,"Grande",-68.8532007104,-32.8760093093,6,"0",0.185148665048544
35877,"Morera","Alto (> 8 mts)",180,"Grande",-68.8532168737,-32.876057118,6,"0",0.185148665048544
35881,"Morera","Alto (> 8 mts)",120,"Grande",-68.8532847278,-32.8763163444,6,"0",0.185148665048544
35883,"Morera","Medio (4 - 8 mts)",60,"Mediano",-68.8533193608,-32.8764391055,6,"0",0.185148665048544
35889,"Morera","Medio (4 - 8 mts)",64,"Grande",-68.8534604726,-32.8764019408,6,"0",0.185148665048544
35891,"Morera","Medio (4 - 8 mts)",60,"Mediano",-68.8534230478,-32.8762872917,6,"0",0.185148665048544
35892,"Prunas","Medio (4 - 8 mts)",35,"Mediano",-68.8533887531,-32.8761537107,6,"0",0.0321782178217822
35895,"Morera","Alto (> 8 mts)",186,"Grande",-68.8533550788,-32.8760327541,6,"0",0.185148665048544
35896,"Morera","Alto (> 8 mts)",143,"Grande",-68.8533417929,-32.8759895474,6,"1",0.185148665048544
35897,"Morera","Alto (> 8 mts)",160,"Grande",-68.853334823,-32.875948458,6,"1",0.185148665048544
35898,"Morera","Alto (> 8 mts)",156,"Grande",-68.8533095107,-32.8758668792,6,"1",0.185148665048544
35900,"Morera","Alto (> 8 mts)",86,"Grande",-68.8532835296,-32.8757560179,6,"0",0.185148665048544
35901,"Morera","Alto (> 8 mts)",160,"Grande",-68.8532649035,-32.8757016365,6,"1",0.185148665048544
35908,"Morera","Medio (4 - 8 mts)",48,"Mediano",-68.8535084307,-32.8755048117,6,"0",0.185148665048544
35909,"Morera","Alto (> 8 mts)",149,"Grande",-68.8535590934,-32.8754967558,6,"0",0.185148665048544
35911,"Morera","Alto (> 8 mts)",150,"Grande",-68.8537219529,-32.8754648578,6,"0",0.185148665048544
35912,"Morera","Alto (> 8 mts)",155,"Grande",-68.8537878723,-32.8754581577,6,"0",0.185148665048544
35913,"Morera","Alto (> 8 mts)",138,"Grande",-68.85386291,-32.8754806101,6,"0",0.185148665048544
35914,"Morera","Alto (> 8 mts)",145,"Grande",-68.8538775678,-32.8755343682,6,"0",0.185148665048544
35917,"Fresno europeo","Muy bajo (1 - 2 mts)",4,"Chico",-68.8539358029,-32.8757305546,6,"0",0.0420032310177706
35922,"Morera","Alto (> 8 mts)",160,"Grande",-68.8540243674,-32.8760680718,6,"0",0.185148665048544
35923,"Morera","Alto (> 8 mts)",140,"Grande",-68.8540515148,-32.8761876879,6,"0",0.185148665048544
35924,"Morera","Alto (> 8 mts)",150,"Grande",-68.8540651413,-32.8762260961,6,"0",0.185148665048544
35927,"Fresno europeo","Bajo (2 - 4 mts)",40,"Mediano",-68.8540064157,-32.8763874533,6,"0",0.0420032310177706
35929,"Pltano","Alto (> 8 mts)",170,"Grande",-68.8538555992,-32.8764195353,6,"0",0.0903973509933775
35931,"Morera","Alto (> 8 mts)",160,"Grande",-68.8537451874,-32.8764371696,6,"0",0.185148665048544
35937,"Morera","Alto (> 8 mts)",160,"Grande",-68.8541576445,-32.8760512754,6,"0",0.185148665048544
35942,"Morera","Alto (> 8 mts)",86,"Grande",-68.8540742934,-32.8757271996,6,"0",0.185148665048544
35946,"Morera","Alto (> 8 mts)",145,"Grande",-68.8539966241,-32.8754574124,6,"0",0.185148665048544
35948,"Morera","Alto (> 8 mts)",160,"Grande",-68.8541164096,-32.8753918187,6,"1",0.185148665048544
35949,"Morera","Alto (> 8 mts)",160,"Grande",-68.8541928231,-32.8753766881,6,"0",0.185148665048544
35950,"Morera","Alto (> 8 mts)",140,"Grande",-68.854268728,-32.875361519,6,"0",0.185148665048544
35952,"Morera","Alto (> 8 mts)",133,"Grande",-68.8544076772,-32.8753386876,6,"0",0.185148665048544
35955,"Morera","Alto (> 8 mts)",180,"Grande",-68.8546223142,-32.8752993502,6,"0",0.185148665048544
35959,"Fresno europeo","Medio (4 - 8 mts)",48,"Mediano",-68.8548604141,-32.8753440829,6,"0",0.0420032310177706
35960,"Paraiso","Alto (> 8 mts)",45,"Mediano",-68.8548819968,-32.8754109234,6,"0",0.0859023207481815
35966,"Fresno europeo","Medio (4 - 8 mts)",140,"Grande",-68.8550808663,-32.8761859785,6,"0",0.0420032310177706
35968,"Morera","Medio (4 - 8 mts)",145,"Grande",-68.8549360474,-32.876209436,6,"0",0.185148665048544
35969,"Morera","Bajo (2 - 4 mts)",20,"Chico",-68.8548269091,-32.8762327534,6,"0",0.185148665048544
35971,"Olmo comun","Alto (> 8 mts)",95,"Grande",-68.8546185775,-32.8762748008,6,"0",0.0227272727272727
35974,"Acer","Medio (4 - 8 mts)",50,"Mediano",-68.8543330628,-32.8763243639,6,"0",0.0204081632653061
35978,"Paraiso","Alto (> 8 mts)",135,"Grande",-68.8551094463,-32.8757673562,6,"0",0.0859023207481815
35979,"Acer","Alto (> 8 mts)",190,"Grande",-68.8550274524,-32.8754596158,6,"0",0.0204081632653061
35980,"Fresno europeo","Alto (> 8 mts)",130,"Grande",-68.8550166429,-32.8753874074,6,"1",0.0420032310177706
35982,"Morera","Alto (> 8 mts)",115,"Grande",-68.8549806139,-32.8752867573,6,"0",0.185148665048544
35985,"Morera","Alto (> 8 mts)",125,"Grande",-68.8551704468,-32.8752004138,6,"1",0.185148665048544
35992,"Prunas","Medio (4 - 8 mts)",45,"Mediano",-68.855546564,-32.8751265771,6,"0",0.0321782178217822
35995,"Morera","Alto (> 8 mts)",150,"Grande",-68.8556947081,-32.8750999678,6,"0",0.185148665048544
35996,"Fresno europeo","Medio (4 - 8 mts)",40,"Mediano",-68.8557490908,-32.8750920911,6,"0",0.0420032310177706
35999,"Morera","Alto (> 8 mts)",197,"Grande",-68.8558628939,-32.8752569013,6,"0",0.185148665048544
36000,"Morera","Alto (> 8 mts)",180,"Grande",-68.8558772012,-32.8753074776,6,"0",0.185148665048544
36002,"Morera","Alto (> 8 mts)",199,"Grande",-68.8559229916,-32.8754708271,6,"0",0.185148665048544
36004,"Morera","Alto (> 8 mts)",130,"Grande",-68.8559528467,-32.8755767203,6,"0",0.185148665048544
36008,"Fresno europeo","Alto (> 8 mts)",150,"Grande",-68.8560450347,-32.8759188786,6,"0",0.0420032310177706
36009,"Pltano","Alto (> 8 mts)",150,"Grande",-68.856012591,-32.8760008674,6,"0",0.0903973509933775
36010,"Fresno europeo","Bajo (2 - 4 mts)",30,"Mediano",-68.8559351352,-32.8760201169,6,"0",0.0420032310177706
36012,"Morera","Medio (4 - 8 mts)",135,"Grande",-68.8556059127,-32.8760880315,6,"0",0.185148665048544
36014,"Morera","Alto (> 8 mts)",116,"Grande",-68.8561758322,-32.8759212436,6,"0",0.185148665048544
36016,"Morera","Alto (> 8 mts)",115,"Grande",-68.8561428111,-32.8757905502,6,"0",0.185148665048544
36021,"Morera","Alto (> 8 mts)",170,"Grande",-68.8560587099,-32.8754634091,6,"0",0.185148665048544
36023,"Morera","Alto (> 8 mts)",140,"Grande",-68.8560298261,-32.8753515658,6,"0",0.185148665048544
36024,"Morera","Alto (> 8 mts)",180,"Grande",-68.8559909348,-32.8752168982,6,"0",0.185148665048544
36026,"Morera","Alto (> 8 mts)",130,"Grande",-68.8559701761,-32.8751025395,6,"0",0.185148665048544
36030,"Morera","Alto (> 8 mts)",160,"Grande",-68.8562211281,-32.8750012974,6,"0",0.185148665048544
36038,"Morera","Alto (> 8 mts)",105,"Grande",-68.8567763587,-32.8748990043,6,"0",0.185148665048544
36039,"Morera","Alto (> 8 mts)",195,"Grande",-68.8568660868,-32.8748790461,6,"0",0.185148665048544
36040,"Morera","Alto (> 8 mts)",150,"Grande",-68.8569528201,-32.8748634766,6,"0",0.185148665048544
36044,"Morera","Alto (> 8 mts)",115,"Grande",-68.8572573375,-32.8748443271,6,"0",0.185148665048544
36045,"Perenne","Alto (> 8 mts)",200,"Grande",-68.857275433,-32.8748878996,6,"0",0.0364741641337386
36047,"Morera","Alto (> 8 mts)",106,"Grande",-68.8573045043,-32.8750170553,6,"0",0.185148665048544
36052,"Morera","Alto (> 8 mts)",156,"Grande",-68.8573927522,-32.8753596193,6,"0",0.185148665048544
36053,"Morera","Alto (> 8 mts)",145,"Grande",-68.8574051817,-32.8754076297,6,"0",0.185148665048544
36054,"Morera","Alto (> 8 mts)",158,"Grande",-68.8574192897,-32.8754697464,6,"0",0.185148665048544
36056,"Morera","Alto (> 8 mts)",95,"Grande",-68.857455198,-32.8756002624,6,"0",0.185148665048544
36058,"Acer","Medio (4 - 8 mts)",45,"Mediano",-68.8574234416,-32.8757464809,6,"0",0.0204081632653061
36060,"Pltano","Alto (> 8 mts)",230,"Grande",-68.8572731544,-32.8757764261,6,"0",0.0903973509933775
36062,"Fresno europeo","Alto (> 8 mts)",60,"Mediano",-68.8571231955,-32.8758015023,6,"0",0.0420032310177706
36063,"Pltano","Alto (> 8 mts)",110,"Grande",-68.8570266811,-32.8758161798,6,"0",0.0903973509933775
36068,"Morera","Alto (> 8 mts)",145,"Grande",-68.856560214,-32.8759082497,6,"0",0.185148665048544
36070,"Paraiso sombrilla","Medio (4 - 8 mts)",51,"Mediano",-68.856368027,-32.8759401656,6,"0",0.022887323943662
36072,"Morera","Alto (> 8 mts)",125,"Grande",-68.8545003039,-32.8773767133,6,"1",0.185148665048544
36078,"Paraiso sombrilla","Medio (4 - 8 mts)",118,"Grande",-68.8543654409,-32.8768343382,6,"0",0.022887323943662
36079,"Fresno europeo","Medio (4 - 8 mts)",75,"Grande",-68.854346653,-32.8767861551,6,"0",0.0420032310177706
36087,"Pltano","Alto (> 8 mts)",186,"Grande",-68.8546264531,-32.876394435,6,"0",0.0903973509933775
36088,"Fresno europeo","Alto (> 8 mts)",116,"Grande",-68.8547160091,-32.876378974,6,"0",0.0420032310177706
36089,"Fresno europeo","Alto (> 8 mts)",115,"Grande",-68.8548019635,-32.8763638821,6,"0",0.0420032310177706
36090,"Morera","Medio (4 - 8 mts)",45,"Mediano",-68.8548913714,-32.8763468023,6,"0",0.185148665048544
36091,"Morera","Medio (4 - 8 mts)",50,"Mediano",-68.8549816895,-32.8763318487,6,"0",0.185148665048544
36098,"Fresno europeo","Medio (4 - 8 mts)",65,"Grande",-68.8561058659,-32.876170752,6,"0",0.0420032310177706
36099,"Fresno europeo","Medio (4 - 8 mts)",45,"Mediano",-68.8561154115,-32.87620703,6,"0",0.0420032310177706
36100,"Fresno europeo","Medio (4 - 8 mts)",52,"Mediano",-68.8561219779,-32.8762512917,6,"0",0.0420032310177706
36106,"Morera","Medio (4 - 8 mts)",66,"Grande",-68.8562557023,-32.8767120721,6,"1",0.185148665048544
36107,"Fresno europeo","Medio (4 - 8 mts)",43,"Mediano",-68.8562751838,-32.8767972631,6,"0",0.0420032310177706
36112,"Morera","Alto (> 8 mts)",170,"Grande",-68.8561733037,-32.877090016,6,"0",0.185148665048544
36113,"Morera","Alto (> 8 mts)",120,"Grande",-68.8560878902,-32.8771113781,6,"1",0.185148665048544
36116,"Morera","Alto (> 8 mts)",143,"Grande",-68.8553812591,-32.8772326524,6,"0",0.185148665048544
36118,"Morera","Medio (4 - 8 mts)",135,"Grande",-68.8552250907,-32.8772631293,6,"0",0.185148665048544
36120,"Morera","Medio (4 - 8 mts)",98,"Grande",-68.8550628077,-32.8772969506,6,"1",0.185148665048544
36121,"Morera","Alto (> 8 mts)",145,"Grande",-68.854973647,-32.877316506,6,"0",0.185148665048544
36123,"Morera","Alto (> 8 mts)",142,"Grande",-68.8548241389,-32.8773422842,6,"0",0.185148665048544
36124,"Morera","Medio (4 - 8 mts)",56,"Mediano",-68.8547263261,-32.8773656146,6,"0",0.185148665048544
36128,"Morera","Alto (> 8 mts)",134,"Grande",-68.8524221785,-32.8778021322,6,"0",0.185148665048544
36129,"Morera","Alto (> 8 mts)",180,"Grande",-68.8523672415,-32.8778092809,6,"0",0.185148665048544
36130,"Fresno americano","Medio (4 - 8 mts)",31,"Mediano",-68.8522224025,-32.8778312879,6,"0",0.0512455516014235
36132,"Morera","Alto (> 8 mts)",101,"Grande",-68.8520590737,-32.8778668055,6,"0",0.185148665048544
36133,"Morera","Alto (> 8 mts)",140,"Grande",-68.8519780518,-32.8778808663,6,"0",0.185148665048544
36135,"Fresno europeo","Muy bajo (1 - 2 mts)",4,"Chico",-68.8518166792,-32.8779158629,6,"0",0.0420032310177706
36139,"Morera","Alto (> 8 mts)",130,"Grande",-68.8514091681,-32.8779910099,6,"0",0.185148665048544
36143,"Fresno europeo","Muy bajo (1 - 2 mts)",3,"Chico",-68.8511890543,-32.8777584476,6,"0",0.0420032310177706
36146,"Morera","Medio (4 - 8 mts)",80,"Grande",-68.851136055,-32.8775972763,6,"1",0.185148665048544
36148,"Fresno europeo","Alto (> 8 mts)",150,"Grande",-68.8510680145,-32.877067995,6,"0",0.0420032310177706
36150,"Fresno europeo","Medio (4 - 8 mts)",60,"Mediano",-68.8512934206,-32.8770237141,6,"0",0.0420032310177706
36152,"Pltano","Alto (> 8 mts)",225,"Grande",-68.8514347917,-32.8769936303,6,"0",0.0903973509933775
36155,"Pltano","Alto (> 8 mts)",135,"Grande",-68.85171055,-32.8769394519,6,"1",0.0903973509933775
36162,"Pltano","Alto (> 8 mts)",205,"Grande",-68.8523474583,-32.8768182991,6,"0",0.0903973509933775
36164,"Morera","Medio (4 - 8 mts)",105,"Grande",-68.8526263162,-32.8768276151,6,"0",0.185148665048544
36168,"Acer","Bajo (2 - 4 mts)",57,"Mediano",-68.8526856042,-32.8770792665,6,"0",0.0204081632653061
36170,"Pltano","Alto (> 8 mts)",186,"Grande",-68.8527117834,-32.8771521145,6,"0",0.0903973509933775
36173,"Fresno europeo","Medio (4 - 8 mts)",46,"Mediano",-68.8527615846,-32.877334914,6,"0",0.0420032310177706
36176,"Morera","Alto (> 8 mts)",136,"Grande",-68.8528181741,-32.877556166,6,"0",0.185148665048544
36179,"Pltano","Alto (> 8 mts)",170,"Grande",-68.8557719366,-32.8772946892,6,"0",0.0903973509933775
36180,"Morera","Alto (> 8 mts)",90,"Grande",-68.8560099511,-32.877247152,6,"1",0.185148665048544
36181,"Pltano","Alto (> 8 mts)",160,"Grande",-68.8562064451,-32.8772126845,6,"0",0.0903973509933775
36182,"Fresno europeo","Alto (> 8 mts)",95,"Grande",-68.8562959426,-32.8771914659,6,"0",0.0420032310177706
36183,"Morera","Alto (> 8 mts)",110,"Grande",-68.8563935797,-32.8772290443,6,"0",0.185148665048544
36186,"Fresno europeo","Muy bajo (1 - 2 mts)",8,"Chico",-68.8564314335,-32.8773632634,6,"0",0.0420032310177706
36188,"Morera","Alto (> 8 mts)",140,"Grande",-68.8564777485,-32.8775491474,6,"0",0.185148665048544
36189,"Morera","Medio (4 - 8 mts)",130,"Grande",-68.8564993082,-32.8776313165,6,"0",0.185148665048544
36191,"Fresno europeo","Alto (> 8 mts)",90,"Grande",-68.8565619865,-32.8778597873,6,"0",0.0420032310177706
36198,"Fresno europeo","Alto (> 8 mts)",120,"Grande",-68.8562578724,-32.8781880153,6,"0",0.0420032310177706
36199,"Fresno europeo","Alto (> 8 mts)",95,"Grande",-68.856039934,-32.8782211273,6,"0",0.0420032310177706
36201,"Fresno europeo","Alto (> 8 mts)",105,"Grande",-68.8558793852,-32.8782501573,6,"1",0.0420032310177706
36203,"Morera","Alto (> 8 mts)",115,"Grande",-68.8556866368,-32.8773116328,6,"0",0.185148665048544
36205,"Pltano","Alto (> 8 mts)",240,"Grande",-68.8550663725,-32.8774157826,6,"0",0.0903973509933775
36206,"Pltano","Alto (> 8 mts)",200,"Grande",-68.8549447195,-32.8774457581,6,"0",0.0903973509933775
36208,"Morera","Alto (> 8 mts)",140,"Grande",-68.8546096296,-32.8775013643,6,"1",0.185148665048544
36209,"Morera","Alto (> 8 mts)",80,"Grande",-68.8545587724,-32.87756244,6,"1",0.185148665048544
36216,"Fresno europeo","Alto (> 8 mts)",125,"Grande",-68.8547202465,-32.8781447609,6,"1",0.0420032310177706
36218,"Fresno europeo","Medio (4 - 8 mts)",50,"Mediano",-68.8548738135,-32.878435656,6,"0",0.0420032310177706
36220,"Fresno europeo","Muy bajo (1 - 2 mts)",15,"Chico",-68.8550032066,-32.8784141789,6,"0",0.0420032310177706
36225,"Morera","Alto (> 8 mts)",105,"Grande",-68.854118569,-32.877596372,6,"0",0.185148665048544
36227,"Morera","Bajo (2 - 4 mts)",2,"Chico",-68.8543066897,-32.8775653927,6,"0",0.185148665048544
36228,"Fresno europeo","Alto (> 8 mts)",76,"Grande",-68.8544171013,-32.8776140323,6,"0",0.0420032310177706
36231,"Paraiso sombrilla","Medio (4 - 8 mts)",86,"Grande",-68.8544739656,-32.8777868098,6,"0",0.022887323943662
36233,"Fresno europeo","Alto (> 8 mts)",100,"Grande",-68.854513954,-32.8779170239,6,"0",0.0420032310177706
36234,"Fresno europeo","Medio (4 - 8 mts)",76,"Grande",-68.8545398602,-32.8780364445,6,"0",0.0420032310177706
36238,"Morera","Alto (> 8 mts)",122,"Grande",-68.8546144943,-32.8783160157,6,"0",0.185148665048544
36241,"Perenne","Medio (4 - 8 mts)",94,"Grande",-68.8545824528,-32.8784952694,6,"0",0.0364741641337386
36244,"Morera","Alto (> 8 mts)",158,"Grande",-68.8543830357,-32.8785331564,6,"0",0.185148665048544
36245,"Fresno europeo","Medio (4 - 8 mts)",85,"Grande",-68.8543120907,-32.8785463522,6,"1",0.0420032310177706
36252,"Morera","Alto (> 8 mts)",160,"Grande",-68.8536209401,-32.878671014,6,"0",0.185148665048544
36253,"Morera","Alto (> 8 mts)",165,"Grande",-68.8535000951,-32.8786885917,6,"0",0.185148665048544
36258,"Morera","Alto (> 8 mts)",146,"Grande",-68.8532342637,-32.8786027996,6,"1",0.185148665048544
36260,"Fresno europeo","Alto (> 8 mts)",121,"Grande",-68.8531723307,-32.8783536648,6,"0",0.0420032310177706
36261,"Perenne","Alto (> 8 mts)",81,"Grande",-68.8531521117,-32.8782877137,6,"0",0.0364741641337386
36263,"Fresno europeo","Alto (> 8 mts)",102,"Grande",-68.8530905686,-32.8780661233,6,"0",0.0420032310177706
36264,"Fresno europeo","Medio (4 - 8 mts)",64,"Grande",-68.8530676179,-32.8779868375,6,"0",0.0420032310177706
36265,"Pltano","Alto (> 8 mts)",195,"Grande",-68.8531404547,-32.8777931086,6,"0",0.0903973509933775
36266,"Morera","Alto (> 8 mts)",94,"Grande",-68.8532286421,-32.8777752684,6,"0",0.185148665048544
36267,"Pltano","Alto (> 8 mts)",260,"Grande",-68.8533147053,-32.8777605996,6,"0",0.0903973509933775
36268,"Prunas","Bajo (2 - 4 mts)",30,"Mediano",-68.8533946137,-32.877744461,6,"0",0.0321782178217822
36269,"Pltano","Alto (> 8 mts)",200,"Grande",-68.853456681,-32.8777322049,6,"0",0.0903973509933775
36271,"Jacarand","Bajo (2 - 4 mts)",16,"Chico",-68.8536004008,-32.8777062502,6,"1",0.103064066852368
36273,"Pltano","Alto (> 8 mts)",300,"Grande",-68.8538643759,-32.877648103,6,"0",0.0903973509933775
36280,"Morera","Medio (4 - 8 mts)",150,"Grande",-68.8539743056,-32.8774998126,6,"0",0.185148665048544
36285,"Morera","Medio (4 - 8 mts)",110,"Grande",-68.8543040638,-32.8774376197,6,"1",0.185148665048544
36289,"Morera","Medio (4 - 8 mts)",160,"Grande",-68.8543050083,-32.8771672777,6,"0",0.185148665048544
36293,"Fresno europeo","Medio (4 - 8 mts)",126,"Grande",-68.8542358844,-32.8768871465,6,"0",0.0420032310177706
36295,"Prunas","Bajo (2 - 4 mts)",16,"Chico",-68.8542068122,-32.8767608755,6,"0",0.0321782178217822
36297,"Fresno europeo","Bajo (2 - 4 mts)",60,"Mediano",-68.854174412,-32.8766356195,6,"0",0.0420032310177706
36298,"Morera","Medio (4 - 8 mts)",110,"Grande",-68.8541622984,-32.8765940373,6,"1",0.185148665048544
36301,"Fresno europeo","Medio (4 - 8 mts)",160,"Grande",-68.8539734753,-32.8765241287,6,"0",0.0420032310177706
36304,"Pltano","Medio (4 - 8 mts)",140,"Grande",-68.8535382493,-32.8766059048,6,"0",0.0903973509933775
36308,"Morera","Alto (> 8 mts)",170,"Grande",-68.8531832196,-32.87667414,6,"1",0.185148665048544
36309,"Paraiso sombrilla","Bajo (2 - 4 mts)",32,"Mediano",-68.8531304617,-32.8766841445,6,"0",0.022887323943662
36310,"Morera","Alto (> 8 mts)",170,"Grande",-68.8530300905,-32.8767052345,6,"0",0.185148665048544
36317,"Braquiquito","Bajo (2 - 4 mts)",26,"Mediano",-68.852869441,-32.8772477569,6,"0",0
36324,"Fresno europeo","Medio (4 - 8 mts)",100,"Grande",-68.8531101486,-32.8776622778,6,"0",0.0420032310177706
36328,"Morera","Alto (> 8 mts)",180,"Grande",-68.8534173533,-32.8776047495,6,"1",0.185148665048544
36332,"Fresno europeo","Alto (> 8 mts)",135,"Grande",-68.8527068348,-32.8788424493,6,"0",0.0420032310177706
36335,"Fresno europeo","Alto (> 8 mts)",115,"Grande",-68.8524667586,-32.8788865612,6,"0",0.0420032310177706
36337,"Morera","Alto (> 8 mts)",120,"Grande",-68.8523134967,-32.8789185537,6,"0",0.185148665048544
36340,"Morera","Alto (> 8 mts)",125,"Grande",-68.8520715792,-32.8789586808,6,"0",0.185148665048544
36344,"Fresno americano","Medio (4 - 8 mts)",97,"Grande",-68.8516672687,-32.8790367701,6,"0",0.0512455516014235
36346,"Morera","Medio (4 - 8 mts)",100,"Grande",-68.8515227253,-32.8790365679,6,"1",0.185148665048544
36347,"Morera","Medio (4 - 8 mts)",80,"Grande",-68.8515180668,-32.8789721274,6,"0",0.185148665048544
36349,"Morera","Medio (4 - 8 mts)",78,"Grande",-68.8514757521,-32.8788019268,6,"0",0.185148665048544
36350,"Pltano","Alto (> 8 mts)",101,"Grande",-68.8514577992,-32.8787420195,6,"0",0.0903973509933775
36353,"Morera","Alto (> 8 mts)",96,"Grande",-68.8513841385,-32.8784931927,6,"0",0.185148665048544
36354,"Morera","Alto (> 8 mts)",140,"Grande",-68.8513536421,-32.8784150103,6,"1",0.185148665048544
36360,"Pltano","Alto (> 8 mts)",180,"Grande",-68.851653461,-32.8780638122,6,"0",0.0903973509933775
36361,"Pltano","Alto (> 8 mts)",300,"Grande",-68.8518325133,-32.8780283507,6,"0",0.0903973509933775
36362,"Pltano","Alto (> 8 mts)",220,"Grande",-68.8520059812,-32.8779960861,6,"0",0.0903973509933775
36363,"Pltano","Alto (> 8 mts)",250,"Grande",-68.8520472412,-32.8779884705,6,"0",0.0903973509933775
36365,"Ailanthus","Muy bajo (1 - 2 mts)",4,"Chico",-68.8521976301,-32.8779546139,6,"0",0.0380952380952381
36376,"Fresno europeo","Alto (> 8 mts)",130,"Grande",-68.8529759606,-32.8781645438,6,"0",0.0420032310177706
36379,"Morera","Alto (> 8 mts)",160,"Grande",-68.8530206493,-32.8783455661,6,"0",0.185148665048544
36380,"Fresno europeo","Medio (4 - 8 mts)",140,"Grande",-68.8530635084,-32.8785346114,6,"1",0.0420032310177706
36384,"Fresno europeo","Alto (> 8 mts)",130,"Grande",-68.8518112735,-32.8800933898,6,"1",0.0420032310177706
36387,"Fresno europeo","Alto (> 8 mts)",111,"Grande",-68.8517484841,-32.8798925426,6,"0",0.0420032310177706
36391,"Fresno europeo","Alto (> 8 mts)",102,"Grande",-68.8516590919,-32.8795415878,6,"0",0.0420032310177706
36392,"Fresno europeo","Medio (4 - 8 mts)",65,"Grande",-68.8516266501,-32.8794255582,6,"1",0.0420032310177706
36394,"Morera","Alto (> 8 mts)",105,"Grande",-68.8515951572,-32.8792967518,6,"1",0.185148665048544
36396,"Fresno americano","Medio (4 - 8 mts)",100,"Grande",-68.8516165191,-32.8791822125,6,"0",0.0512455516014235
36399,"Morera","Alto (> 8 mts)",110,"Grande",-68.8518313016,-32.8791420632,6,"0",0.185148665048544
36404,"Jacarand","Muy bajo (1 - 2 mts)",12,"Chico",-68.8522269996,-32.8790594033,6,"0",0.103064066852368
36406,"Olmo bola","Medio (4 - 8 mts)",86,"Grande",-68.8523889432,-32.8790285763,6,"0",0.0231481481481481
36410,"Acer","Alto (> 8 mts)",115,"Grande",-68.8527598863,-32.8789684305,6,"0",0.0204081632653061
36412,"Morera","Alto (> 8 mts)",75,"Grande",-68.8529496829,-32.8789353705,6,"0",0.185148665048544
36413,"Pltano","Alto (> 8 mts)",240,"Grande",-68.8530086959,-32.8789192996,6,"0",0.0903973509933775
36414,"Morera","Alto (> 8 mts)",154,"Grande",-68.8530700511,-32.8789085513,6,"0",0.185148665048544
36416,"Morera","Alto (> 8 mts)",138,"Grande",-68.8531788353,-32.8789629177,6,"1",0.185148665048544
36418,"Fresno europeo","Bajo (2 - 4 mts)",36,"Mediano",-68.8532027519,-32.879043706,6,"0",0.0420032310177706
36419,"Fresno europeo","Medio (4 - 8 mts)",110,"Grande",-68.8532335582,-32.8791605862,6,"0",0.0420032310177706
36423,"Morera","Alto (> 8 mts)",130,"Grande",-68.853329342,-32.8795272369,6,"0",0.185148665048544
36431,"Morera","Alto (> 8 mts)",145,"Grande",-68.853156089,-32.8798709394,6,"0",0.185148665048544
36433,"Morera","Alto (> 8 mts)",123,"Grande",-68.8529786499,-32.8799014787,6,"0",0.185148665048544
36441,"Morera","Medio (4 - 8 mts)",102,"Grande",-68.8522771113,-32.8800290532,6,"0",0.185148665048544
36444,"Fresno europeo","Alto (> 8 mts)",110,"Grande",-68.8520527339,-32.8800750448,6,"0",0.0420032310177706
36445,"Ailanthus","Alto (> 8 mts)",150,"Grande",-68.8520009955,-32.8800857138,6,"0",0.0380952380952381
36449,"Acer","Medio (4 - 8 mts)",110,"Grande",-68.8534224248,-32.8793278915,6,"0",0.0204081632653061
36451,"Paraiso","Alto (> 8 mts)",101,"Grande",-68.8533622921,-32.8791152919,6,"0",0.0859023207481815
36453,"Fresno americano","Bajo (2 - 4 mts)",52,"Mediano",-68.8533147963,-32.878923804,6,"0",0.0512455516014235
36455,"Pltano","Alto (> 8 mts)",180,"Grande",-68.8534736743,-32.8788346351,6,"1",0.0903973509933775
36457,"Morera","Alto (> 8 mts)",147,"Grande",-68.8538649069,-32.878759815,6,"0",0.185148665048544
36458,"Fresno europeo","Alto (> 8 mts)",76,"Grande",-68.8539158923,-32.8787515789,6,"0",0.0420032310177706
36459,"Fresno europeo","Bajo (2 - 4 mts)",14,"Chico",-68.8540377034,-32.8787307378,6,"0",0.0420032310177706
36460,"Fresno europeo","Alto (> 8 mts)",100,"Grande",-68.8542174955,-32.8787018805,6,"1",0.0420032310177706
36466,"Morera","Alto (> 8 mts)",122,"Grande",-68.8547576638,-32.8788552486,6,"1",0.185148665048544
36471,"Paraiso","Medio (4 - 8 mts)",28,"Mediano",-68.8548629839,-32.8792766176,6,"0",0.0859023207481815
36472,"Morera","Alto (> 8 mts)",137,"Grande",-68.854879614,-32.8793188722,6,"0",0.185148665048544
36475,"Fresno europeo","Medio (4 - 8 mts)",86,"Grande",-68.8549257918,-32.8794878914,6,"0",0.0420032310177706
36478,"Fresno europeo","Medio (4 - 8 mts)",65,"Grande",-68.8546553809,-32.8795867637,6,"0",0.0420032310177706
36484,"Perenne","Alto (> 8 mts)",160,"Grande",-68.8541275386,-32.8796880405,6,"0",0.0364741641337386
36488,"Fresno europeo","Alto (> 8 mts)",117,"Grande",-68.8536083603,-32.8797835544,6,"0",0.0420032310177706
36490,"Morera","Alto (> 8 mts)",129,"Grande",-68.8550403864,-32.8793974041,6,"0",0.185148665048544
36493,"Fresno europeo","Medio (4 - 8 mts)",73,"Grande",-68.8549701153,-32.8790941508,6,"0",0.0420032310177706
36495,"Morera","Alto (> 8 mts)",126,"Grande",-68.8549248374,-32.8789585963,6,"0",0.185148665048544
36498,"Morera","Alto (> 8 mts)",180,"Grande",-68.8548703624,-32.8787475369,6,"0",0.185148665048544
36501,"Morera","Medio (4 - 8 mts)",106,"Grande",-68.8548805924,-32.8785682921,6,"0",0.185148665048544
36502,"Pltano","Alto (> 8 mts)",142,"Grande",-68.8549608344,-32.8785542628,6,"0",0.0903973509933775
36504,"Morera","Medio (4 - 8 mts)",84,"Grande",-68.8551584992,-32.8785233492,6,"0",0.185148665048544
36507,"Fresno europeo","Alto (> 8 mts)",116,"Grande",-68.8555652983,-32.8784426609,6,"0",0.0420032310177706
36509,"Perenne","Medio (4 - 8 mts)",60,"Mediano",-68.8557568957,-32.8784002382,6,"0",0.0364741641337386
36510,"Morera","Alto (> 8 mts)",185,"Grande",-68.8558378041,-32.8783902325,6,"1",0.185148665048544
36514,"Morera","Alto (> 8 mts)",152,"Grande",-68.8562371496,-32.8783155811,6,"0",0.185148665048544
36515,"Morera","Alto (> 8 mts)",130,"Grande",-68.8562894208,-32.878304911,6,"0",0.185148665048544
36519,"Morera","Alto (> 8 mts)",120,"Grande",-68.8566708502,-32.8782789769,6,"1",0.185148665048544
36520,"Morera","Alto (> 8 mts)",110,"Grande",-68.8566913746,-32.8783353986,6,"1",0.185148665048544
36523,"Morera","Alto (> 8 mts)",132,"Grande",-68.8567938968,-32.8785734729,6,"0",0.185148665048544
36525,"Fresno europeo","Alto (> 8 mts)",81,"Grande",-68.8568819962,-32.8787806611,7,"0",0.0420032310177706
36526,"Paraiso","Medio (4 - 8 mts)",46,"Mediano",-68.8569103701,-32.8788521735,7,"0",0.0859023207481815
36530,"Paraiso","Alto (> 8 mts)",90,"Grande",-68.8570183083,-32.8790847643,7,"1",0.0859023207481815
36531,"Morera","Alto (> 8 mts)",145,"Grande",-68.8569665901,-32.8791501276,7,"0",0.185148665048544
36540,"Morera","Alto (> 8 mts)",110,"Grande",-68.8563581175,-32.8792653006,6,"1",0.185148665048544
36542,"Paraiso","Alto (> 8 mts)",180,"Grande",-68.8562225792,-32.8792933119,6,"1",0.0859023207481815
36544,"Fresno europeo","Medio (4 - 8 mts)",57,"Mediano",-68.8559096574,-32.8793536845,6,"0",0.0420032310177706
36545,"Olmo comun","Alto (> 8 mts)",88,"Grande",-68.8557978512,-32.8793725814,6,"1",0.0227272727272727
36546,"Pltano","Alto (> 8 mts)",190,"Grande",-68.8556269074,-32.8794007217,6,"0",0.0903973509933775
36549,"Paraiso","Alto (> 8 mts)",132,"Grande",-68.8554292967,-32.8794406594,6,"0",0.0859023207481815
36550,"Pltano","Alto (> 8 mts)",38,"Mediano",-68.8553735226,-32.87945149,6,"0",0.0903973509933775
36555,"Fresno europeo","Medio (4 - 8 mts)",90,"Grande",-68.8575937656,-32.8835456958,5,"1",0.0420032310177706
36557,"Morera","Medio (4 - 8 mts)",110,"Grande",-68.8577646912,-32.883537529,5,"1",0.185148665048544
36562,"Paraiso sombrilla","Bajo (2 - 4 mts)",90,"Grande",-68.8581236185,-32.8835203897,5,"0",0.022887323943662
36564,"Morera","Bajo (2 - 4 mts)",60,"Mediano",-68.8583516159,-32.8835091768,5,"1",0.185148665048544
36565,"Morera","Medio (4 - 8 mts)",170,"Grande",-68.8586325385,-32.8834055736,5,"0",0.185148665048544
36566,"Fresno europeo","Medio (4 - 8 mts)",80,"Grande",-68.8586104868,-32.8832272841,7,"0",0.0420032310177706
36567,"Fresno europeo","Bajo (2 - 4 mts)",60,"Mediano",-68.858602566,-32.8831680339,7,"0",0.0420032310177706
36572,"Paraiso sombrilla","Medio (4 - 8 mts)",130,"Grande",-68.8581935136,-32.8829507137,7,"1",0.022887323943662
36576,"Fresno europeo","Medio (4 - 8 mts)",60,"Mediano",-68.8578925263,-32.8829798574,7,"0",0.0420032310177706
36583,"Fresno europeo","Bajo (2 - 4 mts)",40,"Mediano",-68.8573753361,-32.883032198,5,"0",0.0420032310177706
36585,"Morera","Bajo (2 - 4 mts)",50,"Mediano",-68.8572219541,-32.8831184954,5,"0",0.185148665048544
36588,"Morera","Muy bajo (1 - 2 mts)",6,"Chico",-68.857259361,-32.8832491032,5,"0",0.185148665048544
36591,"Paraiso sombrilla","Bajo (2 - 4 mts)",64,"Grande",-68.8573194982,-32.8834664797,5,"0",0.022887323943662
36593,"Fresno europeo","Medio (4 - 8 mts)",110,"Grande",-68.8573589286,-32.8835549131,5,"0",0.0420032310177706
36594,"Caducifolio","Muy bajo (1 - 2 mts)",30,"Mediano",-68.8568913436,-32.881837353,7,"0",0.0512249443207127
36596,"Pltano","Bajo (2 - 4 mts)",100,"Grande",-68.8569091909,-32.8819031068,7,"0",0.0903973509933775
36597,"Pltano","Medio (4 - 8 mts)",110,"Grande",-68.8569228655,-32.8819720118,7,"0",0.0903973509933775
36599,"Pltano","Medio (4 - 8 mts)",110,"Grande",-68.8569544499,-32.8820678979,7,"0",0.0903973509933775
36600,"Pltano","Medio (4 - 8 mts)",130,"Grande",-68.8569651634,-32.8821175033,7,"0",0.0903973509933775
36603,"Pltano","Medio (4 - 8 mts)",150,"Grande",-68.8570586355,-32.8824711639,7,"0",0.0903973509933775
36604,"Morera","Medio (4 - 8 mts)",140,"Grande",-68.8571202806,-32.8826998342,7,"1",0.185148665048544
36606,"Aguaribay","Bajo (2 - 4 mts)",64,"Grande",-68.8571406444,-32.8827765708,5,"0",0.106529209621993
36610,"Morera","Bajo (2 - 4 mts)",26,"Mediano",-68.8575535913,-32.8829120604,7,"0",0.185148665048544
36612,"Morera","Medio (4 - 8 mts)",110,"Grande",-68.8577203659,-32.8828953804,7,"1",0.185148665048544
36613,"Morera","Medio (4 - 8 mts)",110,"Grande",-68.8578705013,-32.8828822133,7,"1",0.185148665048544
36616,"Morera","Medio (4 - 8 mts)",130,"Grande",-68.8583188322,-32.8828413676,7,"0",0.185148665048544
36619,"Morera","Medio (4 - 8 mts)",130,"Grande",-68.8584933632,-32.8828237342,7,"0",0.185148665048544
36621,"Pltano","Alto (> 8 mts)",180,"Grande",-68.8584689613,-32.882510729,7,"0",0.0903973509933775
36622,"Pltano","Alto (> 8 mts)",150,"Grande",-68.8584448066,-32.8824456897,7,"0",0.0903973509933775
36623,"Morera","Medio (4 - 8 mts)",100,"Grande",-68.8584135377,-32.8823613523,7,"0",0.185148665048544
36626,"Pltano","Alto (> 8 mts)",150,"Grande",-68.8583001618,-32.8820792582,7,"0",0.0903973509933775
36629,"Pltano","Medio (4 - 8 mts)",120,"Grande",-68.858200508,-32.8818466888,7,"0",0.0903973509933775
36631,"Pltano","Alto (> 8 mts)",120,"Grande",-68.8581320484,-32.8816742977,7,"0",0.0903973509933775
36632,"Morera","Medio (4 - 8 mts)",100,"Grande",-68.8581111871,-32.8816350504,7,"0",0.185148665048544
36634,"Morera","Medio (4 - 8 mts)",100,"Grande",-68.8579818662,-32.8815981154,7,"0",0.185148665048544
36635,"Morera","Medio (4 - 8 mts)",100,"Grande",-68.857936601,-32.8816089889,7,"0",0.185148665048544
36636,"Morera","Medio (4 - 8 mts)",130,"Grande",-68.8577509562,-32.8816461576,7,"0",0.185148665048544
36639,"Morera","Medio (4 - 8 mts)",62,"Grande",-68.8573943571,-32.8817048728,7,"0",0.185148665048544
36641,"Morera","Medio (4 - 8 mts)",120,"Grande",-68.8571883526,-32.8817412438,7,"1",0.185148665048544
36643,"Pltano","Medio (4 - 8 mts)",130,"Grande",-68.857018935,-32.8817726672,7,"0",0.0903973509933775
36645,"Morera","Medio (4 - 8 mts)",120,"Grande",-68.8604680808,-32.883250019,7,"1",0.185148665048544
36648,"Morera","Medio (4 - 8 mts)",110,"Grande",-68.8604210679,-32.8830385755,7,"0",0.185148665048544
36651,"Morera","Medio (4 - 8 mts)",130,"Grande",-68.8603593033,-32.8826979714,7,"1",0.185148665048544
36652,"Liquidambar","Bajo (2 - 4 mts)",40,"Mediano",-68.8603440248,-32.8826278928,7,"0",0
36655,"Olmo bola","Medio (4 - 8 mts)",130,"Grande",-68.8602890914,-32.8823894446,7,"0",0.0231481481481481
36656,"Olmo bola","Medio (4 - 8 mts)",120,"Grande",-68.8602748732,-32.8823397166,7,"0",0.0231481481481481
36658,"Fresno europeo","Medio (4 - 8 mts)",100,"Grande",-68.8600142271,-32.8823120299,7,"0",0.0420032310177706
36665,"Fresno europeo","Medio (4 - 8 mts)",120,"Grande",-68.8594715055,-32.8824038899,7,"1",0.0420032310177706
36666,"Fresno europeo","Bajo (2 - 4 mts)",90,"Grande",-68.8592702173,-32.8824489655,7,"0",0.0420032310177706
36667,"Fresno americano","Medio (4 - 8 mts)",60,"Mediano",-68.8591136148,-32.8824787254,7,"0",0.0512455516014235
36668,"Paraiso sombrilla","Medio (4 - 8 mts)",140,"Grande",-68.8590231807,-32.882495936,7,"0",0.022887323943662
36669,"Paraiso sombrilla","Bajo (2 - 4 mts)",100,"Grande",-68.8589406551,-32.8825127948,7,"0",0.022887323943662
36670,"Tipa","Bajo (2 - 4 mts)",60,"Mediano",-68.858820401,-32.8825331275,7,"0",0.101123595505618
36674,"Morera","Medio (4 - 8 mts)",120,"Grande",-68.8586613938,-32.8826638738,7,"1",0.185148665048544
36677,"Fresno europeo","Medio (4 - 8 mts)",130,"Grande",-68.8587053254,-32.8829683899,7,"0",0.0420032310177706
36679,"Fresno europeo","Bajo (2 - 4 mts)",100,"Grande",-68.8587319692,-32.8831743116,7,"0",0.0420032310177706
36683,"Morera","Medio (4 - 8 mts)",130,"Grande",-68.8588683533,-32.8834957703,5,"0",0.185148665048544
36684,"Morera","Medio (4 - 8 mts)",150,"Grande",-68.8589155911,-32.8834935693,5,"1",0.185148665048544
36689,"Fresno europeo","Bajo (2 - 4 mts)",60,"Mediano",-68.8593628969,-32.8834761826,7,"0",0.0420032310177706
36695,"Fresno europeo","Bajo (2 - 4 mts)",84,"Grande",-68.860264025,-32.883437759,7,"0",0.0420032310177706
36696,"Fresno europeo","Medio (4 - 8 mts)",100,"Grande",-68.8603258577,-32.883434618,7,"0",0.0420032310177706
36697,"Paraiso sombrilla","Bajo (2 - 4 mts)",100,"Grande",-68.8588346943,-32.8824150219,7,"0",0.022887323943662
36699,"Fresno americano","Bajo (2 - 4 mts)",64,"Grande",-68.8589492076,-32.8823926043,7,"0",0.0512455516014235
36707,"Fresno europeo","Bajo (2 - 4 mts)",60,"Mediano",-68.8595505687,-32.882283279,7,"0",0.0420032310177706
36708,"Paraiso","Bajo (2 - 4 mts)",110,"Grande",-68.8596421758,-32.8822674219,7,"1",0.0859023207481815
36714,"Morera","Medio (4 - 8 mts)",110,"Grande",-68.8602066478,-32.8819152216,7,"1",0.185148665048544
36718,"Morera","Medio (4 - 8 mts)",120,"Grande",-68.8601182334,-32.8814635549,7,"0",0.185148665048544
36719,"Olmo bola","Medio (4 - 8 mts)",140,"Grande",-68.8600853425,-32.8813130255,7,"0",0.0231481481481481
36720,"Pltano","Alto (> 8 mts)",320,"Grande",-68.8598512129,-32.8812413493,7,"1",0.0903973509933775
36726,"Morera","Medio (4 - 8 mts)",110,"Grande",-68.8592883196,-32.8813448782,7,"0",0.185148665048544
36729,"Pltano","Medio (4 - 8 mts)",130,"Grande",-68.8589823807,-32.881402407,7,"0",0.0903973509933775
36731,"Morera","Medio (4 - 8 mts)",100,"Grande",-68.8587201647,-32.8814555166,7,"0",0.185148665048544
36735,"Morera","Medio (4 - 8 mts)",120,"Grande",-68.8584471127,-32.8814978254,7,"0",0.185148665048544
36742,"Morera","Medio (4 - 8 mts)",120,"Grande",-68.8584183211,-32.8820318728,7,"0",0.185148665048544
36743,"Morera","Medio (4 - 8 mts)",120,"Grande",-68.8584380098,-32.8820828407,7,"0",0.185148665048544
36745,"Morera","Medio (4 - 8 mts)",130,"Grande",-68.8585142445,-32.8822587571,7,"0",0.185148665048544
36747,"Aguaribay","Medio (4 - 8 mts)",90,"Grande",-68.8585589572,-32.8823657485,7,"1",0.106529209621993
36748,"Morera","Medio (4 - 8 mts)",110,"Grande",-68.8585790814,-32.8824117576,7,"1",0.185148665048544
36751,"Morera","Alto (> 8 mts)",104,"Grande",-68.8573810961,-32.880570132,7,"1",0.185148665048544
36752,"Morera","Alto (> 8 mts)",102,"Grande",-68.8572857486,-32.8805869751,7,"1",0.185148665048544
36759,"Fresno europeo","Alto (> 8 mts)",78,"Grande",-68.8566284688,-32.8808365334,7,"0",0.0420032310177706
36767,"Pltano","Alto (> 8 mts)",138,"Grande",-68.857159221,-32.8816144902,7,"0",0.0903973509933775
36768,"Fresno europeo","Alto (> 8 mts)",92,"Grande",-68.8572159363,-32.8816064397,7,"0",0.0420032310177706
36769,"Morera","Alto (> 8 mts)",168,"Grande",-68.8573600264,-32.8815820781,7,"1",0.185148665048544
36770,"Morera","Alto (> 8 mts)",96,"Grande",-68.8574500338,-32.8815639665,7,"1",0.185148665048544
36772,"Pltano","Alto (> 8 mts)",108,"Grande",-68.8576824205,-32.8815139726,7,"0",0.0903973509933775
36774,"Morera","Alto (> 8 mts)",72,"Grande",-68.8577798204,-32.8814952849,7,"0",0.185148665048544
36775,"Morera","Medio (4 - 8 mts)",88,"Grande",-68.857894085,-32.8814741222,7,"0",0.185148665048544
36780,"Liquidambar","Medio (4 - 8 mts)",16,"Chico",-68.8579120005,-32.8811754396,7,"0",0
36783,"Ligustro","Bajo (2 - 4 mts)",42,"Mediano",-68.8578110698,-32.8809320355,7,"0",0.0138888888888889
36784,"Fresno europeo","Medio (4 - 8 mts)",56,"Mediano",-68.8577945528,-32.8808988191,7,"0",0.0420032310177706
36786,"Fresno europeo","Alto (> 8 mts)",52,"Mediano",-68.8577398335,-32.8807688229,7,"1",0.0420032310177706
36789,"Morera","Alto (> 8 mts)",98,"Grande",-68.8576007745,-32.8805287394,7,"1",0.185148665048544
36790,"Morera","Alto (> 8 mts)",200,"Grande",-68.8599880563,-32.8809621608,7,"1",0.185148665048544
36792,"Morera","Alto (> 8 mts)",170,"Grande",-68.8599594565,-32.8808128769,7,"1",0.185148665048544
36795,"Morera","Alto (> 8 mts)",130,"Grande",-68.8598730253,-32.8803756816,7,"0",0.185148665048544
36797,"Morera","Alto (> 8 mts)",180,"Grande",-68.8599026608,-32.8805287556,7,"0",0.185148665048544
36803,"Morera","Alto (> 8 mts)",115,"Grande",-68.859018723,-32.8812616937,7,"1",0.185148665048544
36804,"Pltano","Alto (> 8 mts)",290,"Grande",-68.858933634,-32.8812784594,7,"0",0.0903973509933775
36806,"Pltano","Alto (> 8 mts)",122,"Grande",-68.8586563526,-32.881332458,7,"0",0.0903973509933775
36808,"Morera","Alto (> 8 mts)",126,"Grande",-68.8584135781,-32.8813768236,7,"0",0.185148665048544
36812,"Pltano","Alto (> 8 mts)",120,"Grande",-68.8580898031,-32.8812399042,7,"1",0.0903973509933775
36813,"Pltano","Alto (> 8 mts)",180,"Grande",-68.8580423042,-32.8811385,7,"0",0.0903973509933775
36815,"Paraiso","Alto (> 8 mts)",200,"Grande",-68.8579248708,-32.8808654242,7,"0",0.0859023207481815
36816,"Fresno americano","Medio (4 - 8 mts)",80,"Grande",-68.8578785335,-32.880772948,7,"0",0.0512455516014235
36822,"Pltano","Alto (> 8 mts)",190,"Grande",-68.8582190521,-32.8804263774,7,"1",0.0903973509933775
36823,"Pltano","Alto (> 8 mts)",120,"Grande",-68.8582864776,-32.8804040702,7,"1",0.0903973509933775
36824,"Pltano","Alto (> 8 mts)",180,"Grande",-68.8583732756,-32.880387314,7,"1",0.0903973509933775
36826,"Pltano","Alto (> 8 mts)",180,"Grande",-68.8585428908,-32.8803627356,7,"1",0.0903973509933775
36829,"Pltano","Alto (> 8 mts)",200,"Grande",-68.8587888664,-32.8803154844,7,"0",0.0903973509933775
36830,"Pltano","Alto (> 8 mts)",180,"Grande",-68.8588781428,-32.8802957226,7,"1",0.0903973509933775
36831,"Pltano","Alto (> 8 mts)",185,"Grande",-68.8589606526,-32.8802774302,7,"0",0.0903973509933775
36832,"Pltano","Alto (> 8 mts)",210,"Grande",-68.8590562428,-32.8802614544,7,"0",0.0903973509933775
36834,"Pltano","Alto (> 8 mts)",119,"Grande",-68.8592181551,-32.8802307421,7,"0",0.0903973509933775
36835,"Pltano","Alto (> 8 mts)",200,"Grande",-68.859298978,-32.8802080202,7,"0",0.0903973509933775
36843,"Morera","Medio (4 - 8 mts)",102,"Grande",-68.8578926316,-32.8791035692,7,"0",0.185148665048544
36845,"Fresno europeo","Medio (4 - 8 mts)",32,"Mediano",-68.8577418054,-32.8791329733,7,"0",0.0420032310177706
36849,"Fresno europeo","Medio (4 - 8 mts)",36,"Mediano",-68.8572786477,-32.8792166638,7,"0",0.0420032310177706
36850,"Fresno europeo","Medio (4 - 8 mts)",46,"Mediano",-68.8572373354,-32.8792568322,7,"0",0.0420032310177706
36853,"Fresno europeo","Medio (4 - 8 mts)",28,"Mediano",-68.8573722096,-32.8795798824,7,"0",0.0420032310177706
36854,"Pltano","Alto (> 8 mts)",128,"Grande",-68.8573915824,-32.8796272434,7,"0",0.0903973509933775
36855,"Pltano","Alto (> 8 mts)",98,"Grande",-68.8574186349,-32.8796834497,7,"0",0.0903973509933775
36856,"Morera","Alto (> 8 mts)",110,"Grande",-68.8574364006,-32.8797334238,7,"1",0.185148665048544
36859,"Fresno europeo","Alto (> 8 mts)",58,"Mediano",-68.857590356,-32.8800867023,7,"0",0.0420032310177706
36867,"Pltano","Alto (> 8 mts)",98,"Grande",-68.8584227261,-32.8801840977,7,"0",0.0903973509933775
36868,"Morera","Medio (4 - 8 mts)",82,"Grande",-68.8584777699,-32.8801715192,7,"1",0.185148665048544
36870,"Pltano","Alto (> 8 mts)",142,"Grande",-68.8585937117,-32.8801448141,7,"1",0.0903973509933775
36875,"Prunas","Medio (4 - 8 mts)",42,"Mediano",-68.8585229999,-32.8796401601,7,"0",0.0321782178217822
36876,"Morera","Alto (> 8 mts)",88,"Grande",-68.8585069744,-32.8795706215,7,"0",0.185148665048544
36879,"Morera","Alto (> 8 mts)",102,"Grande",-68.8584698012,-32.8794272102,7,"0",0.185148665048544
36881,"Ailanthus","Medio (4 - 8 mts)",34,"Mediano",-68.858434571,-32.8793300525,7,"0",0.0380952380952381
36883,"Fresno americano","Bajo (2 - 4 mts)",16,"Chico",-68.8583707961,-32.8790732376,7,"0",0.0512455516014235
36886,"Morera","Alto (> 8 mts)",115,"Grande",-68.8590767903,-32.8800742482,7,"0",0.185148665048544
36887,"Pltano","Alto (> 8 mts)",150,"Grande",-68.8591357605,-32.8800647936,7,"0",0.0903973509933775
36889,"Olmo bola","Alto (> 8 mts)",90,"Grande",-68.859258855,-32.8800368337,7,"0",0.0231481481481481
36894,"Morera","Alto (> 8 mts)",200,"Grande",-68.8595691378,-32.8799816931,7,"0",0.185148665048544
36895,"Morera","Alto (> 8 mts)",190,"Grande",-68.8596411994,-32.8799715299,7,"0",0.185148665048544
36896,"Morera","Alto (> 8 mts)",140,"Grande",-68.8597632155,-32.8798329124,7,"1",0.185148665048544
36897,"Morera","Alto (> 8 mts)",150,"Grande",-68.8597486645,-32.8797554009,7,"0",0.185148665048544
36900,"Morera","Medio (4 - 8 mts)",70,"Grande",-68.8596841086,-32.8795101302,7,"1",0.185148665048544
36901,"Morera","Alto (> 8 mts)",145,"Grande",-68.8596693026,-32.8794080599,7,"1",0.185148665048544
36907,"Morera","Alto (> 8 mts)",155,"Grande",-68.8595529359,-32.8788769924,7,"0",0.185148665048544
36909,"Morera","Alto (> 8 mts)",110,"Grande",-68.8590248251,-32.878892141,7,"0",0.185148665048544
36913,"Caducifolio","Medio (4 - 8 mts)",60,"Mediano",-68.8586918754,-32.878954763,7,"1",0.0512249443207127
36914,"Morera","Alto (> 8 mts)",120,"Grande",-68.8585879664,-32.8789700951,7,"1",0.185148665048544
36916,"Fresno europeo","Medio (4 - 8 mts)",75,"Grande",-68.8585232801,-32.8790910806,7,"0",0.0420032310177706
36917,"Morera","Alto (> 8 mts)",150,"Grande",-68.8585383259,-32.8791409099,7,"0",0.185148665048544
36921,"Fresno europeo","Medio (4 - 8 mts)",80,"Grande",-68.8586376341,-32.8795124522,7,"0",0.0420032310177706
36927,"Morera","Muy bajo (1 - 2 mts)",12,"Chico",-68.858746974,-32.8799143477,7,"0",0.185148665048544
36929,"Fresno europeo","Alto (> 8 mts)",115,"Grande",-68.8587794005,-32.8800554299,7,"0",0.0420032310177706
36934,"Morera","Alto (> 8 mts)",117,"Grande",-68.8575001894,-32.8790512231,7,"1",0.185148665048544
36936,"Fresno americano","Medio (4 - 8 mts)",93,"Grande",-68.8576577755,-32.8790231416,7,"0",0.0512455516014235
36937,"Perenne","Alto (> 8 mts)",59,"Mediano",-68.8577369082,-32.8790064448,7,"0",0.0364741641337386
36940,"Morera","Alto (> 8 mts)",200,"Grande",-68.8581954341,-32.8789214273,7,"0",0.185148665048544
36943,"Olmo comun","Medio (4 - 8 mts)",35,"Mediano",-68.8583003532,-32.8788025055,7,"0",0.0227272727272727
36945,"Fresno europeo","Medio (4 - 8 mts)",68,"Grande",-68.8582489283,-32.8786171492,7,"1",0.0420032310177706
36947,"Paraiso","Alto (> 8 mts)",115,"Grande",-68.8582032563,-32.8784428903,7,"0",0.0859023207481815
36948,"Pltano","Alto (> 8 mts)",108,"Grande",-68.8581902097,-32.8783879759,7,"0",0.0903973509933775
36951,"Paraiso","Alto (> 8 mts)",125,"Grande",-68.8581436928,-32.8782015296,7,"0",0.0859023207481815
36952,"Jacarand","Alto (> 8 mts)",65,"Grande",-68.8581302927,-32.8781612989,7,"0",0.103064066852368
36953,"Acacia SP","Medio (4 - 8 mts)",60,"Mediano",-68.8581178831,-32.8781030354,7,"0",0.150492264416315
36954,"lamo criollo","Alto (> 8 mts)",75,"Grande",-68.8581045001,-32.8780520745,7,"0",0.0128205128205128
36956,"Morera","Alto (> 8 mts)",75,"Grande",-68.8580248004,-32.877976525,7,"0",0.185148665048544
36959,"Morera","Alto (> 8 mts)",180,"Grande",-68.8577703108,-32.8780185595,7,"0",0.185148665048544
36960,"Fresno europeo","Alto (> 8 mts)",94,"Grande",-68.8577261573,-32.8780290258,7,"1",0.0420032310177706
36962,"Morera","Alto (> 8 mts)",120,"Grande",-68.8575983169,-32.8780485237,7,"1",0.185148665048544
36964,"Paraiso","Alto (> 8 mts)",185,"Grande",-68.8573868794,-32.878093097,7,"0",0.0859023207481815
36965,"Paraiso","Alto (> 8 mts)",200,"Grande",-68.8573064649,-32.8781066172,7,"0",0.0859023207481815
36966,"Fresno europeo","Alto (> 8 mts)",88,"Grande",-68.8572255836,-32.8781219475,7,"0",0.0420032310177706
36968,"Paraiso","Alto (> 8 mts)",117,"Grande",-68.8571058676,-32.8781433612,7,"0",0.0859023207481815
36979,"Pltano","Alto (> 8 mts)",175,"Grande",-68.8570116001,-32.8787537,7,"0",0.0903973509933775
36982,"Pltano","Alto (> 8 mts)",180,"Grande",-68.857152896,-32.8790694541,7,"0",0.0903973509933775
36990,"Morera","Medio (4 - 8 mts)",42,"Mediano",-68.8573670833,-32.8779766658,7,"0",0.185148665048544
36991,"Fresno americano","Bajo (2 - 4 mts)",42,"Mediano",-68.8574359253,-32.8779609646,7,"0",0.0512455516014235
36993,"Morera","Alto (> 8 mts)",72,"Grande",-68.8575715677,-32.8779365029,7,"1",0.185148665048544
36997,"Morera","Alto (> 8 mts)",92,"Grande",-68.8579883029,-32.8776093013,7,"0",0.185148665048544
36999,"Morera","Alto (> 8 mts)",72,"Grande",-68.8579502982,-32.8774629439,7,"0",0.185148665048544
37002,"Morera","Alto (> 8 mts)",88,"Grande",-68.8578850592,-32.8772192917,7,"0",0.185148665048544
37004,"Morera","Alto (> 8 mts)",68,"Grande",-68.8578356882,-32.8770088714,7,"0",0.185148665048544
37013,"Pltano","Medio (4 - 8 mts)",52,"Mediano",-68.8567774743,-32.8770906191,6,"0",0.0903973509933775
37018,"Pltano","Alto (> 8 mts)",96,"Grande",-68.8565790201,-32.8774301995,6,"0",0.0903973509933775
37019,"Fresno europeo","Alto (> 8 mts)",58,"Mediano",-68.8565975159,-32.8774953635,6,"0",0.0420032310177706
37020,"Fresno europeo","Alto (> 8 mts)",44,"Mediano",-68.8566382931,-32.8776545592,6,"0",0.0420032310177706
37022,"Morera","Medio (4 - 8 mts)",88,"Grande",-68.856683756,-32.877823769,6,"0",0.185148665048544
37023,"Pltano","Alto (> 8 mts)",168,"Grande",-68.8567023567,-32.8778856465,6,"0",0.0903973509933775
37024,"Pltano","Alto (> 8 mts)",162,"Grande",-68.8567205219,-32.8779524828,6,"0",0.0903973509933775
37026,"Pltano","Alto (> 8 mts)",144,"Grande",-68.8577660163,-32.8767531612,7,"0",0.0903973509933775
37027,"Morera","Alto (> 8 mts)",120,"Grande",-68.8577405348,-32.8766504293,7,"1",0.185148665048544
37028,"Morera","Medio (4 - 8 mts)",124,"Grande",-68.8577127109,-32.8765423747,7,"1",0.185148665048544
37030,"Morera","Medio (4 - 8 mts)",112,"Grande",-68.8576623722,-32.8763475516,6,"1",0.185148665048544
37031,"Morera","Medio (4 - 8 mts)",160,"Grande",-68.8576427189,-32.8762754839,6,"0",0.185148665048544
37032,"Morera","Alto (> 8 mts)",88,"Grande",-68.8576327426,-32.8762328224,6,"1",0.185148665048544
37038,"Pltano","Alto (> 8 mts)",130,"Grande",-68.8574864095,-32.8758613383,6,"0",0.0903973509933775
37040,"Pltano","Alto (> 8 mts)",114,"Grande",-68.8573165647,-32.8758930646,6,"0",0.0903973509933775
37045,"Pltano","Alto (> 8 mts)",170,"Grande",-68.8569263209,-32.8759613108,6,"0",0.0903973509933775
37048,"Morera","Medio (4 - 8 mts)",130,"Grande",-68.8567018536,-32.8760066065,6,"0",0.185148665048544
37049,"Pltano","Alto (> 8 mts)",180,"Grande",-68.8565102008,-32.8760424212,6,"0",0.0903973509933775
37050,"Pltano","Alto (> 8 mts)",160,"Grande",-68.8563250802,-32.8760721783,6,"0",0.0903973509933775
37051,"Morera","Medio (4 - 8 mts)",120,"Grande",-68.8562604175,-32.8760813013,6,"1",0.185148665048544
37054,"Fresno europeo","Bajo (2 - 4 mts)",68,"Grande",-68.8562712295,-32.8762678742,6,"0",0.0420032310177706
37056,"Fresno europeo","Bajo (2 - 4 mts)",60,"Mediano",-68.8563019001,-32.8763985648,6,"1",0.0420032310177706
37059,"Morera","Muy bajo (1 - 2 mts)",12,"Chico",-68.8563565067,-32.8765955574,6,"0",0.185148665048544
37060,"Fresno europeo","Medio (4 - 8 mts)",130,"Grande",-68.8563834681,-32.8767073082,6,"0",0.0420032310177706
37063,"Morera","Medio (4 - 8 mts)",130,"Grande",-68.8567306697,-32.8769816671,6,"1",0.185148665048544
37064,"Acacia SP","Alto (> 8 mts)",104,"Grande",-68.8568218021,-32.8769688691,6,"1",0.150492264416315
37066,"Morera","Medio (4 - 8 mts)",110,"Grande",-68.8568881784,-32.8769576748,6,"0",0.185148665048544
37068,"Morera","Medio (4 - 8 mts)",88,"Grande",-68.8569914354,-32.8769371252,6,"1",0.185148665048544
37073,"Fresno europeo","Alto (> 8 mts)",130,"Grande",-68.8585916392,-32.8756473583,7,"0",0.0420032310177706
37075,"Pltano","Alto (> 8 mts)",180,"Grande",-68.8582781297,-32.8757113845,7,"0",0.0903973509933775
37076,"Pltano","Alto (> 8 mts)",130,"Grande",-68.8581964658,-32.8757277929,7,"0",0.0903973509933775
37082,"Morera","Bajo (2 - 4 mts)",60,"Mediano",-68.8577494081,-32.8761526557,6,"0",0.185148665048544
37083,"Pltano","Alto (> 8 mts)",150,"Grande",-68.8577663028,-32.8762278248,6,"0",0.0903973509933775
37084,"Pltano","Medio (4 - 8 mts)",120,"Grande",-68.8577874311,-32.8762996841,6,"0",0.0903973509933775
37086,"Fresno europeo","Medio (4 - 8 mts)",130,"Grande",-68.8578240394,-32.8764494267,7,"0",0.0420032310177706
37088,"Pltano","Medio (4 - 8 mts)",180,"Grande",-68.8578662686,-32.8765843293,7,"0",0.0903973509933775
37092,"Pltano","Alto (> 8 mts)",180,"Grande",-68.8578974955,-32.8767249072,7,"0",0.0903973509933775
37095,"Morera","Alto (> 8 mts)",90,"Grande",-68.8582531018,-32.8766910969,7,"1",0.185148665048544
37096,"Morera","Alto (> 8 mts)",150,"Grande",-68.8583357488,-32.8766819535,7,"1",0.185148665048544
37097,"Fresno europeo","Medio (4 - 8 mts)",38,"Mediano",-68.85842573,-32.8766636302,7,"0",0.0420032310177706
37098,"Fresno europeo","Alto (> 8 mts)",92,"Grande",-68.8585550096,-32.8766354732,7,"0",0.0420032310177706
37101,"Morera","Alto (> 8 mts)",160,"Grande",-68.85900284,-32.8765653104,7,"1",0.185148665048544
37102,"Olmo comun","Alto (> 8 mts)",120,"Grande",-68.8590890797,-32.8764404184,7,"0",0.0227272727272727
37103,"Eucalyptus","Medio (4 - 8 mts)",40,"Mediano",-68.8589952592,-32.8761707062,7,"0",0.0909090909090909
37105,"Pltano","Medio (4 - 8 mts)",45,"Mediano",-68.8589824636,-32.8761123964,7,"0",0.0903973509933775
37107,"Morera","Medio (4 - 8 mts)",56,"Mediano",-68.8589211661,-32.8757248252,7,"0",0.185148665048544
37120,"Fresno americano","Alto (> 8 mts)",125,"Grande",-68.8591847433,-32.877639959,7,"0",0.0512455516014235
37124,"Morera","Alto (> 8 mts)",120,"Grande",-68.8589201873,-32.8776831649,7,"1",0.185148665048544
37125,"Morera","Alto (> 8 mts)",160,"Grande",-68.8587829505,-32.8777115513,7,"0",0.185148665048544
37127,"Morera","Alto (> 8 mts)",100,"Grande",-68.8584578084,-32.8777616787,7,"0",0.185148665048544
37130,"Fresno europeo","Alto (> 8 mts)",90,"Grande",-68.8582532927,-32.8778018889,7,"0",0.0420032310177706
37132,"Morera","Alto (> 8 mts)",130,"Grande",-68.8581404435,-32.8776250733,7,"0",0.185148665048544
37138,"Fresno europeo","Medio (4 - 8 mts)",75,"Grande",-68.8580023585,-32.8770868399,7,"0",0.0420032310177706
37141,"Pltano","Alto (> 8 mts)",58,"Mediano",-68.8580802239,-32.8768638123,7,"0",0.0903973509933775
37143,"Pltano","Alto (> 8 mts)",170,"Grande",-68.858271745,-32.8768268463,7,"0",0.0903973509933775
37144,"Pltano","Alto (> 8 mts)",170,"Grande",-68.8583251612,-32.8768164734,7,"0",0.0903973509933775
37146,"Pltano","Alto (> 8 mts)",150,"Grande",-68.8584176602,-32.8768014197,7,"0",0.0903973509933775
37154,"Fresno europeo","Alto (> 8 mts)",126,"Grande",-68.8585724488,-32.878849972,7,"0",0.0420032310177706
37161,"Morera","Alto (> 8 mts)",200,"Grande",-68.8592007151,-32.8787378051,7,"1",0.185148665048544
37167,"Morera","Alto (> 8 mts)",67,"Grande",-68.8594538004,-32.8782545611,7,"0",0.185148665048544
37168,"Morera","Alto (> 8 mts)",120,"Grande",-68.8594394446,-32.8781674666,7,"0",0.185148665048544
37169,"Morera","Alto (> 8 mts)",175,"Grande",-68.8593944875,-32.8779986326,7,"0",0.185148665048544
37172,"Acer","Medio (4 - 8 mts)",40,"Mediano",-68.8593462557,-32.8777646538,7,"0",0.0204081632653061
37174,"Morera","Alto (> 8 mts)",195,"Grande",-68.8591475765,-32.8777632598,7,"1",0.185148665048544
37176,"Fresno europeo","Alto (> 8 mts)",92,"Grande",-68.8588366345,-32.8778203562,7,"1",0.0420032310177706
37177,"Morera","Alto (> 8 mts)",122,"Grande",-68.858761065,-32.8778334356,7,"1",0.185148665048544
37178,"Olmo comun","Medio (4 - 8 mts)",53,"Mediano",-68.8586596259,-32.8778527074,7,"0",0.0227272727272727
37180,"Olmo comun","Alto (> 8 mts)",125,"Grande",-68.8584809059,-32.8778860484,7,"1",0.0227272727272727
37182,"Morera","Alto (> 8 mts)",87,"Grande",-68.858297565,-32.8779255541,7,"0",0.185148665048544
37187,"Morera","Alto (> 8 mts)",108,"Grande",-68.8582821028,-32.8781839231,7,"1",0.185148665048544
37190,"Fresno europeo","Medio (4 - 8 mts)",18,"Chico",-68.8583795075,-32.8785516539,7,"0",0.0420032310177706
37194,"Morera","Alto (> 8 mts)",215,"Grande",-68.8582647789,-32.8724532827,6,"0",0.185148665048544
37201,"Morera","Alto (> 8 mts)",114,"Grande",-68.8576262618,-32.8725633,6,"0",0.185148665048544
37206,"Morera","Medio (4 - 8 mts)",92,"Grande",-68.8576099264,-32.8729255633,6,"0",0.185148665048544
37209,"Prunas","Medio (4 - 8 mts)",95,"Grande",-68.8579864674,-32.8729297784,6,"1",0.0321782178217822
37210,"Prunas","Medio (4 - 8 mts)",50,"Mediano",-68.8581079968,-32.872915821,6,"1",0.0321782178217822
37213,"Morera","Bajo (2 - 4 mts)",30,"Mediano",-68.8585035238,-32.8727293767,6,"0",0.185148665048544
37215,"Pltano","Alto (> 8 mts)",130,"Grande",-68.8584524631,-32.8724929154,6,"0",0.0903973509933775
37216,"Paraiso","Alto (> 8 mts)",120,"Grande",-68.8571338896,-32.8736643195,6,"0",0.0859023207481815
37221,"Morera","Bajo (2 - 4 mts)",16,"Chico",-68.85744658,-32.8736146575,6,"0",0.185148665048544
37224,"Fresno europeo","Muy bajo (1 - 2 mts)",2,"Chico",-68.8575981561,-32.8735374395,6,"0",0.0420032310177706
37227,"Olmo comun","Alto (> 8 mts)",180,"Grande",-68.8575633526,-32.8733846529,6,"0",0.0227272727272727
37229,"Acacia SP","Medio (4 - 8 mts)",80,"Grande",-68.8575235799,-32.8731988586,6,"0",0.150492264416315
37233,"Paraiso","Alto (> 8 mts)",180,"Grande",-68.857453828,-32.8727839096,6,"1",0.0859023207481815
37236,"Paraiso","Alto (> 8 mts)",135,"Grande",-68.8573841978,-32.8726123785,6,"0",0.0859023207481815
37237,"Olmo bola","Alto (> 8 mts)",120,"Grande",-68.8573472202,-32.8726166645,6,"0",0.0231481481481481
37246,"Acer","Alto (> 8 mts)",160,"Grande",-68.8569256066,-32.8728163158,6,"0",0.0204081632653061
37254,"Paraiso","Alto (> 8 mts)",190,"Grande",-68.8570052146,-32.8733462351,6,"0",0.0859023207481815
37257,"Paraiso","Alto (> 8 mts)",138,"Grande",-68.8570489177,-32.87354583,6,"0",0.0859023207481815
37260,"Pltano","Bajo (2 - 4 mts)",7,"Chico",-68.8585103425,-32.8730782499,6,"0",0.0903973509933775
37266,"Fresno europeo","Medio (4 - 8 mts)",55,"Mediano",-68.8582032129,-32.8729762298,6,"0",0.0420032310177706
37268,"Fresno europeo","Bajo (2 - 4 mts)",25,"Mediano",-68.858062666,-32.8729887455,6,"0",0.0420032310177706
37269,"Fresno europeo","Bajo (2 - 4 mts)",30,"Mediano",-68.8580202361,-32.8729947387,6,"0",0.0420032310177706
37272,"Morera","Alto (> 8 mts)",104,"Grande",-68.8576376693,-32.8730834815,6,"0",0.185148665048544
37273,"Morera","Alto (> 8 mts)",120,"Grande",-68.8576463336,-32.873144536,6,"0",0.185148665048544
37280,"Fresno europeo","Medio (4 - 8 mts)",45,"Mediano",-68.8578389862,-32.8735479928,6,"0",0.0420032310177706
37282,"Paraiso","Alto (> 8 mts)",95,"Grande",-68.8580209052,-32.8735134842,6,"0",0.0859023207481815
37283,"Paraiso","Alto (> 8 mts)",120,"Grande",-68.8580874834,-32.8735079692,6,"0",0.0859023207481815
37288,"lamo criollo","Alto (> 8 mts)",155,"Grande",-68.8585649844,-32.8734136148,6,"0",0.0128205128205128
37289,"Morera","Alto (> 8 mts)",215,"Grande",-68.8585213951,-32.8735869983,6,"0",0.185148665048544
37291,"Acer","Medio (4 - 8 mts)",60,"Mediano",-68.8589035168,-32.8753625498,7,"0",0.0204081632653061
37292,"Acer","Medio (4 - 8 mts)",65,"Grande",-68.8588887181,-32.8752939422,7,"0",0.0204081632653061
37294,"Acer","Medio (4 - 8 mts)",32,"Mediano",-68.8588672178,-32.8751259801,7,"0",0.0204081632653061
37295,"Morera","Muy bajo (1 - 2 mts)",4,"Chico",-68.8588264198,-32.8747293484,7,"0",0.185148665048544
37297,"Pltano","Alto (> 8 mts)",160,"Grande",-68.8576852665,-32.8756906162,6,"0",0.0903973509933775
37298,"Pltano","Alto (> 8 mts)",198,"Grande",-68.8577637779,-32.875679061,6,"0",0.0903973509933775
37299,"Acacia SP","Alto (> 8 mts)",135,"Grande",-68.857841412,-32.8756635022,6,"0",0.150492264416315
37301,"Pltano","Alto (> 8 mts)",220,"Grande",-68.8580153522,-32.8756296401,6,"0",0.0903973509933775
37303,"Pltano","Alto (> 8 mts)",160,"Grande",-68.8581793946,-32.8755962101,7,"1",0.0903973509933775
37307,"Morera","Bajo (2 - 4 mts)",26,"Mediano",-68.8584389134,-32.8755479695,7,"0",0.185148665048544
37308,"Pltano","Alto (> 8 mts)",196,"Grande",-68.8585085802,-32.8755330198,7,"0",0.0903973509933775
37311,"Morera","Alto (> 8 mts)",160,"Grande",-68.8586253219,-32.8745555352,7,"0",0.185148665048544
37312,"Morera","Alto (> 8 mts)",190,"Grande",-68.8585203239,-32.8745742538,6,"0",0.185148665048544
37315,"Morera","Alto (> 8 mts)",145,"Grande",-68.8583715783,-32.8746005132,6,"0",0.185148665048544
37319,"Morera","Medio (4 - 8 mts)",40,"Mediano",-68.858069523,-32.8746537315,6,"0",0.185148665048544
37321,"Morera","Alto (> 8 mts)",150,"Grande",-68.8579397594,-32.8746802743,6,"0",0.185148665048544
37323,"Morera","Alto (> 8 mts)",120,"Grande",-68.8578404619,-32.8746988266,6,"0",0.185148665048544
37328,"Morera","Alto (> 8 mts)",140,"Grande",-68.8574467981,-32.8747730388,6,"0",0.185148665048544
37329,"Olmo bola","Alto (> 8 mts)",90,"Grande",-68.8573985245,-32.8748243804,6,"0",0.0231481481481481
37336,"Acacia SP","Medio (4 - 8 mts)",90,"Grande",-68.8574920756,-32.8751723785,6,"0",0.150492264416315
37338,"Olmo bola","Alto (> 8 mts)",51,"Mediano",-68.8575858944,-32.8755259313,6,"0",0.0231481481481481
37341,"Paraiso","Muy bajo (1 - 2 mts)",10,"Chico",-68.8575739057,-32.871796601,6,"0",0.0859023207481815
37346,"Paraiso","Alto (> 8 mts)",160,"Grande",-68.8580354885,-32.8716877889,6,"0",0.0859023207481815
37357,"Morera","Alto (> 8 mts)",50,"Mediano",-68.8574340573,-32.8719178999,6,"0",0.185148665048544
37359,"Jacarand","Alto (> 8 mts)",60,"Mediano",-68.8574565523,-32.8720163004,6,"0",0.103064066852368
37362,"Morera","Alto (> 8 mts)",75,"Grande",-68.8575091734,-32.8723188788,6,"0",0.185148665048544
37364,"Paraiso","Medio (4 - 8 mts)",45,"Mediano",-68.8575300642,-32.8724182693,6,"0",0.0859023207481815
37365,"Paraiso","Alto (> 8 mts)",100,"Grande",-68.8575746664,-32.8724569126,6,"0",0.0859023207481815
37366,"Paraiso","Bajo (2 - 4 mts)",20,"Chico",-68.8576829473,-32.8724318786,6,"0",0.0859023207481815
37367,"Paraiso","Medio (4 - 8 mts)",50,"Mediano",-68.8577666245,-32.8724242192,6,"0",0.0859023207481815
37368,"Paraiso","Alto (> 8 mts)",120,"Grande",-68.8578353721,-32.8724059974,6,"0",0.0859023207481815
37372,"Paraiso","Alto (> 8 mts)",130,"Grande",-68.8581530019,-32.8723562193,6,"0",0.0859023207481815
37379,"Morera","Muy bajo (1 - 2 mts)",15,"Chico",-68.8573730706,-32.8723692186,6,"0",0.185148665048544
37382,"Paraiso","Bajo (2 - 4 mts)",40,"Mediano",-68.8573432192,-32.8721938952,6,"0",0.0859023207481815
37385,"Paraiso","Bajo (2 - 4 mts)",60,"Mediano",-68.8572995856,-32.8719509289,6,"0",0.0859023207481815
37388,"Paraiso","Alto (> 8 mts)",100,"Grande",-68.8570322022,-32.8718437728,6,"0",0.0859023207481815
37397,"Acer","Medio (4 - 8 mts)",50,"Mediano",-68.8568544328,-32.8724230885,6,"0",0.0204081632653061
37398,"Conifera","Bajo (2 - 4 mts)",35,"Mediano",-68.8568705512,-32.8724996608,6,"0",0.021505376344086
37402,"Acer","Bajo (2 - 4 mts)",40,"Mediano",-68.857053233,-32.872538014,6,"0",0.0204081632653061
37404,"Acer","Muy bajo (1 - 2 mts)",20,"Chico",-68.8571202448,-32.8725282621,6,"0",0.0204081632653061
37406,"Paraiso","Alto (> 8 mts)",150,"Grande",-68.856768382,-32.871779669,6,"0",0.0859023207481815
37413,"Paraiso","Medio (4 - 8 mts)",50,"Mediano",-68.8572379327,-32.871617412,6,"0",0.0859023207481815
37415,"Acacia SP","Medio (4 - 8 mts)",120,"Grande",-68.8572121419,-32.8714908802,6,"0",0.150492264416315
37416,"Acer","Bajo (2 - 4 mts)",40,"Mediano",-68.8571781791,-32.8712991358,6,"0",0.0204081632653061
37418,"Olmo bola","Alto (> 8 mts)",165,"Grande",-68.8571357625,-32.8710973783,6,"0",0.0231481481481481
37422,"Morera","Alto (> 8 mts)",70,"Grande",-68.8570717809,-32.8707508742,6,"0",0.185148665048544
37425,"Morera","Alto (> 8 mts)",97,"Grande",-68.856865246,-32.8706808469,6,"0",0.185148665048544
37426,"Morera","Alto (> 8 mts)",140,"Grande",-68.8567994402,-32.8706723858,6,"0",0.185148665048544
37427,"Morera","Alto (> 8 mts)",110,"Grande",-68.8566607709,-32.8706589721,6,"0",0.185148665048544
37435,"Fresno americano","Medio (4 - 8 mts)",45,"Mediano",-68.8566107321,-32.8712139961,6,"0",0.0512455516014235
37436,"Morera","Medio (4 - 8 mts)",90,"Grande",-68.8566519503,-32.8714260335,6,"0",0.185148665048544
37440,"Fresno europeo","Bajo (2 - 4 mts)",20,"Chico",-68.8567140702,-32.8717334923,6,"0",0.0420032310177706
37442,"lamo blanco","Alto (> 8 mts)",133,"Grande",-68.8579555657,-32.8711794491,6,"0",0.046875
37443,"lamo blanco","Alto (> 8 mts)",208,"Grande",-68.8579153487,-32.8711872283,6,"0",0.046875
37444,"lamo blanco","Alto (> 8 mts)",197,"Grande",-68.8578719177,-32.8711910013,6,"0",0.046875
37448,"Pltano","Muy bajo (1 - 2 mts)",70,"Grande",-68.8582218571,-32.8711208859,6,"1",0.0903973509933775
37451,"Pltano","Medio (4 - 8 mts)",70,"Grande",-68.8582566915,-32.8713323303,6,"1",0.0903973509933775
37455,"Braquiquito","Muy bajo (1 - 2 mts)",10,"Chico",-68.8583366937,-32.8712725006,6,"0",0
37457,"Fresno europeo","Bajo (2 - 4 mts)",35,"Mediano",-68.8579671383,-32.8707782235,6,"0",0.0420032310177706
37465,"Morera","Alto (> 8 mts)",120,"Grande",-68.8572612283,-32.8707091708,6,"0",0.185148665048544
37467,"Morera","Bajo (2 - 4 mts)",35,"Mediano",-68.857212215,-32.8707966603,6,"0",0.185148665048544
37468,"Fresno europeo","Medio (4 - 8 mts)",60,"Mediano",-68.8572232505,-32.8708446431,6,"0",0.0420032310177706
37469,"Paraiso","Alto (> 8 mts)",90,"Grande",-68.8572324634,-32.8708984523,6,"1",0.0859023207481815
37470,"Morera","Alto (> 8 mts)",70,"Grande",-68.8572457626,-32.8709580596,6,"0",0.185148665048544
37471,"Morera","Alto (> 8 mts)",74,"Grande",-68.8572555999,-32.8709942711,6,"0",0.185148665048544
37472,"Paraiso","Alto (> 8 mts)",130,"Grande",-68.857267288,-32.8710671333,6,"0",0.0859023207481815
37474,"Paraiso","Medio (4 - 8 mts)",70,"Grande",-68.8573258007,-32.8713796967,6,"0",0.0859023207481815
37477,"lamo blanco","Alto (> 8 mts)",80,"Grande",-68.8573485638,-32.871525385,6,"0",0.046875
37479,"Paraiso","Medio (4 - 8 mts)",70,"Grande",-68.8565726195,-32.8705245411,6,"0",0.0859023207481815
37480,"Paraiso","Medio (4 - 8 mts)",80,"Grande",-68.856632763,-32.8705311239,6,"0",0.0859023207481815
37488,"Morera","Alto (> 8 mts)",200,"Grande",-68.8569619853,-32.8699696044,6,"0",0.185148665048544
37491,"Morera","Alto (> 8 mts)",220,"Grande",-68.8569169251,-32.8696974863,6,"1",0.185148665048544
37492,"Morera","Alto (> 8 mts)",190,"Grande",-68.8568998973,-32.8695965988,6,"1",0.185148665048544
37493,"Morera","Alto (> 8 mts)",70,"Grande",-68.8568935419,-32.8695620566,6,"0",0.185148665048544
37494,"Morera","Medio (4 - 8 mts)",150,"Grande",-68.8568862406,-32.8695176849,6,"1",0.185148665048544
37495,"Morera","Medio (4 - 8 mts)",160,"Grande",-68.8568778671,-32.8694756563,6,"1",0.185148665048544
37497,"Fresno europeo","Muy bajo (1 - 2 mts)",12,"Chico",-68.8568459011,-32.8692876164,6,"0",0.0420032310177706
37498,"Morera","Alto (> 8 mts)",190,"Grande",-68.8567958109,-32.8692317288,6,"1",0.185148665048544
37500,"Morera","Alto (> 8 mts)",160,"Grande",-68.8566243643,-32.869222749,6,"0",0.185148665048544
37502,"Morera","Alto (> 8 mts)",240,"Grande",-68.8563218634,-32.8692051679,6,"0",0.185148665048544
37503,"Paraiso","Alto (> 8 mts)",210,"Grande",-68.8562529656,-32.8692436551,6,"0",0.0859023207481815
37508,"Paraiso","Alto (> 8 mts)",110,"Grande",-68.8563043464,-32.8695167473,6,"1",0.0859023207481815
37509,"Morera","Alto (> 8 mts)",240,"Grande",-68.8563062117,-32.8695527271,6,"1",0.185148665048544
37511,"Paraiso","Alto (> 8 mts)",175,"Grande",-68.8563220978,-32.8696402097,6,"0",0.0859023207481815
37512,"Paraiso","Medio (4 - 8 mts)",85,"Grande",-68.8563288265,-32.8697082052,6,"0",0.0859023207481815
37515,"Paraiso","Medio (4 - 8 mts)",115,"Grande",-68.8563643357,-32.8699512527,6,"0",0.0859023207481815
37517,"Paraiso","Alto (> 8 mts)",150,"Grande",-68.8563864041,-32.8700905294,6,"0",0.0859023207481815
37518,"Fresno europeo","Alto (> 8 mts)",80,"Grande",-68.856396511,-32.8701415472,6,"0",0.0420032310177706
37524,"Paraiso","Medio (4 - 8 mts)",140,"Grande",-68.8573236626,-32.8705944472,6,"0",0.0859023207481815
37525,"Paraiso","Bajo (2 - 4 mts)",60,"Mediano",-68.8574011113,-32.8706052657,6,"0",0.0859023207481815
37528,"Paraiso","Alto (> 8 mts)",150,"Grande",-68.8575753591,-32.8706201619,6,"0",0.0859023207481815
37529,"Paraiso","Medio (4 - 8 mts)",90,"Grande",-68.8577537229,-32.870600257,6,"0",0.0859023207481815
37531,"Paraiso","Medio (4 - 8 mts)",80,"Grande",-68.85773834,-32.8705311697,6,"0",0.0859023207481815
37532,"Paraiso","Medio (4 - 8 mts)",150,"Grande",-68.8577219469,-32.8704256528,6,"0",0.0859023207481815
37533,"Paraiso","Alto (> 8 mts)",160,"Grande",-68.8577129605,-32.8703656799,6,"0",0.0859023207481815
37537,"Paraiso","Alto (> 8 mts)",50,"Mediano",-68.8576697776,-32.8701080166,6,"0",0.0859023207481815
37540,"Fresno europeo","Bajo (2 - 4 mts)",45,"Mediano",-68.8576463324,-32.8699431106,6,"0",0.0420032310177706
37541,"Paraiso","Alto (> 8 mts)",190,"Grande",-68.8576272995,-32.8698774951,6,"0",0.0859023207481815
37542,"Acacia SP","Medio (4 - 8 mts)",80,"Grande",-68.8576211768,-32.8698308705,6,"0",0.150492264416315
37543,"Paraiso","Alto (> 8 mts)",190,"Grande",-68.8576146394,-32.8697763106,6,"0",0.0859023207481815
37546,"Paraiso","Alto (> 8 mts)",170,"Grande",-68.8575893291,-32.8696346255,6,"0",0.0859023207481815
37548,"Paraiso","Alto (> 8 mts)",280,"Grande",-68.8575695513,-32.8695077346,6,"0",0.0859023207481815
37551,"Morera","Alto (> 8 mts)",210,"Grande",-68.8574025122,-32.8692660704,6,"0",0.185148665048544
37554,"Morera","Muy bajo (1 - 2 mts)",10,"Chico",-68.8572089476,-32.8692499888,6,"0",0.185148665048544
37556,"Morera","Alto (> 8 mts)",180,"Grande",-68.8570491961,-32.8692439363,6,"0",0.185148665048544
37559,"Morera","Alto (> 8 mts)",190,"Grande",-68.8569496834,-32.8693337215,6,"1",0.185148665048544
37562,"Morera","Alto (> 8 mts)",190,"Grande",-68.8569741867,-32.8695114736,6,"0",0.185148665048544
37571,"Morera","Alto (> 8 mts)",190,"Grande",-68.8570829929,-32.870155949,6,"0",0.185148665048544
37578,"Morera","Alto (> 8 mts)",170,"Grande",-68.8577214119,-32.8697570456,6,"0",0.185148665048544
37579,"Fresno europeo","Alto (> 8 mts)",90,"Grande",-68.8577312457,-32.8698216181,6,"0",0.0420032310177706
37580,"Paraiso","Alto (> 8 mts)",160,"Grande",-68.85774385,-32.8698909728,6,"0",0.0859023207481815
37586,"Acer","Bajo (2 - 4 mts)",60,"Mediano",-68.8578159893,-32.870349296,6,"0",0.0204081632653061
37587,"Morera","Alto (> 8 mts)",130,"Grande",-68.8578316767,-32.8704284826,6,"0",0.185148665048544
37591,"Pltano","Alto (> 8 mts)",180,"Grande",-68.8580919696,-32.8697527777,6,"0",0.0903973509933775
37592,"Pltano","Alto (> 8 mts)",160,"Grande",-68.8581070302,-32.8698230368,6,"0",0.0903973509933775
37594,"Pltano","Alto (> 8 mts)",90,"Grande",-68.8581291144,-32.8699782435,6,"0",0.0903973509933775
37596,"Pltano","Bajo (2 - 4 mts)",105,"Grande",-68.8581546201,-32.8701320114,6,"1",0.0903973509933775
37598,"Pltano","Muy bajo (1 - 2 mts)",5,"Chico",-68.8581768199,-32.870281808,6,"0",0.0903973509933775
37601,"Pltano","Alto (> 8 mts)",170,"Grande",-68.8582152555,-32.8705021356,6,"0",0.0903973509933775
37604,"Morera","Bajo (2 - 4 mts)",35,"Mediano",-68.8497497075,-32.8716896141,6,"0",0.185148665048544
37606,"Paraiso","Alto (> 8 mts)",150,"Grande",-68.8498738017,-32.8716656879,6,"0",0.0859023207481815
37607,"Paraiso","Medio (4 - 8 mts)",30,"Mediano",-68.8499588732,-32.8716548794,6,"0",0.0859023207481815
37613,"Fresno europeo","Medio (4 - 8 mts)",86,"Grande",-68.8504315763,-32.8717214495,6,"0",0.0420032310177706
37614,"Fresno europeo","Medio (4 - 8 mts)",76,"Grande",-68.8504446595,-32.8717569018,6,"0",0.0420032310177706
37616,"Fresno europeo","Bajo (2 - 4 mts)",48,"Mediano",-68.850471074,-32.8718709075,6,"0",0.0420032310177706
37619,"Fresno europeo","Medio (4 - 8 mts)",65,"Grande",-68.8505174437,-32.8720641058,6,"0",0.0420032310177706
37621,"Morera","Alto (> 8 mts)",170,"Grande",-68.8505000452,-32.8721805839,6,"0",0.185148665048544
37622,"Morera","Alto (> 8 mts)",150,"Grande",-68.8504219139,-32.8721941963,6,"1",0.185148665048544
37627,"Morera","Alto (> 8 mts)",140,"Grande",-68.8499357087,-32.8722760288,6,"0",0.185148665048544
37628,"Morera","Alto (> 8 mts)",150,"Grande",-68.8498428267,-32.8722925987,6,"0",0.185148665048544
37633,"Olmo bola","Alto (> 8 mts)",170,"Grande",-68.8496727648,-32.8719488489,6,"1",0.0231481481481481
37634,"Paraiso","Bajo (2 - 4 mts)",37,"Mediano",-68.8496417975,-32.8718005732,6,"0",0.0859023207481815
37637,"Morera","Alto (> 8 mts)",90,"Grande",-68.8522931769,-32.8719565619,6,"1",0.185148665048544
37638,"Catalpa","Medio (4 - 8 mts)",60,"Mediano",-68.8523390274,-32.8719477723,6,"0",0.161290322580645
37639,"Morera","Alto (> 8 mts)",140,"Grande",-68.8523986007,-32.8719396922,6,"0",0.185148665048544
37640,"Morera","Alto (> 8 mts)",130,"Grande",-68.8525193949,-32.8719138812,6,"1",0.185148665048544
37643,"Morera","Bajo (2 - 4 mts)",105,"Grande",-68.8527074239,-32.8719469442,6,"0",0.185148665048544
37644,"Morera","Alto (> 8 mts)",180,"Grande",-68.8527352036,-32.8720125301,6,"0",0.185148665048544
37645,"Paraiso","Bajo (2 - 4 mts)",18,"Chico",-68.8527751388,-32.872122692,6,"0",0.0859023207481815
37649,"Morera","Alto (> 8 mts)",120,"Grande",-68.8528907202,-32.8723729507,6,"0",0.185148665048544
37650,"Morera","Medio (4 - 8 mts)",90,"Grande",-68.8529058661,-32.8724029391,6,"0",0.185148665048544
37652,"Morera","Alto (> 8 mts)",130,"Grande",-68.8528974977,-32.8724881988,6,"1",0.185148665048544
37654,"Fresno europeo","Bajo (2 - 4 mts)",50,"Mediano",-68.8527747677,-32.8725095265,6,"0",0.0420032310177706
37655,"Fresno europeo","Medio (4 - 8 mts)",60,"Mediano",-68.8527132355,-32.8725221256,6,"1",0.0420032310177706
37658,"Fresno europeo","Medio (4 - 8 mts)",65,"Grande",-68.8525218561,-32.8725577244,6,"0",0.0420032310177706
37659,"Fresno europeo","Bajo (2 - 4 mts)",40,"Mediano",-68.8524600579,-32.872566361,6,"1",0.0420032310177706
37660,"Fresno europeo","Alto (> 8 mts)",160,"Grande",-68.8524069815,-32.8725740313,6,"1",0.0420032310177706
37662,"Fresno europeo","Alto (> 8 mts)",115,"Grande",-68.8523116513,-32.8724948141,6,"1",0.0420032310177706
37664,"Fresno europeo","Bajo (2 - 4 mts)",60,"Mediano",-68.8522663723,-32.872382387,6,"0",0.0420032310177706
37667,"Fresno europeo","Medio (4 - 8 mts)",120,"Grande",-68.852201762,-32.872233128,6,"0",0.0420032310177706
37668,"Fresno europeo","Alto (> 8 mts)",100,"Grande",-68.8521789148,-32.8721688734,6,"0",0.0420032310177706
37669,"Fresno europeo","Medio (4 - 8 mts)",90,"Grande",-68.8521316785,-32.8720449247,6,"0",0.0420032310177706
37670,"Morera","Alto (> 8 mts)",185,"Grande",-68.8514841673,-32.8721043908,6,"0",0.185148665048544
37673,"Paraiso","Alto (> 8 mts)",90,"Grande",-68.8516277235,-32.8720855796,6,"1",0.0859023207481815
37683,"Morera","Medio (4 - 8 mts)",40,"Mediano",-68.8521067048,-32.8723154486,6,"0",0.185148665048544
37686,"Fresno europeo","Medio (4 - 8 mts)",120,"Grande",-68.8521977907,-32.8725130723,6,"1",0.0420032310177706
37691,"Fresno europeo","Alto (> 8 mts)",158,"Grande",-68.8518692722,-32.872675169,6,"0",0.0420032310177706
37693,"Fresno europeo","Medio (4 - 8 mts)",78,"Grande",-68.8517347049,-32.8726995357,6,"0",0.0420032310177706
37697,"Fresno europeo","Medio (4 - 8 mts)",85,"Grande",-68.8515378374,-32.8724706326,6,"0",0.0420032310177706
37704,"Morera","Medio (4 - 8 mts)",140,"Grande",-68.8508523571,-32.8722212796,6,"0",0.185148665048544
37705,"Palo borracho","Muy bajo (1 - 2 mts)",24,"Mediano",-68.8509072714,-32.8722123263,6,"0",0
37706,"Morera","Medio (4 - 8 mts)",140,"Grande",-68.8509679178,-32.8722016927,6,"0",0.185148665048544
37715,"Acer","Bajo (2 - 4 mts)",40,"Mediano",-68.8514077401,-32.8725007092,6,"0",0.0204081632653061
37722,"Fresno europeo","Medio (4 - 8 mts)",100,"Grande",-68.8513143702,-32.8727699397,6,"0",0.0420032310177706
37723,"Fresno europeo","Medio (4 - 8 mts)",80,"Grande",-68.8512738716,-32.8727792241,6,"0",0.0420032310177706
37724,"Fresno europeo","Alto (> 8 mts)",120,"Grande",-68.8512273998,-32.8727898882,6,"1",0.0420032310177706
37725,"Fresno europeo","Medio (4 - 8 mts)",110,"Grande",-68.8511233834,-32.8728052979,6,"0",0.0420032310177706
37727,"Fresno europeo","Medio (4 - 8 mts)",120,"Grande",-68.8509910726,-32.8728327115,6,"0",0.0420032310177706
37732,"Morera","Medio (4 - 8 mts)",140,"Grande",-68.8507870921,-32.8726646856,6,"0",0.185148665048544
37733,"Liquidambar","Bajo (2 - 4 mts)",44,"Mediano",-68.8507700345,-32.8725778321,6,"0",0
37735,"Fresno europeo","Medio (4 - 8 mts)",60,"Mediano",-68.8507275825,-32.8724054677,6,"0",0.0420032310177706
37744,"Morera","Alto (> 8 mts)",160,"Grande",-68.8501503047,-32.8723486966,6,"1",0.185148665048544
37747,"Morera","Medio (4 - 8 mts)",100,"Grande",-68.8504362925,-32.8722949832,6,"1",0.185148665048544
37754,"Fresno europeo","Bajo (2 - 4 mts)",38,"Mediano",-68.8506387448,-32.8725591005,6,"0",0.0420032310177706
37755,"Fresno europeo","Bajo (2 - 4 mts)",60,"Mediano",-68.8506523168,-32.8726217844,6,"0",0.0420032310177706
37758,"Olmo bola","Medio (4 - 8 mts)",120,"Grande",-68.8486578493,-32.8731439623,6,"0",0.0231481481481481
37760,"Morera","Bajo (2 - 4 mts)",18,"Chico",-68.8486229077,-32.8729948123,6,"1",0.185148665048544
37765,"Fresno europeo","Medio (4 - 8 mts)",35,"Mediano",-68.8487226902,-32.8726138753,6,"0",0.0420032310177706
37768,"Fresno europeo","Alto (> 8 mts)",125,"Grande",-68.848995027,-32.8725678572,6,"0",0.0420032310177706
37775,"Ailanthus","Alto (> 8 mts)",110,"Grande",-68.8494957972,-32.8724704258,6,"0",0.0380952380952381
37780,"Morera","Alto (> 8 mts)",180,"Grande",-68.8497237034,-32.8727301795,6,"0",0.185148665048544
37782,"Paraiso","Alto (> 8 mts)",130,"Grande",-68.8497693952,-32.8728773493,6,"0",0.0859023207481815
37783,"Prunas","Bajo (2 - 4 mts)",40,"Mediano",-68.8497911405,-32.872971873,6,"0",0.0321782178217822
37784,"Fresno europeo","Medio (4 - 8 mts)",110,"Grande",-68.8497522166,-32.8730527984,6,"0",0.0420032310177706
37785,"Fresno europeo","Alto (> 8 mts)",130,"Grande",-68.8496729123,-32.8730645153,6,"0",0.0420032310177706
37787,"Morera","Medio (4 - 8 mts)",80,"Grande",-68.849522577,-32.8730937352,6,"1",0.185148665048544
37794,"Fresno europeo","Muy bajo (1 - 2 mts)",8,"Chico",-68.8488460939,-32.87321566,6,"0",0.0420032310177706
37798,"Paraiso","Alto (> 8 mts)",170,"Grande",-68.8495612487,-32.8720537623,6,"0",0.0859023207481815
37806,"Fresno europeo","Muy bajo (1 - 2 mts)",8,"Chico",-68.849143246,-32.871801596,6,"0",0.0420032310177706
37811,"Fresno europeo","Medio (4 - 8 mts)",50,"Mediano",-68.8487425435,-32.8718711738,6,"0",0.0420032310177706
37817,"Fresno europeo","Muy bajo (1 - 2 mts)",4,"Chico",-68.8483944281,-32.872056321,6,"0",0.0420032310177706
37818,"Olmo bola","Alto (> 8 mts)",200,"Grande",-68.8484341681,-32.8722284638,6,"1",0.0231481481481481
37820,"Fresno europeo","Bajo (2 - 4 mts)",38,"Mediano",-68.848468825,-32.8723417757,6,"0",0.0420032310177706
37822,"Fresno europeo","Alto (> 8 mts)",120,"Grande",-68.8485773972,-32.8725358833,6,"0",0.0420032310177706
37826,"Acacia SP","Bajo (2 - 4 mts)",40,"Mediano",-68.8488326476,-32.8724839839,6,"0",0.150492264416315
37827,"Fresno europeo","Alto (> 8 mts)",135,"Grande",-68.8489067337,-32.8724617114,6,"0",0.0420032310177706
37830,"Paraiso","Alto (> 8 mts)",230,"Grande",-68.8491062708,-32.8724352621,6,"0",0.0859023207481815
37832,"Acacia SP","Alto (> 8 mts)",70,"Grande",-68.8493123502,-32.8723943031,6,"0",0.150492264416315
37834,"Morera","Alto (> 8 mts)",210,"Grande",-68.8531977732,-32.8730585125,6,"0",0.185148665048544
37838,"Morera","Alto (> 8 mts)",160,"Grande",-68.8530865518,-32.8727920215,6,"1",0.185148665048544
37846,"Jacarand","Medio (4 - 8 mts)",70,"Grande",-68.85271305,-32.8726304495,6,"0",0.103064066852368
37850,"Fresno europeo","Medio (4 - 8 mts)",75,"Grande",-68.8524383735,-32.8726707922,6,"0",0.0420032310177706
37851,"Fresno europeo","Alto (> 8 mts)",160,"Grande",-68.8523986515,-32.872718986,6,"0",0.0420032310177706
37857,"Fresno europeo","Alto (> 8 mts)",130,"Grande",-68.8524994004,-32.8729847439,6,"0",0.0420032310177706
37862,"Morera","Alto (> 8 mts)",160,"Grande",-68.8528345896,-32.8733122733,6,"0",0.185148665048544
37864,"Morera","Alto (> 8 mts)",215,"Grande",-68.853083954,-32.8732657685,6,"0",0.185148665048544
37867,"Morera","Alto (> 8 mts)",190,"Grande",-68.8508699463,-32.8736597136,6,"0",0.185148665048544
37869,"Morera","Alto (> 8 mts)",140,"Grande",-68.850640344,-32.8737083115,6,"0",0.185148665048544
37871,"Morera","Alto (> 8 mts)",170,"Grande",-68.850505256,-32.8737234789,6,"0",0.185148665048544
37872,"Olmo bola","Medio (4 - 8 mts)",60,"Mediano",-68.8503876689,-32.8737523729,6,"0",0.0231481481481481
37874,"Morera","Alto (> 8 mts)",180,"Grande",-68.8502796093,-32.8737707283,6,"0",0.185148665048544
37875,"Olmo bola","Medio (4 - 8 mts)",50,"Mediano",-68.8502129144,-32.8737816492,6,"0",0.0231481481481481
37876,"Fresno europeo","Medio (4 - 8 mts)",90,"Grande",-68.850140296,-32.8737567656,6,"0",0.0420032310177706
37887,"Fresno europeo","Alto (> 8 mts)",170,"Grande",-68.8504693378,-32.873032558,6,"0",0.0420032310177706
37888,"Fresno europeo","Medio (4 - 8 mts)",90,"Grande",-68.8505548545,-32.8730118311,6,"0",0.0420032310177706
37891,"Fresno europeo","Alto (> 8 mts)",115,"Grande",-68.8507589147,-32.8730923255,6,"0",0.0420032310177706
37893,"Fresno europeo","Alto (> 8 mts)",95,"Grande",-68.8508112789,-32.8732798501,6,"0",0.0420032310177706
37901,"Morera","Alto (> 8 mts)",160,"Grande",-68.8499002861,-32.8733865128,6,"0",0.185148665048544
37902,"Morera","Alto (> 8 mts)",87,"Grande",-68.8499259924,-32.8734768032,6,"0",0.185148665048544
37906,"Morera","Alto (> 8 mts)",150,"Grande",-68.8499880547,-32.8737420658,6,"0",0.185148665048544
37907,"Morera","Alto (> 8 mts)",170,"Grande",-68.8499887299,-32.8737852578,6,"0",0.185148665048544
37909,"Paraiso","Alto (> 8 mts)",180,"Grande",-68.8497514869,-32.8738654943,6,"0",0.0859023207481815
37910,"Fresno europeo","Alto (> 8 mts)",150,"Grande",-68.8496380827,-32.8731885465,6,"0",0.0420032310177706
37911,"Fresno europeo","Alto (> 8 mts)",130,"Grande",-68.8495810188,-32.8731912732,6,"0",0.0420032310177706
37919,"Fresno europeo","Alto (> 8 mts)",89,"Grande",-68.848964609,-32.8733036029,6,"0",0.0420032310177706
37920,"Fresno europeo","Alto (> 8 mts)",160,"Grande",-68.8487784003,-32.873345487,6,"0",0.0420032310177706
37924,"Olmo bola","Medio (4 - 8 mts)",190,"Grande",-68.8488839784,-32.8739709394,6,"0",0.0231481481481481
37926,"Acacia SP","Bajo (2 - 4 mts)",40,"Mediano",-68.8490470833,-32.8740066631,6,"0",0.150492264416315
37927,"Fresno europeo","Alto (> 8 mts)",170,"Grande",-68.8491815492,-32.8739806761,6,"0",0.0420032310177706
37928,"Paraiso","Alto (> 8 mts)",170,"Grande",-68.8492317874,-32.8739706377,6,"1",0.0859023207481815
37932,"Morera","Alto (> 8 mts)",160,"Grande",-68.8496211926,-32.8738891425,6,"0",0.185148665048544
37936,"Paraiso","Medio (4 - 8 mts)",53,"Mediano",-68.8486021648,-32.8734290412,6,"0",0.0859023207481815
37941,"Morera","Medio (4 - 8 mts)",52,"Mediano",-68.8484220977,-32.8741276432,6,"0",0.185148665048544
37942,"Acer","Medio (4 - 8 mts)",110,"Grande",-68.8477537916,-32.8742119001,6,"0",0.0204081632653061
37943,"Fresno europeo","Alto (> 8 mts)",152,"Grande",-68.848361144,-32.87341714,6,"0",0.0420032310177706
37944,"Fresno europeo","Alto (> 8 mts)",138,"Grande",-68.8482529362,-32.8734371796,6,"0",0.0420032310177706
37950,"Paraiso","Alto (> 8 mts)",220,"Grande",-68.8478240329,-32.8735083478,6,"0",0.0859023207481815
37952,"Morera","Medio (4 - 8 mts)",115,"Grande",-68.8475303828,-32.8735631441,6,"0",0.185148665048544
37957,"Morera","Medio (4 - 8 mts)",126,"Grande",-68.8475320645,-32.8739184767,6,"0",0.185148665048544
37958,"Paraiso","Alto (> 8 mts)",226,"Grande",-68.8475520107,-32.8739928574,6,"0",0.0859023207481815
37961,"Acer","Bajo (2 - 4 mts)",110,"Grande",-68.8476140222,-32.8742214222,6,"0",0.0204081632653061
37963,"Morera","Medio (4 - 8 mts)",59,"Mediano",-68.8478377471,-32.8742304437,6,"0",0.185148665048544
37964,"Morera","Medio (4 - 8 mts)",109,"Grande",-68.8479533291,-32.874207132,6,"0",0.185148665048544
37966,"Jacarand","Bajo (2 - 4 mts)",52,"Mediano",-68.8481092186,-32.8741762031,6,"0",0.103064066852368
37969,"Fresno europeo","Bajo (2 - 4 mts)",54,"Mediano",-68.8482460321,-32.8741498774,6,"0",0.0420032310177706
37970,"Fresno europeo","Bajo (2 - 4 mts)",100,"Grande",-68.8480439716,-32.8727361339,6,"0",0.0420032310177706
37971,"Fresno europeo","Bajo (2 - 4 mts)",80,"Grande",-68.8480961233,-32.8727315084,6,"0",0.0420032310177706
37972,"Fresno europeo","Medio (4 - 8 mts)",90,"Grande",-68.8481596193,-32.8727163468,6,"0",0.0420032310177706
37979,"Olmo bola","Medio (4 - 8 mts)",100,"Grande",-68.8484949059,-32.8729766216,6,"0",0.0231481481481481
37985,"Fresno europeo","Bajo (2 - 4 mts)",70,"Grande",-68.848309254,-32.8733193109,6,"0",0.0420032310177706
37987,"Fresno europeo","Muy bajo (1 - 2 mts)",4,"Chico",-68.8481715233,-32.8733403282,6,"0",0.0420032310177706
37988,"Fresno europeo","Medio (4 - 8 mts)",86,"Grande",-68.8480874647,-32.8733570247,6,"0",0.0420032310177706
37991,"Fresno americano","Bajo (2 - 4 mts)",44,"Mediano",-68.847931529,-32.8733832972,6,"1",0.0512455516014235
37993,"Morera","Bajo (2 - 4 mts)",70,"Grande",-68.8478036873,-32.873408776,6,"0",0.185148665048544
37997,"Morera","Medio (4 - 8 mts)",130,"Grande",-68.8474118165,-32.8734327345,6,"0",0.185148665048544
38002,"Ailanthus","Medio (4 - 8 mts)",20,"Chico",-68.8473151934,-32.8730750949,6,"0",0.0380952380952381
38004,"Paraiso","Medio (4 - 8 mts)",110,"Grande",-68.8472885795,-32.8729548666,6,"0",0.0859023207481815
38005,"Paraiso","Medio (4 - 8 mts)",150,"Grande",-68.8472780726,-32.8729131955,6,"0",0.0859023207481815
38010,"Fresno europeo","Medio (4 - 8 mts)",90,"Grande",-68.8477230906,-32.8728010263,6,"0",0.0420032310177706
38011,"Fresno europeo","Bajo (2 - 4 mts)",90,"Grande",-68.8478583082,-32.8727719759,6,"0",0.0420032310177706
38012,"Fresno europeo","Bajo (2 - 4 mts)",60,"Mediano",-68.8479476604,-32.8727523862,6,"0",0.0420032310177706
38016,"Morera","Alto (> 8 mts)",210,"Grande",-68.84800582,-32.8711110542,6,"0",0.185148665048544
38018,"Paraiso","Medio (4 - 8 mts)",75,"Grande",-68.8480761968,-32.8713836317,6,"0",0.0859023207481815
38019,"Paraiso","Alto (> 8 mts)",150,"Grande",-68.848086251,-32.8714384101,6,"0",0.0859023207481815
38021,"Fresno europeo","Medio (4 - 8 mts)",40,"Mediano",-68.8481148748,-32.871572764,6,"0",0.0420032310177706
38023,"Fresno europeo","Alto (> 8 mts)",250,"Grande",-68.8481262068,-32.87188269,6,"0",0.0420032310177706
38027,"Fresno europeo","Medio (4 - 8 mts)",160,"Grande",-68.847882637,-32.8719155764,6,"0",0.0420032310177706
38031,"Fresno europeo","Alto (> 8 mts)",130,"Grande",-68.8474866296,-32.8719879511,6,"0",0.0420032310177706
38032,"Fresno europeo","Medio (4 - 8 mts)",140,"Grande",-68.8474112776,-32.8720007535,6,"0",0.0420032310177706
38043,"Morera","Alto (> 8 mts)",60,"Mediano",-68.8469370433,-32.8715335446,6,"1",0.185148665048544
38050,"Fresno europeo","Alto (> 8 mts)",140,"Grande",-68.8468807904,-32.8711134693,6,"0",0.0420032310177706
38051,"Fresno europeo","Alto (> 8 mts)",120,"Grande",-68.8469390417,-32.8711029908,6,"0",0.0420032310177706
38052,"Morera","Alto (> 8 mts)",180,"Grande",-68.8469841449,-32.8710957422,6,"1",0.185148665048544
38057,"Acacia SP","Alto (> 8 mts)",48,"Mediano",-68.8477351342,-32.870958602,6,"0",0.150492264416315
38058,"Morera","Alto (> 8 mts)",250,"Grande",-68.8478206142,-32.8709435647,6,"0",0.185148665048544
38059,"Fresno europeo","Muy bajo (1 - 2 mts)",4,"Chico",-68.8480407449,-32.8720062626,6,"0",0.0420032310177706
38063,"Fresno europeo","Muy bajo (1 - 2 mts)",3,"Chico",-68.8482833848,-32.8721719107,6,"0",0.0420032310177706
38066,"Fresno europeo","Muy bajo (1 - 2 mts)",35,"Mediano",-68.8483365507,-32.87239857,6,"0",0.0420032310177706
38070,"Paraiso sombrilla","Medio (4 - 8 mts)",170,"Grande",-68.8478850025,-32.8720320782,6,"0",0.022887323943662
38074,"Fresno europeo","Medio (4 - 8 mts)",130,"Grande",-68.8475463925,-32.8720935222,6,"0",0.0420032310177706
38075,"Fresno europeo","Medio (4 - 8 mts)",156,"Grande",-68.8474108684,-32.8721149075,6,"0",0.0420032310177706
38077,"Conifera","Alto (> 8 mts)",160,"Grande",-68.8472023366,-32.8721526142,6,"0",0.021505376344086
38078,"Paraiso","Alto (> 8 mts)",150,"Grande",-68.8471003187,-32.8722001892,6,"0",0.0859023207481815
38080,"Perenne","Muy bajo (1 - 2 mts)",30,"Mediano",-68.8471267311,-32.8723049406,6,"0",0.0364741641337386
38083,"Paraiso","Alto (> 8 mts)",215,"Grande",-68.8471919484,-32.8725401497,6,"0",0.0859023207481815
38087,"Paraiso","Alto (> 8 mts)",180,"Grande",-68.8472374019,-32.8727309234,6,"0",0.0859023207481815
38092,"Fresno europeo","Alto (> 8 mts)",167,"Grande",-68.8477971479,-32.8726708216,6,"0",0.0420032310177706
38095,"Fresno europeo","Alto (> 8 mts)",160,"Grande",-68.8480171747,-32.872628705,6,"0",0.0420032310177706
38096,"Fresno europeo","Muy bajo (1 - 2 mts)",4,"Chico",-68.8481260323,-32.8726117997,6,"0",0.0420032310177706
38097,"Fresno europeo","Medio (4 - 8 mts)",85,"Grande",-68.8467718318,-32.8722286983,6,"0",0.0420032310177706
38100,"Fresno americano","Bajo (2 - 4 mts)",20,"Chico",-68.8469790852,-32.8722200225,6,"0",0.0512455516014235
38101,"Fresno americano","Bajo (2 - 4 mts)",23,"Mediano",-68.8469924356,-32.87226955,6,"0",0.0512455516014235
38105,"Paraiso","Alto (> 8 mts)",180,"Grande",-68.8470578847,-32.8725195174,6,"0",0.0859023207481815
38108,"Fresno americano","Medio (4 - 8 mts)",55,"Mediano",-68.8470980285,-32.8726629358,6,"0",0.0512455516014235
38112,"Fresno europeo","Alto (> 8 mts)",180,"Grande",-68.8468006583,-32.872849944,6,"0",0.0420032310177706
38118,"Fresno europeo","Alto (> 8 mts)",190,"Grande",-68.8462941549,-32.8729417175,6,"0",0.0420032310177706
38119,"Fresno europeo","Alto (> 8 mts)",220,"Grande",-68.8461812561,-32.8729618957,6,"0",0.0420032310177706
38120,"Fresno europeo","Alto (> 8 mts)",190,"Grande",-68.846120221,-32.8729748951,6,"0",0.0420032310177706
38121,"Fresno europeo","Alto (> 8 mts)",230,"Grande",-68.8460704012,-32.8729834748,6,"0",0.0420032310177706
38122,"Fresno europeo","Alto (> 8 mts)",220,"Grande",-68.8459935383,-32.8729974809,6,"0",0.0420032310177706
38123,"Paraiso","Alto (> 8 mts)",190,"Grande",-68.8459112268,-32.8729695884,6,"0",0.0859023207481815
38125,"Paraiso","Alto (> 8 mts)",260,"Grande",-68.8458694358,-32.8727910917,6,"0",0.0859023207481815
38127,"Paraiso","Alto (> 8 mts)",190,"Grande",-68.8458438498,-32.8726955707,6,"0",0.0859023207481815
38130,"Acer","Medio (4 - 8 mts)",65,"Grande",-68.8458025416,-32.8725469206,6,"0",0.0204081632653061
38131,"Paraiso","Alto (> 8 mts)",250,"Grande",-68.8457879127,-32.8724795461,6,"0",0.0859023207481815
38134,"Fresno europeo","Medio (4 - 8 mts)",100,"Grande",-68.8459039763,-32.8723905557,6,"0",0.0420032310177706
38137,"Fresno europeo","Alto (> 8 mts)",130,"Grande",-68.8461245647,-32.8723475423,6,"0",0.0420032310177706
38140,"Fresno europeo","Alto (> 8 mts)",215,"Grande",-68.8463158568,-32.8723111155,6,"0",0.0420032310177706
38143,"Fresno europeo","Muy bajo (1 - 2 mts)",2,"Chico",-68.8465526765,-32.8722656687,6,"0",0.0420032310177706
38147,"Fresno europeo","Bajo (2 - 4 mts)",30,"Mediano",-68.8461973046,-32.8702083125,6,"0",0.0420032310177706
38149,"Morera","Bajo (2 - 4 mts)",20,"Chico",-68.8463281495,-32.8701787959,6,"0",0.185148665048544
38150,"Morera","Muy bajo (1 - 2 mts)",2,"Chico",-68.8464467711,-32.8701800443,6,"0",0.185148665048544
38161,"Paraiso","Medio (4 - 8 mts)",98,"Grande",-68.8463672317,-32.8710728044,6,"0",0.0859023207481815
38162,"Pltano","Alto (> 8 mts)",210,"Grande",-68.8463129229,-32.8710895994,6,"0",0.0903973509933775
38174,"Acacia SP","Alto (> 8 mts)",190,"Grande",-68.8453847184,-32.8709649235,6,"1",0.150492264416315
38176,"Morera","Alto (> 8 mts)",210,"Grande",-68.8453447328,-32.8707939128,6,"1",0.185148665048544
38178,"Olmo bola","Medio (4 - 8 mts)",170,"Grande",-68.8453070834,-32.8706313809,6,"0",0.0231481481481481
38184,"Morera","Alto (> 8 mts)",220,"Grande",-68.8455672084,-32.8703178171,6,"0",0.185148665048544
38185,"Morera","Alto (> 8 mts)",130,"Grande",-68.8456688095,-32.8702985407,6,"0",0.185148665048544
38186,"Paraiso","Alto (> 8 mts)",195,"Grande",-68.8457186718,-32.8702892138,6,"0",0.0859023207481815
38189,"Fresno europeo","Alto (> 8 mts)",180,"Grande",-68.8459323958,-32.8702441535,6,"0",0.0420032310177706
38193,"Fresno europeo","Bajo (2 - 4 mts)",30,"Mediano",-68.8458092195,-32.873318779,6,"0",0.0420032310177706
38194,"Pltano","Alto (> 8 mts)",280,"Grande",-68.8458472847,-32.87342748,6,"0",0.0903973509933775
38195,"Morera","Bajo (2 - 4 mts)",20,"Chico",-68.8458567139,-32.8734741092,6,"0",0.185148665048544
38196,"Morera","Alto (> 8 mts)",112,"Grande",-68.8464107426,-32.8737739718,6,"0",0.185148665048544
38197,"Fresno europeo","Bajo (2 - 4 mts)",8,"Chico",-68.846589062,-32.8737421129,6,"0",0.0420032310177706
38198,"Fresno europeo","Bajo (2 - 4 mts)",16,"Chico",-68.846695943,-32.8737216763,6,"0",0.0420032310177706
38201,"Fresno europeo","Alto (> 8 mts)",132,"Grande",-68.8470427757,-32.8736614854,6,"0",0.0420032310177706
38207,"Paraiso","Alto (> 8 mts)",133,"Grande",-68.8473645822,-32.8737476386,6,"0",0.0859023207481815
38208,"Paraiso","Medio (4 - 8 mts)",178,"Grande",-68.8473811697,-32.8737952683,6,"0",0.0859023207481815
38209,"Morera","Muy bajo (1 - 2 mts)",12,"Chico",-68.8474149291,-32.8739355463,6,"0",0.185148665048544
38211,"Morera","Alto (> 8 mts)",167,"Grande",-68.8472850133,-32.8743494221,6,"0",0.185148665048544
38212,"Morera","Bajo (2 - 4 mts)",35,"Mediano",-68.84719555,-32.874364822,6,"0",0.185148665048544
38217,"Fresno europeo","Alto (> 8 mts)",147,"Grande",-68.8465722462,-32.874068574,6,"0",0.0420032310177706
38220,"Morera","Medio (4 - 8 mts)",210,"Grande",-68.8463617865,-32.8739822039,6,"0",0.185148665048544
38223,"Paraiso","Alto (> 8 mts)",220,"Grande",-68.8460416713,-32.8734430843,6,"0",0.0859023207481815
38224,"Morera","Alto (> 8 mts)",185,"Grande",-68.8460239265,-32.8733854523,6,"1",0.185148665048544
38226,"Morera","Muy bajo (1 - 2 mts)",6,"Chico",-68.8459952277,-32.8732749459,6,"0",0.185148665048544
38229,"Morera","Medio (4 - 8 mts)",35,"Mediano",-68.8459658158,-32.8731171439,6,"0",0.185148665048544
38230,"Perenne","Medio (4 - 8 mts)",30,"Mediano",-68.8460504445,-32.8730996037,6,"0",0.0364741641337386
38233,"Fresno europeo","Alto (> 8 mts)",145,"Grande",-68.846345381,-32.8730445167,6,"0",0.0420032310177706
38234,"Fresno europeo","Alto (> 8 mts)",165,"Grande",-68.8464783307,-32.8730211863,6,"0",0.0420032310177706
38239,"Fresno europeo","Alto (> 8 mts)",128,"Grande",-68.8468954701,-32.8729477469,6,"0",0.0420032310177706
38242,"Paraiso","Alto (> 8 mts)",145,"Grande",-68.8471567666,-32.8729298189,6,"1",0.0859023207481815
38244,"Paraiso","Alto (> 8 mts)",160,"Grande",-68.8471928936,-32.8730480751,6,"1",0.0859023207481815
38250,"Fresno europeo","Alto (> 8 mts)",140,"Grande",-68.8472497116,-32.8735096306,6,"0",0.0420032310177706
38251,"Fresno europeo","Medio (4 - 8 mts)",60,"Mediano",-68.8471348003,-32.8735354599,6,"1",0.0420032310177706
38252,"Fresno europeo","Alto (> 8 mts)",155,"Grande",-68.8470344175,-32.8735539121,6,"0",0.0420032310177706
38253,"Fresno europeo","Alto (> 8 mts)",180,"Grande",-68.8469383238,-32.8735730006,6,"0",0.0420032310177706
38258,"Fresno europeo","Alto (> 8 mts)",160,"Grande",-68.8464427079,-32.8736647753,6,"0",0.0420032310177706
38259,"Fresno europeo","Alto (> 8 mts)",130,"Grande",-68.8463803724,-32.873676282,6,"0",0.0420032310177706
38260,"Fresno europeo","Medio (4 - 8 mts)",120,"Grande",-68.8462556866,-32.8737009317,6,"0",0.0420032310177706
38267,"Fresno europeo","Alto (> 8 mts)",150,"Grande",-68.8464438497,-32.8721848678,6,"0",0.0420032310177706
38269,"Paraiso","Medio (4 - 8 mts)",95,"Grande",-68.8462816628,-32.8722104183,6,"0",0.0859023207481815
38270,"Fresno europeo","Alto (> 8 mts)",128,"Grande",-68.8461960902,-32.8722299186,6,"0",0.0420032310177706
38272,"Fresno europeo","Medio (4 - 8 mts)",110,"Grande",-68.8460013458,-32.8722652058,6,"0",0.0420032310177706
38281,"Morera","Alto (> 8 mts)",230,"Grande",-68.8455294134,-32.8715079222,6,"0",0.185148665048544
38283,"Morera","Alto (> 8 mts)",98,"Grande",-68.8455638816,-32.8713487255,6,"0",0.185148665048544
38286,"Pltano","Alto (> 8 mts)",250,"Grande",-68.845915635,-32.8712859505,6,"0",0.0903973509933775
38289,"Pltano","Alto (> 8 mts)",270,"Grande",-68.8461834111,-32.8712404614,6,"0",0.0903973509933775
38291,"Morera","Alto (> 8 mts)",155,"Grande",-68.8463058356,-32.871218964,6,"0",0.185148665048544
38297,"Morera","Alto (> 8 mts)",210,"Grande",-68.8467633605,-32.8713628243,6,"1",0.185148665048544
38302,"Paraiso","Medio (4 - 8 mts)",40,"Mediano",-68.8468919456,-32.8718345679,6,"0",0.0859023207481815
38306,"Paraiso","Alto (> 8 mts)",98,"Grande",-68.8469349341,-32.8720011634,6,"0",0.0859023207481815
38308,"Paraiso","Alto (> 8 mts)",170,"Grande",-68.8537462361,-32.8703076824,6,"0",0.0859023207481815
38311,"Paraiso","Alto (> 8 mts)",180,"Grande",-68.8535265046,-32.8702968277,6,"0",0.0859023207481815
38312,"Paraiso","Alto (> 8 mts)",160,"Grande",-68.8534230589,-32.8702901612,6,"0",0.0859023207481815
38313,"Paraiso","Alto (> 8 mts)",190,"Grande",-68.8533252985,-32.8702867653,6,"0",0.0859023207481815
38316,"Paraiso","Alto (> 8 mts)",195,"Grande",-68.8531727995,-32.8701613618,6,"0",0.0859023207481815
38327,"Fresno europeo","Bajo (2 - 4 mts)",35,"Mediano",-68.8530438018,-32.8692130117,6,"0",0.0420032310177706
38328,"Paraiso","Alto (> 8 mts)",160,"Grande",-68.8530296561,-32.8690537342,6,"0",0.0859023207481815
38329,"Paraiso","Muy bajo (1 - 2 mts)",10,"Chico",-68.8530750231,-32.8690275238,6,"0",0.0859023207481815
38333,"Morera","Alto (> 8 mts)",185,"Grande",-68.8534607012,-32.8690530433,6,"0",0.185148665048544
38334,"Morera","Alto (> 8 mts)",180,"Grande",-68.853566073,-32.8690558907,6,"0",0.185148665048544
38335,"Morera","Alto (> 8 mts)",85,"Grande",-68.8536398672,-32.8690611852,6,"0",0.185148665048544
38340,"Paraiso","Alto (> 8 mts)",240,"Grande",-68.8537329364,-32.869371927,6,"0",0.0859023207481815
38342,"Paraiso","Alto (> 8 mts)",160,"Grande",-68.8537567779,-32.869611206,6,"0",0.0859023207481815
38343,"Paraiso","Alto (> 8 mts)",95,"Grande",-68.8537635567,-32.8696741243,6,"0",0.0859023207481815
38347,"Paraiso","Alto (> 8 mts)",180,"Grande",-68.8538081487,-32.8699450734,6,"0",0.0859023207481815
38348,"Paraiso","Alto (> 8 mts)",190,"Grande",-68.8538185771,-32.8700304121,6,"0",0.0859023207481815
38353,"Paraiso","Alto (> 8 mts)",210,"Grande",-68.8522913337,-32.8691332714,6,"1",0.0859023207481815
38354,"Fresno europeo","Bajo (2 - 4 mts)",31,"Mediano",-68.8523025993,-32.8692650187,6,"0",0.0420032310177706
38360,"Fresno europeo","Bajo (2 - 4 mts)",25,"Mediano",-68.8523734278,-32.8697756923,6,"0",0.0420032310177706
38362,"Paraiso","Alto (> 8 mts)",190,"Grande",-68.8523919949,-32.8699026755,6,"1",0.0859023207481815
38364,"Paraiso","Alto (> 8 mts)",190,"Grande",-68.8524522119,-32.8701218989,6,"0",0.0859023207481815
38368,"Paraiso","Alto (> 8 mts)",190,"Grande",-68.8526778719,-32.8702541729,6,"0",0.0859023207481815
38369,"Prunas","Bajo (2 - 4 mts)",46,"Mediano",-68.8528197844,-32.8702575996,6,"0",0.0321782178217822
38370,"Paraiso","Alto (> 8 mts)",220,"Grande",-68.8528740238,-32.8702610889,6,"0",0.0859023207481815
38374,"Paraiso","Alto (> 8 mts)",160,"Grande",-68.8530856628,-32.8701563678,6,"1",0.0859023207481815
38375,"Paraiso","Alto (> 8 mts)",200,"Grande",-68.8530709297,-32.8700842149,6,"1",0.0859023207481815
38379,"Morera","Alto (> 8 mts)",210,"Grande",-68.8530294815,-32.8697282719,6,"1",0.185148665048544
38385,"Paraiso sombrilla","Bajo (2 - 4 mts)",40,"Mediano",-68.8529640454,-32.869292507,6,"0",0.022887323943662
38387,"Fresno europeo","Medio (4 - 8 mts)",70,"Grande",-68.8529462169,-32.8691571074,6,"0",0.0420032310177706
38388,"Morera","Alto (> 8 mts)",98,"Grande",-68.8529351944,-32.8690710917,6,"0",0.185148665048544
38390,"Morera","Alto (> 8 mts)",230,"Grande",-68.852683244,-32.8690092167,6,"0",0.185148665048544
38391,"Morera","Alto (> 8 mts)",270,"Grande",-68.8516628319,-32.8689545332,6,"1",0.185148665048544
38392,"Morera","Alto (> 8 mts)",260,"Grande",-68.8517367691,-32.8689553422,6,"1",0.185148665048544
38394,"Morera","Alto (> 8 mts)",250,"Grande",-68.8518997317,-32.8689645359,6,"0",0.185148665048544
38395,"Paraiso","Alto (> 8 mts)",170,"Grande",-68.8520679587,-32.8689781865,6,"0",0.0859023207481815
38397,"Paraiso","Alto (> 8 mts)",210,"Grande",-68.8521972216,-32.8691850978,6,"1",0.0859023207481815
38400,"Paraiso","Alto (> 8 mts)",95,"Grande",-68.8522380236,-32.8694750319,6,"0",0.0859023207481815
38404,"Prunas","Bajo (2 - 4 mts)",40,"Mediano",-68.8522661491,-32.8696941859,6,"0",0.0321782178217822
38407,"Morera","Alto (> 8 mts)",230,"Grande",-68.8523199634,-32.8700061122,6,"0",0.185148665048544
38410,"Paraiso","Alto (> 8 mts)",230,"Grande",-68.8523154417,-32.8702367982,6,"0",0.0859023207481815
38411,"Paraiso","Alto (> 8 mts)",185,"Grande",-68.8522393996,-32.8702462691,6,"0",0.0859023207481815
38412,"Paraiso","Alto (> 8 mts)",195,"Grande",-68.8521434257,-32.8702500844,6,"0",0.0859023207481815
38416,"Paraiso","Alto (> 8 mts)",220,"Grande",-68.8517867347,-32.8702633996,6,"0",0.0859023207481815
38420,"Fresno europeo","Muy bajo (1 - 2 mts)",26,"Mediano",-68.8516812261,-32.8697790646,6,"0",0.0420032310177706
38421,"Paraiso","Alto (> 8 mts)",198,"Grande",-68.8516523544,-32.8696001341,6,"1",0.0859023207481815
38423,"Paraiso","Medio (4 - 8 mts)",190,"Grande",-68.85162391,-32.8694212943,6,"1",0.0859023207481815
38427,"Prunas","Medio (4 - 8 mts)",43,"Mediano",-68.8515773601,-32.869079046,6,"0",0.0321782178217822
38428,"Paraiso","Alto (> 8 mts)",95,"Grande",-68.8515694544,-32.8690142949,6,"0",0.0859023207481815
38431,"Paraiso","Alto (> 8 mts)",260,"Grande",-68.8510122288,-32.8701471961,6,"1",0.0859023207481815
38436,"Paraiso","Alto (> 8 mts)",180,"Grande",-68.850955079,-32.8696978443,6,"0",0.0859023207481815
38442,"Paraiso","Alto (> 8 mts)",198,"Grande",-68.8508907392,-32.8692834903,6,"0",0.0859023207481815
38444,"Paraiso","Alto (> 8 mts)",130,"Grande",-68.8508796344,-32.8691488189,6,"0",0.0859023207481815
38447,"Morera","Bajo (2 - 4 mts)",34,"Mediano",-68.850851777,-32.8689395024,6,"0",0.185148665048544
38448,"Morera","Alto (> 8 mts)",210,"Grande",-68.8509358599,-32.8689093237,6,"0",0.185148665048544
38449,"Morera","Alto (> 8 mts)",190,"Grande",-68.8509955344,-32.8689112,6,"0",0.185148665048544
38450,"Morera","Alto (> 8 mts)",190,"Grande",-68.8511312095,-32.8689238987,6,"1",0.185148665048544
38453,"Paraiso","Alto (> 8 mts)",290,"Grande",-68.8514440781,-32.8689766356,6,"0",0.0859023207481815
38454,"Paraiso","Alto (> 8 mts)",170,"Grande",-68.8514533619,-32.8690478805,6,"0",0.0859023207481815
38455,"Paraiso sombrilla","Alto (> 8 mts)",210,"Grande",-68.8514610878,-32.8690922531,6,"0",0.022887323943662
38456,"Paraiso","Alto (> 8 mts)",187,"Grande",-68.8514694097,-32.8691636772,6,"0",0.0859023207481815
38471,"Paraiso","Alto (> 8 mts)",185,"Grande",-68.8515899285,-32.8700649738,6,"0",0.0859023207481815
38473,"Paraiso","Alto (> 8 mts)",190,"Grande",-68.8516164528,-32.8701778073,6,"0",0.0859023207481815
38474,"Paraiso","Alto (> 8 mts)",200,"Grande",-68.8516278002,-32.8702291271,6,"1",0.0859023207481815
38475,"Paraiso","Medio (4 - 8 mts)",180,"Grande",-68.8515462104,-32.8702803097,6,"0",0.0859023207481815
38476,"Fresno europeo","Muy bajo (1 - 2 mts)",15,"Chico",-68.8514892231,-32.8702811618,6,"0",0.0420032310177706
38481,"Acacia SP","Alto (> 8 mts)",190,"Grande",-68.8511679375,-32.8703040184,6,"0",0.150492264416315
38483,"Paraiso","Alto (> 8 mts)",250,"Grande",-68.850787694,-32.8703277651,6,"1",0.0859023207481815
38485,"Paraiso","Alto (> 8 mts)",195,"Grande",-68.8506857484,-32.8703345865,6,"1",0.0859023207481815
38488,"Morera","Alto (> 8 mts)",198,"Grande",-68.8504739537,-32.8703462359,6,"0",0.185148665048544
38491,"Paraiso","Alto (> 8 mts)",230,"Grande",-68.8503486877,-32.8703056001,6,"0",0.0859023207481815
38494,"Paraiso","Alto (> 8 mts)",240,"Grande",-68.8503283352,-32.8701668762,6,"0",0.0859023207481815
38495,"Paraiso","Alto (> 8 mts)",197,"Grande",-68.8503099622,-32.8700787144,6,"0",0.0859023207481815
38496,"Paraiso","Alto (> 8 mts)",182,"Grande",-68.8502997826,-32.8699687586,6,"0",0.0859023207481815
38501,"Fresno europeo","Bajo (2 - 4 mts)",35,"Mediano",-68.850253157,-32.8696108203,6,"0",0.0420032310177706
38503,"Paraiso","Alto (> 8 mts)",220,"Grande",-68.8502272516,-32.8694487547,6,"1",0.0859023207481815
38511,"Morera","Alto (> 8 mts)",187,"Grande",-68.8503586606,-32.8688764811,6,"0",0.185148665048544
38513,"Aguaribay","Alto (> 8 mts)",95,"Grande",-68.850485866,-32.8688859107,6,"0",0.106529209621993
38517,"Fresno europeo","Alto (> 8 mts)",150,"Grande",-68.8507800562,-32.8692740358,6,"0",0.0420032310177706
38523,"Paraiso","Alto (> 8 mts)",220,"Grande",-68.8508502807,-32.8697695105,6,"0",0.0859023207481815
38525,"Jacarand","Alto (> 8 mts)",76,"Grande",-68.8508954408,-32.8700468354,6,"0",0.103064066852368
38529,"Fresno europeo","Alto (> 8 mts)",160,"Grande",-68.8531372474,-32.8706243176,6,"1",0.0420032310177706
38531,"Paraiso","Medio (4 - 8 mts)",180,"Grande",-68.8531470865,-32.8707484925,6,"0",0.0859023207481815
38532,"Paraiso","Medio (4 - 8 mts)",160,"Grande",-68.8531559812,-32.870797465,6,"0",0.0859023207481815
38534,"Fresno europeo","Alto (> 8 mts)",120,"Grande",-68.8531860686,-32.8709539443,6,"1",0.0420032310177706
38541,"Fresno europeo","Muy bajo (1 - 2 mts)",10,"Chico",-68.8532723219,-32.8714575516,6,"0",0.0420032310177706
38544,"Fresno europeo","Muy bajo (1 - 2 mts)",5,"Chico",-68.8532948058,-32.871628633,6,"0",0.0420032310177706
38556,"Morera","Alto (> 8 mts)",220,"Grande",-68.8525840422,-32.8711679297,6,"0",0.185148665048544
38558,"Morera","Alto (> 8 mts)",200,"Grande",-68.8525650179,-32.8710418504,6,"1",0.185148665048544
38559,"Morera","Alto (> 8 mts)",120,"Grande",-68.8525588808,-32.8710054147,6,"1",0.185148665048544
38560,"Morera","Bajo (2 - 4 mts)",20,"Chico",-68.8525424736,-32.87091207,6,"0",0.185148665048544
38564,"Prunas","Alto (> 8 mts)",90,"Grande",-68.8525059214,-32.8706222611,6,"0",0.0321782178217822
38567,"Morera","Alto (> 8 mts)",110,"Grande",-68.852550099,-32.8703739432,6,"0",0.185148665048544
38568,"Paraiso","Alto (> 8 mts)",170,"Grande",-68.8525963121,-32.8703741573,6,"0",0.0859023207481815
38571,"Paraiso","Alto (> 8 mts)",180,"Grande",-68.8529584266,-32.8704025612,6,"0",0.0859023207481815
38572,"Paraiso","Medio (4 - 8 mts)",190,"Grande",-68.8530708218,-32.8704088248,6,"0",0.0859023207481815
38573,"Fresno europeo","Medio (4 - 8 mts)",50,"Mediano",-68.8531094237,-32.8704558484,6,"0",0.0420032310177706
38575,"Morera","Alto (> 8 mts)",120,"Grande",-68.853120926,-32.8705433263,6,"0",0.185148665048544
38576,"Fresno europeo","Bajo (2 - 4 mts)",60,"Mediano",-68.8520275188,-32.8717753753,6,"0",0.0420032310177706
38577,"Fresno europeo","Medio (4 - 8 mts)",60,"Mediano",-68.8520058057,-32.8717244941,6,"0",0.0420032310177706
38581,"Fresno europeo","Muy bajo (1 - 2 mts)",5,"Chico",-68.851904654,-32.8714160968,6,"0",0.0420032310177706
38586,"Morera","Alto (> 8 mts)",170,"Grande",-68.8518503319,-32.8710211688,6,"1",0.185148665048544
38587,"Paraiso","Alto (> 8 mts)",190,"Grande",-68.8518401795,-32.870945739,6,"0",0.0859023207481815
38588,"Paraiso","Alto (> 8 mts)",220,"Grande",-68.8518322865,-32.8708930599,6,"0",0.0859023207481815
38589,"Paraiso","Alto (> 8 mts)",230,"Grande",-68.8518080806,-32.8707980242,6,"1",0.0859023207481815
38591,"Paraiso","Alto (> 8 mts)",180,"Grande",-68.851785332,-32.8705862938,6,"0",0.0859023207481815
38593,"Paraiso","Medio (4 - 8 mts)",160,"Grande",-68.8517621754,-32.8704573214,6,"1",0.0859023207481815
38595,"Paraiso","Alto (> 8 mts)",90,"Grande",-68.851852361,-32.8703863945,6,"0",0.0859023207481815
38600,"Paraiso","Alto (> 8 mts)",185,"Grande",-68.8521391512,-32.8703752661,6,"0",0.0859023207481815
38606,"Fresno europeo","Alto (> 8 mts)",80,"Grande",-68.8524121778,-32.870786827,6,"0",0.0420032310177706
38607,"Tilo","Alto (> 8 mts)",50,"Mediano",-68.8524144927,-32.8708251608,6,"0",0
38609,"Morera","Alto (> 8 mts)",180,"Grande",-68.8524343683,-32.8709603635,6,"0",0.185148665048544
38613,"Morera","Alto (> 8 mts)",140,"Grande",-68.8524851569,-32.87126195,6,"0",0.185148665048544
38615,"Morera","Medio (4 - 8 mts)",60,"Mediano",-68.8525290354,-32.8715025062,6,"0",0.185148665048544
38616,"Morera","Bajo (2 - 4 mts)",50,"Mediano",-68.8525524369,-32.8715488538,6,"0",0.185148665048544
38617,"Morera","Alto (> 8 mts)",240,"Grande",-68.8525839279,-32.8716244574,6,"0",0.185148665048544
38619,"Morera","Medio (4 - 8 mts)",120,"Grande",-68.8526285271,-32.8717486661,6,"0",0.185148665048544
38621,"Morera","Medio (4 - 8 mts)",45,"Mediano",-68.8524803845,-32.8718209949,6,"0",0.185148665048544
38625,"Morera","Alto (> 8 mts)",140,"Grande",-68.8521836658,-32.8718814188,6,"0",0.185148665048544
38626,"Morera","Alto (> 8 mts)",180,"Grande",-68.8521185849,-32.8718865717,6,"0",0.185148665048544
38627,"Fresno europeo","Medio (4 - 8 mts)",45,"Mediano",-68.8520541237,-32.8718403288,6,"0",0.0420032310177706
38635,"Tilo","Medio (4 - 8 mts)",50,"Mediano",-68.8512183014,-32.8714764055,6,"0",0
38638,"Caducifolio","Bajo (2 - 4 mts)",50,"Mediano",-68.8511860597,-32.8712682561,6,"0",0.0512249443207127
38641,"Morera","Alto (> 8 mts)",110,"Grande",-68.8511687402,-32.8711461461,6,"0",0.185148665048544
38643,"Morera","Alto (> 8 mts)",240,"Grande",-68.8511471539,-32.871019793,6,"1",0.185148665048544
38648,"Braquiquito","Bajo (2 - 4 mts)",12,"Chico",-68.8511036262,-32.8707302982,6,"0",0
38652,"Morera","Alto (> 8 mts)",120,"Grande",-68.8510634565,-32.8704980415,6,"0",0.185148665048544
38655,"Paraiso","Alto (> 8 mts)",250,"Grande",-68.8513008551,-32.870418982,6,"0",0.0859023207481815
38658,"Paraiso","Alto (> 8 mts)",250,"Grande",-68.8515889833,-32.8704072027,6,"1",0.0859023207481815
38659,"Paraiso","Alto (> 8 mts)",250,"Grande",-68.8516607407,-32.8704536908,6,"0",0.0859023207481815
38661,"Paraiso","Alto (> 8 mts)",210,"Grande",-68.851682229,-32.8706528077,6,"0",0.0859023207481815
38663,"Paraiso","Alto (> 8 mts)",140,"Grande",-68.851690926,-32.8707557916,6,"0",0.0859023207481815
38664,"Paraiso","Alto (> 8 mts)",260,"Grande",-68.8517051726,-32.8708332929,6,"1",0.0859023207481815
38667,"Paraiso","Alto (> 8 mts)",250,"Grande",-68.8517317729,-32.871058629,6,"0",0.0859023207481815
38672,"Paraiso","Alto (> 8 mts)",210,"Grande",-68.851778704,-32.8713653508,6,"1",0.0859023207481815
38673,"Morera","Alto (> 8 mts)",270,"Grande",-68.8517827805,-32.871419818,6,"0",0.185148665048544
38674,"Fresno europeo","Alto (> 8 mts)",130,"Grande",-68.8518019996,-32.8715104647,6,"0",0.0420032310177706
38675,"Morera","Alto (> 8 mts)",110,"Grande",-68.8518379903,-32.8716317816,6,"1",0.185148665048544
38678,"Fresno europeo","Bajo (2 - 4 mts)",60,"Mediano",-68.8519059164,-32.8717802656,6,"0",0.0420032310177706
38683,"Morera","Alto (> 8 mts)",90,"Grande",-68.8516269224,-32.8719750769,6,"0",0.185148665048544
38686,"Morera","Alto (> 8 mts)",150,"Grande",-68.851442656,-32.8720080406,6,"0",0.185148665048544
38690,"Morera","Alto (> 8 mts)",180,"Grande",-68.8508959593,-32.8721055017,6,"1",0.185148665048544
38692,"Fresno europeo","Muy bajo (1 - 2 mts)",2,"Chico",-68.850794445,-32.8721240998,6,"0",0.0420032310177706
38695,"Fresno europeo","Medio (4 - 8 mts)",80,"Grande",-68.8506380084,-32.8720424288,6,"0",0.0420032310177706
38705,"Acer","Alto (> 8 mts)",180,"Grande",-68.8504575053,-32.8710425949,6,"0",0.0204081632653061
38707,"Paraiso","Alto (> 8 mts)",170,"Grande",-68.8504017517,-32.8707112457,6,"0",0.0859023207481815
38708,"Acer","Medio (4 - 8 mts)",35,"Mediano",-68.8503801011,-32.8705602761,6,"0",0.0204081632653061
38711,"Paraiso","Alto (> 8 mts)",185,"Grande",-68.8505556936,-32.8704562619,6,"0",0.0859023207481815
38712,"Paraiso","Alto (> 8 mts)",180,"Grande",-68.8506136419,-32.8704520814,6,"1",0.0859023207481815
38713,"Paraiso","Alto (> 8 mts)",120,"Grande",-68.8507117739,-32.8704498731,6,"0",0.0859023207481815
38721,"Paraiso","Alto (> 8 mts)",185,"Grande",-68.851013408,-32.870813135,6,"0",0.0859023207481815
38724,"Morera","Alto (> 8 mts)",60,"Mediano",-68.8510543765,-32.8711664784,6,"0",0.185148665048544
38728,"Morera","Alto (> 8 mts)",250,"Grande",-68.8510896043,-32.8714418076,6,"0",0.185148665048544
38732,"Fresno europeo","Medio (4 - 8 mts)",84,"Grande",-68.8511204346,-32.8716792091,6,"0",0.0420032310177706
38735,"Prunas","Muy bajo (1 - 2 mts)",10,"Chico",-68.8512065025,-32.8718873837,6,"0",0.0321782178217822
38736,"Fresno europeo","Medio (4 - 8 mts)",40,"Mediano",-68.8512376095,-32.8719434159,6,"0",0.0420032310177706
38738,"Paraiso","Alto (> 8 mts)",215,"Grande",-68.8501873652,-32.8702302958,6,"0",0.0859023207481815
38739,"Paraiso","Medio (4 - 8 mts)",60,"Mediano",-68.8501937119,-32.8702685353,6,"0",0.0859023207481815
38740,"Paraiso","Alto (> 8 mts)",198,"Grande",-68.8501978219,-32.8703660133,6,"0",0.0859023207481815
38742,"Paraiso","Alto (> 8 mts)",230,"Grande",-68.8500246652,-32.8704021595,6,"0",0.0859023207481815
38745,"Acacia SP","Medio (4 - 8 mts)",96,"Grande",-68.8497309514,-32.8704515796,6,"0",0.150492264416315
38750,"Morera","Muy bajo (1 - 2 mts)",25,"Mediano",-68.8493331449,-32.8705234928,6,"0",0.185148665048544
38754,"Morera","Alto (> 8 mts)",198,"Grande",-68.8492770575,-32.8703921385,6,"1",0.185148665048544
38758,"Morera","Alto (> 8 mts)",150,"Grande",-68.8491766986,-32.8700100453,6,"0",0.185148665048544
38759,"Liquidambar","Bajo (2 - 4 mts)",46,"Mediano",-68.8491460627,-32.8699060764,6,"0",0
38764,"Morera","Alto (> 8 mts)",215,"Grande",-68.8492022204,-32.8696414454,6,"1",0.185148665048544
38772,"Morera","Alto (> 8 mts)",200,"Grande",-68.84977568,-32.8695369815,6,"0",0.185148665048544
38773,"Paraiso","Alto (> 8 mts)",230,"Grande",-68.8498648745,-32.8695193901,6,"0",0.0859023207481815
38774,"Perenne","Medio (4 - 8 mts)",76,"Grande",-68.8500038784,-32.8694948982,6,"0",0.0364741641337386
38776,"Paraiso","Alto (> 8 mts)",140,"Grande",-68.8501167789,-32.8695073227,6,"0",0.0859023207481815
38783,"Paraiso","Alto (> 8 mts)",210,"Grande",-68.8501775534,-32.8699100229,6,"0",0.0859023207481815
38789,"Prunas","Medio (4 - 8 mts)",50,"Mediano",-68.8496037405,-32.8706074542,6,"0",0.0321782178217822
38791,"Paraiso","Alto (> 8 mts)",110,"Grande",-68.8497639004,-32.8705827923,6,"0",0.0859023207481815
38792,"Fresno americano","Medio (4 - 8 mts)",45,"Mediano",-68.8498105007,-32.8705739152,6,"0",0.0512455516014235
38796,"Acer","Alto (> 8 mts)",120,"Grande",-68.8500839928,-32.8705186646,6,"0",0.0204081632653061
38799,"Paraiso","Alto (> 8 mts)",80,"Grande",-68.8502638728,-32.8705459805,6,"1",0.0859023207481815
38803,"Morera","Alto (> 8 mts)",215,"Grande",-68.8503016389,-32.8707716296,6,"1",0.185148665048544
38804,"Morera","Alto (> 8 mts)",210,"Grande",-68.8503034748,-32.8708236596,6,"0",0.185148665048544
38808,"Morera","Alto (> 8 mts)",140,"Grande",-68.8503386317,-32.8710760859,6,"1",0.185148665048544
38809,"Morera","Alto (> 8 mts)",150,"Grande",-68.8503400676,-32.8711117947,6,"1",0.185148665048544
38810,"Morera","Alto (> 8 mts)",190,"Grande",-68.8503547718,-32.8711515915,6,"0",0.185148665048544
38811,"Morera","Medio (4 - 8 mts)",40,"Mediano",-68.8503706185,-32.8712700263,6,"0",0.185148665048544
38813,"Morera","Alto (> 8 mts)",190,"Grande",-68.8503854311,-32.8713948007,6,"0",0.185148665048544
38822,"Braquiquito","Muy bajo (1 - 2 mts)",5,"Chico",-68.8498581887,-32.8715464651,6,"0",0
38823,"Morera","Alto (> 8 mts)",190,"Grande",-68.8497810223,-32.8715584552,6,"0",0.185148665048544
38825,"Morera","Alto (> 8 mts)",90,"Grande",-68.8496558523,-32.8715867984,6,"0",0.185148665048544
38827,"Morera","Alto (> 8 mts)",80,"Grande",-68.849556652,-32.8714855992,6,"0",0.185148665048544
38829,"Morera","Alto (> 8 mts)",100,"Grande",-68.8495230668,-32.8713368811,6,"1",0.185148665048544
38833,"Prunas","Muy bajo (1 - 2 mts)",10,"Chico",-68.8494357414,-32.8710168432,6,"0",0.0321782178217822
38835,"Morera","Alto (> 8 mts)",200,"Grande",-68.8493940094,-32.8708629639,6,"0",0.185148665048544
38838,"Pltano","Alto (> 8 mts)",270,"Grande",-68.8491454575,-32.8716945676,6,"0",0.0903973509933775
38839,"Paraiso sombrilla","Medio (4 - 8 mts)",70,"Grande",-68.8491964701,-32.8716681193,6,"0",0.022887323943662
38840,"Morera","Alto (> 8 mts)",150,"Grande",-68.8492485425,-32.8716468119,6,"0",0.185148665048544
38843,"Paraiso","Bajo (2 - 4 mts)",30,"Mediano",-68.8494019984,-32.8714464599,6,"0",0.0859023207481815
38846,"Pltano","Alto (> 8 mts)",220,"Grande",-68.8493312572,-32.8711974169,6,"0",0.0903973509933775
38850,"Pltano","Alto (> 8 mts)",110,"Grande",-68.849273904,-32.8709708476,6,"0",0.0903973509933775
38851,"Pltano","Alto (> 8 mts)",195,"Grande",-68.8492509764,-32.8709030973,6,"0",0.0903973509933775
38854,"Morera","Alto (> 8 mts)",75,"Grande",-68.8492250203,-32.8707718695,6,"0",0.185148665048544
38855,"Paraiso","Medio (4 - 8 mts)",90,"Grande",-68.8492088851,-32.8707092725,6,"0",0.0859023207481815
38856,"Paraiso","Alto (> 8 mts)",130,"Grande",-68.8490684459,-32.8707081311,6,"0",0.0859023207481815
38857,"Jacarand","Muy bajo (1 - 2 mts)",35,"Mediano",-68.8489202665,-32.8707347451,6,"0",0.103064066852368
38859,"Pltano","Alto (> 8 mts)",210,"Grande",-68.8485658865,-32.8708007778,6,"0",0.0903973509933775
38860,"Morera","Alto (> 8 mts)",120,"Grande",-68.848495969,-32.8708154142,6,"0",0.185148665048544
38861,"Pltano","Alto (> 8 mts)",190,"Grande",-68.848367755,-32.8708402638,6,"0",0.0903973509933775
38870,"Morera","Alto (> 8 mts)",180,"Grande",-68.8481687342,-32.871192675,6,"0",0.185148665048544
38871,"Morera","Alto (> 8 mts)",160,"Grande",-68.8481859393,-32.8712541013,6,"0",0.185148665048544
38874,"Morera","Alto (> 8 mts)",190,"Grande",-68.8482351869,-32.871448386,6,"0",0.185148665048544
38876,"Paraiso","Alto (> 8 mts)",186,"Grande",-68.8482778962,-32.8715920056,6,"0",0.0859023207481815
38877,"Paraiso","Medio (4 - 8 mts)",189,"Grande",-68.8482941792,-32.8716929971,6,"0",0.0859023207481815
38880,"Fresno europeo","Alto (> 8 mts)",94,"Grande",-68.8485103601,-32.8718059708,6,"1",0.0420032310177706
38881,"Fresno europeo","Bajo (2 - 4 mts)",38,"Mediano",-68.8486180545,-32.8717856381,6,"0",0.0420032310177706
38886,"Jacarand","Bajo (2 - 4 mts)",30,"Mediano",-68.8490717194,-32.871701061,6,"0",0.103064066852368
38888,"Morera","Alto (> 8 mts)",10,"Chico",-68.8488451603,-32.8697066001,6,"0",0.185148665048544
38894,"Morera","Alto (> 8 mts)",98,"Grande",-68.8490066234,-32.8699177772,6,"0",0.185148665048544
38902,"Paraiso","Alto (> 8 mts)",160,"Grande",-68.8491613216,-32.8704974855,6,"1",0.0859023207481815
38904,"Paraiso sombrilla","Muy bajo (1 - 2 mts)",15,"Chico",-68.8489046462,-32.8706055712,6,"0",0.022887323943662
38905,"lamo criollo","Alto (> 8 mts)",170,"Grande",-68.8486719058,-32.8697378598,6,"0",0.0128205128205128
38910,"Pltano","Alto (> 8 mts)",190,"Grande",-68.8481535048,-32.8698467875,6,"0",0.0903973509933775
38913,"Morera","Alto (> 8 mts)",170,"Grande",-68.8478790518,-32.8698852269,6,"0",0.185148665048544
38919,"Fresno europeo","Medio (4 - 8 mts)",65,"Grande",-68.8479203725,-32.870215658,6,"0",0.0420032310177706
38925,"Pltano","Alto (> 8 mts)",260,"Grande",-68.8484474818,-32.8706884429,6,"0",0.0903973509933775
38926,"Morera","Alto (> 8 mts)",180,"Grande",-68.8485290942,-32.8706723915,6,"1",0.185148665048544
38927,"Acer","Medio (4 - 8 mts)",62,"Grande",-68.8486239202,-32.8706546528,6,"0",0.0204081632653061
38932,"Morera","Alto (> 8 mts)",88,"Grande",-68.8561331126,-32.8706143637,6,"0",0.185148665048544
38933,"Morera","Alto (> 8 mts)",117,"Grande",-68.8562098392,-32.8706189351,6,"1",0.185148665048544
38934,"Morera","Alto (> 8 mts)",130,"Grande",-68.8562578987,-32.8706231634,6,"0",0.185148665048544
38940,"Morera","Alto (> 8 mts)",85,"Grande",-68.8564364603,-32.8709448226,6,"0",0.185148665048544
38941,"Morera","Medio (4 - 8 mts)",93,"Grande",-68.8564391072,-32.8709639091,6,"0",0.185148665048544
38944,"Fresno europeo","Muy bajo (1 - 2 mts)",2,"Chico",-68.8563965736,-32.8711096137,6,"0",0.0420032310177706
38952,"Morera","Alto (> 8 mts)",88,"Grande",-68.8559032881,-32.8710051641,6,"0",0.185148665048544
38953,"Morera","Medio (4 - 8 mts)",55,"Mediano",-68.8558876825,-32.8709424783,6,"0",0.185148665048544
38955,"Morera","Alto (> 8 mts)",120,"Grande",-68.8558606493,-32.8708105293,6,"0",0.185148665048544
38956,"Morera","Alto (> 8 mts)",150,"Grande",-68.8558460431,-32.870724581,6,"0",0.185148665048544
38957,"Morera","Alto (> 8 mts)",115,"Grande",-68.8558303372,-32.8706579276,6,"0",0.185148665048544
38958,"Morera","Medio (4 - 8 mts)",40,"Mediano",-68.8549929199,-32.8705136751,6,"0",0.185148665048544
38959,"Morera","Alto (> 8 mts)",90,"Grande",-68.854948856,-32.8705105294,6,"0",0.185148665048544
38960,"Morera","Alto (> 8 mts)",140,"Grande",-68.8551082496,-32.8705250853,6,"0",0.185148665048544
38961,"Morera","Alto (> 8 mts)",120,"Grande",-68.8552391571,-32.8705377262,6,"0",0.185148665048544
38965,"Morera","Alto (> 8 mts)",120,"Grande",-68.8554804666,-32.8705617234,6,"0",0.185148665048544
38966,"Morera","Alto (> 8 mts)",120,"Grande",-68.8555535337,-32.8705649141,6,"0",0.185148665048544
38967,"Morera","Alto (> 8 mts)",90,"Grande",-68.8556241443,-32.8705753651,6,"1",0.185148665048544
38976,"Morera","Alto (> 8 mts)",120,"Grande",-68.8557337945,-32.87123445,6,"0",0.185148665048544
38980,"Morera","Alto (> 8 mts)",100,"Grande",-68.8553987906,-32.8712932035,6,"0",0.185148665048544
38982,"Fresno europeo","Bajo (2 - 4 mts)",25,"Mediano",-68.8551312575,-32.8713438235,6,"0",0.0420032310177706
38983,"Morera","Alto (> 8 mts)",180,"Grande",-68.8550312029,-32.8713036236,6,"0",0.185148665048544
38984,"Perenne","Medio (4 - 8 mts)",50,"Mediano",-68.8550257497,-32.8712790696,6,"0",0.0364741641337386
38985,"Morera","Medio (4 - 8 mts)",120,"Grande",-68.8550169999,-32.8712382803,6,"0",0.185148665048544
38986,"Prunas","Bajo (2 - 4 mts)",60,"Mediano",-68.8550034804,-32.8711987181,6,"0",0.0321782178217822
38987,"Morera","Medio (4 - 8 mts)",90,"Grande",-68.8549864273,-32.8711152411,6,"0",0.185148665048544
38991,"Paraiso","Alto (> 8 mts)",140,"Grande",-68.8549226409,-32.8708193636,6,"0",0.0859023207481815
38993,"Morera","Medio (4 - 8 mts)",55,"Mediano",-68.8548923262,-32.8706437099,6,"0",0.185148665048544
38995,"Paraiso sombrilla","Medio (4 - 8 mts)",50,"Mediano",-68.8548754919,-32.8705755755,6,"0",0.022887323943662
38996,"Paraiso","Medio (4 - 8 mts)",180,"Grande",-68.8540422925,-32.8704540144,6,"0",0.0859023207481815
38997,"Paraiso","Alto (> 8 mts)",210,"Grande",-68.8541032295,-32.8704561098,6,"0",0.0859023207481815
38998,"Paraiso","Bajo (2 - 4 mts)",20,"Chico",-68.8541742282,-32.8704545181,6,"0",0.0859023207481815
38999,"Perenne","Bajo (2 - 4 mts)",30,"Mediano",-68.8542089978,-32.8704638073,6,"0",0.0364741641337386
39001,"Paraiso","Muy bajo (1 - 2 mts)",4,"Chico",-68.8542841829,-32.8704674277,6,"0",0.0859023207481815
39002,"Paraiso","Alto (> 8 mts)",180,"Grande",-68.8543593012,-32.870473351,6,"0",0.0859023207481815
39009,"Morera","Medio (4 - 8 mts)",80,"Grande",-68.8547445631,-32.870638277,6,"1",0.185148665048544
39015,"Caducifolio","Muy bajo (1 - 2 mts)",4,"Chico",-68.8547422497,-32.8708120309,6,"0",0.0512249443207127
39021,"Paraiso","Bajo (2 - 4 mts)",45,"Mediano",-68.8548325105,-32.8710274414,6,"0",0.0859023207481815
39023,"Morera","Alto (> 8 mts)",150,"Grande",-68.8548310093,-32.8712254706,6,"0",0.185148665048544
39027,"Morera","Alto (> 8 mts)",190,"Grande",-68.8544811079,-32.871466628,6,"0",0.185148665048544
39028,"Morera","Alto (> 8 mts)",160,"Grande",-68.8544393221,-32.8714762862,6,"0",0.185148665048544
39029,"Acer","Alto (> 8 mts)",75,"Grande",-68.8543866172,-32.8714878882,6,"0",0.0204081632653061
39037,"Fresno europeo","Muy bajo (1 - 2 mts)",20,"Chico",-68.8541089626,-32.8712615099,6,"0",0.0420032310177706
39038,"Morera","Medio (4 - 8 mts)",120,"Grande",-68.8540994502,-32.8711979294,6,"0",0.185148665048544
39039,"Paraiso","Alto (> 8 mts)",240,"Grande",-68.854091425,-32.8711586161,6,"0",0.0859023207481815
39041,"Paraiso","Medio (4 - 8 mts)",110,"Grande",-68.8540728558,-32.8710605703,6,"0",0.0859023207481815
39054,"Paraiso","Alto (> 8 mts)",210,"Grande",-68.8538390064,-32.8704466942,6,"0",0.0859023207481815
39056,"Paraiso","Alto (> 8 mts)",190,"Grande",-68.8536015888,-32.8704456051,6,"0",0.0859023207481815
39063,"Paraiso","Alto (> 8 mts)",130,"Grande",-68.8532524586,-32.8706076813,6,"0",0.0859023207481815
39066,"Fresno europeo","Medio (4 - 8 mts)",33,"Mediano",-68.8532786006,-32.870759377,6,"0",0.0420032310177706
39069,"Paraiso sombrilla","Alto (> 8 mts)",80,"Grande",-68.8532980408,-32.8708969795,6,"0",0.022887323943662
39071,"Fresno europeo","Medio (4 - 8 mts)",55,"Mediano",-68.8533192806,-32.8710370564,6,"0",0.0420032310177706
39072,"Fresno americano","Bajo (2 - 4 mts)",30,"Mediano",-68.8533373038,-32.8711229189,6,"0",0.0512455516014235
39074,"Paraiso","Alto (> 8 mts)",65,"Grande",-68.85335099,-32.8712470081,6,"0",0.0859023207481815
39076,"Fresno europeo","Alto (> 8 mts)",90,"Grande",-68.8533675426,-32.87131754,6,"0",0.0420032310177706
39078,"Fresno europeo","Medio (4 - 8 mts)",65,"Grande",-68.8533791808,-32.8713876153,6,"0",0.0420032310177706
39081,"Acacia SP","Alto (> 8 mts)",220,"Grande",-68.8534083668,-32.8715727673,6,"0",0.150492264416315
39084,"Morera","Alto (> 8 mts)",90,"Grande",-68.8535354131,-32.8716372971,6,"0",0.185148665048544
39085,"Morera","Alto (> 8 mts)",160,"Grande",-68.8536048856,-32.8716254761,6,"0",0.185148665048544
39086,"Morera","Bajo (2 - 4 mts)",35,"Mediano",-68.8536683704,-32.8716160826,6,"0",0.185148665048544
39087,"Morera","Alto (> 8 mts)",160,"Grande",-68.8537391275,-32.8716027301,6,"1",0.185148665048544
39097,"Fresno europeo","Alto (> 8 mts)",90,"Grande",-68.8540157255,-32.8713655469,6,"0",0.0420032310177706
39099,"Morera","Alto (> 8 mts)",230,"Grande",-68.8539934035,-32.8712291846,6,"0",0.185148665048544
39102,"Fresno europeo","Medio (4 - 8 mts)",80,"Grande",-68.8539745475,-32.8711295254,6,"0",0.0420032310177706
39105,"Fresno europeo","Alto (> 8 mts)",99,"Grande",-68.8539451341,-32.8709403318,6,"1",0.0420032310177706
39107,"Paraiso","Medio (4 - 8 mts)",90,"Grande",-68.8539360765,-32.8708718664,6,"0",0.0859023207481815
39108,"Fresno europeo","Alto (> 8 mts)",110,"Grande",-68.8539280363,-32.8708228048,6,"1",0.0420032310177706
39110,"Fresno europeo","Medio (4 - 8 mts)",70,"Grande",-68.8539048492,-32.8706929337,6,"1",0.0420032310177706
39111,"Morera","Medio (4 - 8 mts)",100,"Grande",-68.8530643984,-32.8724245551,6,"1",0.185148665048544
39112,"Fresno europeo","Medio (4 - 8 mts)",120,"Grande",-68.8530365741,-32.8723857495,6,"0",0.0420032310177706
39116,"Fresno europeo","Muy bajo (1 - 2 mts)",2,"Chico",-68.8528836109,-32.8720329171,6,"0",0.0420032310177706
39117,"Morera","Bajo (2 - 4 mts)",80,"Grande",-68.852857324,-32.8719691364,6,"0",0.185148665048544
39118,"Paraiso sombrilla","Muy bajo (1 - 2 mts)",9,"Chico",-68.8528287879,-32.8719085991,6,"0",0.022887323943662
39122,"Fresno europeo","Muy bajo (1 - 2 mts)",8,"Chico",-68.8530737322,-32.8718186275,6,"0",0.0420032310177706
39124,"Morera","Medio (4 - 8 mts)",140,"Grande",-68.8532186601,-32.8717969685,6,"1",0.185148665048544
39129,"Morera","Medio (4 - 8 mts)",140,"Grande",-68.8535664641,-32.8717282243,6,"1",0.185148665048544
39130,"Fresno europeo","Muy bajo (1 - 2 mts)",2,"Chico",-68.8536812674,-32.8717116439,6,"0",0.0420032310177706
39131,"Morera","Medio (4 - 8 mts)",124,"Grande",-68.8537322502,-32.8717012213,6,"0",0.185148665048544
39133,"Fresno europeo","Muy bajo (1 - 2 mts)",2,"Chico",-68.8538622009,-32.8716760176,6,"0",0.0420032310177706
39137,"Fresno europeo","Bajo (2 - 4 mts)",36,"Mediano",-68.8540870669,-32.8718433478,6,"0",0.0420032310177706
39139,"Fresno europeo","Bajo (2 - 4 mts)",64,"Grande",-68.8541044884,-32.8719709578,6,"0",0.0420032310177706
39141,"Fresno europeo","Bajo (2 - 4 mts)",40,"Mediano",-68.8541272534,-32.872097943,6,"0",0.0420032310177706
39144,"Fresno europeo","Bajo (2 - 4 mts)",60,"Mediano",-68.8541064636,-32.8722654535,6,"0",0.0420032310177706
39147,"Fresno europeo","Bajo (2 - 4 mts)",60,"Mediano",-68.8538723843,-32.872310806,6,"0",0.0420032310177706
39151,"Fresno europeo","Medio (4 - 8 mts)",80,"Grande",-68.8536369289,-32.8723481314,6,"0",0.0420032310177706
39154,"Fresno europeo","Medio (4 - 8 mts)",110,"Grande",-68.8533103594,-32.8724064086,6,"0",0.0420032310177706
39156,"Fresno europeo","Bajo (2 - 4 mts)",80,"Grande",-68.8532004053,-32.872433912,6,"1",0.0420032310177706
39163,"Morera","Medio (4 - 8 mts)",55,"Mediano",-68.8532753561,-32.8729238904,6,"0",0.185148665048544
39164,"Prunas","Muy bajo (1 - 2 mts)",30,"Mediano",-68.8532388269,-32.8728503595,6,"0",0.0321782178217822
39165,"Morera","Alto (> 8 mts)",150,"Grande",-68.8532084922,-32.8727786392,6,"0",0.185148665048544
39170,"Fresno europeo","Bajo (2 - 4 mts)",50,"Mediano",-68.8532613805,-32.8725213577,6,"0",0.0420032310177706
39171,"Fresno europeo","Alto (> 8 mts)",85,"Grande",-68.8533359932,-32.8725030507,6,"0",0.0420032310177706
39173,"Fresno europeo","Alto (> 8 mts)",180,"Grande",-68.853594217,-32.8724606128,6,"0",0.0420032310177706
39174,"Fresno europeo","Medio (4 - 8 mts)",70,"Grande",-68.8541496732,-32.8723706414,6,"0",0.0420032310177706
39176,"Fresno europeo","Medio (4 - 8 mts)",70,"Grande",-68.8541877961,-32.872450035,6,"0",0.0420032310177706
39177,"Paraiso","Muy bajo (1 - 2 mts)",10,"Chico",-68.8541994075,-32.8725369718,6,"0",0.0859023207481815
39186,"Morera","Alto (> 8 mts)",150,"Grande",-68.8541506508,-32.873078743,6,"0",0.185148665048544
39188,"Morera","Alto (> 8 mts)",180,"Grande",-68.8539848778,-32.8731060513,6,"0",0.185148665048544
39191,"Morera","Alto (> 8 mts)",170,"Grande",-68.8536519294,-32.8731685103,6,"0",0.185148665048544
39198,"Paraiso","Alto (> 8 mts)",180,"Grande",-68.8543389127,-32.8726288367,6,"0",0.0859023207481815
39200,"Perenne","Bajo (2 - 4 mts)",30,"Mediano",-68.8543113479,-32.8724963457,6,"0",0.0364741641337386
39201,"Fresno europeo","Medio (4 - 8 mts)",70,"Grande",-68.8543059755,-32.8723838982,6,"0",0.0420032310177706
39203,"Fresno europeo","Alto (> 8 mts)",180,"Grande",-68.8544825209,-32.87230232,6,"0",0.0420032310177706
39204,"Fresno europeo","Muy bajo (1 - 2 mts)",4,"Chico",-68.8546003129,-32.8722860642,6,"0",0.0420032310177706
39205,"Fresno europeo","Bajo (2 - 4 mts)",60,"Mediano",-68.8546576963,-32.872273756,6,"0",0.0420032310177706
39206,"Fresno europeo","Medio (4 - 8 mts)",100,"Grande",-68.8546938241,-32.8722670389,6,"0",0.0420032310177706
39213,"Morera","Alto (> 8 mts)",185,"Grande",-68.8551421053,-32.8724954647,6,"0",0.185148665048544
39214,"Acer","Bajo (2 - 4 mts)",35,"Mediano",-68.8551692062,-32.8725959872,6,"0",0.0204081632653061
39216,"Morera","Alto (> 8 mts)",80,"Grande",-68.8552004059,-32.8727281215,6,"1",0.185148665048544
39217,"Perenne","Muy bajo (1 - 2 mts)",20,"Chico",-68.8551075755,-32.8728131682,6,"0",0.0364741641337386
39221,"Morera","Alto (> 8 mts)",120,"Grande",-68.8550008158,-32.8729191397,6,"0",0.185148665048544
39226,"Paraiso","Medio (4 - 8 mts)",70,"Grande",-68.8545143898,-32.873005408,6,"0",0.0859023207481815
39228,"Fresno europeo","Muy bajo (1 - 2 mts)",8,"Chico",-68.8542455889,-32.8720667921,6,"0",0.0420032310177706
39229,"Fresno europeo","Medio (4 - 8 mts)",65,"Grande",-68.8542364906,-32.8720144832,6,"0",0.0420032310177706
39233,"Fresno europeo","Alto (> 8 mts)",130,"Grande",-68.8541833788,-32.8716889097,6,"0",0.0420032310177706
39235,"Morera","Alto (> 8 mts)",200,"Grande",-68.8542299645,-32.8716158997,6,"0",0.185148665048544
39236,"Paraiso","Medio (4 - 8 mts)",50,"Mediano",-68.8542826501,-32.8716063896,6,"0",0.0859023207481815
39243,"Morera","Medio (4 - 8 mts)",70,"Grande",-68.8549708638,-32.8717149473,6,"0",0.185148665048544
39246,"Morera","Alto (> 8 mts)",90,"Grande",-68.8550174509,-32.8718895143,6,"0",0.185148665048544
39249,"Paraiso","Alto (> 8 mts)",200,"Grande",-68.8549314862,-32.8721209697,6,"0",0.0859023207481815
39250,"Fresno europeo","Bajo (2 - 4 mts)",45,"Mediano",-68.8548841885,-32.8721274828,6,"0",0.0420032310177706
39251,"Fresno europeo","Medio (4 - 8 mts)",89,"Grande",-68.8547603669,-32.8721517894,6,"0",0.0420032310177706
39254,"Fresno europeo","Medio (4 - 8 mts)",90,"Grande",-68.8545427512,-32.8721922932,6,"1",0.0420032310177706
39257,"Morera","Alto (> 8 mts)",130,"Grande",-68.8551905843,-32.8719917848,6,"0",0.185148665048544
39259,"Morera","Alto (> 8 mts)",170,"Grande",-68.8551535207,-32.8717980219,6,"1",0.185148665048544
39260,"Morera","Medio (4 - 8 mts)",150,"Grande",-68.8551246781,-32.8717061888,6,"1",0.185148665048544
39263,"Paraiso","Alto (> 8 mts)",80,"Grande",-68.855337274,-32.8714180279,6,"1",0.0859023207481815
39265,"Morera","Alto (> 8 mts)",140,"Grande",-68.8555183282,-32.8713875795,6,"0",0.185148665048544
39266,"Paraiso","Alto (> 8 mts)",180,"Grande",-68.8555814609,-32.8713803027,6,"0",0.0859023207481815
39270,"Morera","Bajo (2 - 4 mts)",45,"Mediano",-68.8558245335,-32.8713693922,6,"0",0.185148665048544
39271,"Morera","Medio (4 - 8 mts)",65,"Grande",-68.8558344208,-32.8714001513,6,"0",0.185148665048544
39274,"Morera","Alto (> 8 mts)",120,"Grande",-68.855867405,-32.8715880682,6,"0",0.185148665048544
39275,"Paraiso","Alto (> 8 mts)",210,"Grande",-68.8558732467,-32.8716163845,6,"0",0.0859023207481815
39276,"Paraiso","Medio (4 - 8 mts)",58,"Mediano",-68.8558827059,-32.8717070193,6,"0",0.0859023207481815
39280,"Conifera","Medio (4 - 8 mts)",50,"Mediano",-68.8558994276,-32.8719385035,6,"0",0.021505376344086
39281,"Conifera","Alto (> 8 mts)",95,"Grande",-68.855808384,-32.8719550385,6,"0",0.021505376344086
39286,"Morera","Alto (> 8 mts)",70,"Grande",-68.8554678348,-32.8720172645,6,"0",0.185148665048544
39287,"Morera","Alto (> 8 mts)",75,"Grande",-68.8554075566,-32.8720259413,6,"0",0.185148665048544
39289,"Conifera","Bajo (2 - 4 mts)",20,"Chico",-68.8552635543,-32.8720488455,6,"0",0.021505376344086
39293,"Morera","Alto (> 8 mts)",180,"Grande",-68.8552600685,-32.8723752674,6,"0",0.185148665048544
39299,"Paraiso","Alto (> 8 mts)",190,"Grande",-68.8556717774,-32.8720925074,6,"0",0.0859023207481815
39300,"Fresno europeo","Bajo (2 - 4 mts)",45,"Mediano",-68.8557369439,-32.8720812943,6,"0",0.0420032310177706
39304,"Acacia SP","Alto (> 8 mts)",95,"Grande",-68.8560280528,-32.8724159184,6,"1",0.150492264416315
39305,"Morera","Alto (> 8 mts)",140,"Grande",-68.8560370769,-32.8724519966,6,"0",0.185148665048544
39307,"Fresno europeo","Muy bajo (1 - 2 mts)",2,"Chico",-68.856063495,-32.8725683455,6,"0",0.0420032310177706
39308,"Morera","Medio (4 - 8 mts)",50,"Mediano",-68.8560806852,-32.8726305822,6,"0",0.185148665048544
39312,"Prunas","Muy bajo (1 - 2 mts)",30,"Mediano",-68.8553731815,-32.8727965797,6,"0",0.0321782178217822
39318,"Morera","Alto (> 8 mts)",170,"Grande",-68.8560072778,-32.8715617718,6,"0",0.185148665048544
39319,"Morera","Alto (> 8 mts)",90,"Grande",-68.8559922315,-32.8715066086,6,"0",0.185148665048544
39320,"Morera","Alto (> 8 mts)",60,"Mediano",-68.8559850346,-32.8714639502,6,"0",0.185148665048544
39322,"Morera","Medio (4 - 8 mts)",80,"Grande",-68.855968111,-32.8713572603,6,"0",0.185148665048544
39323,"Morera","Medio (4 - 8 mts)",90,"Grande",-68.8560154272,-32.871302672,6,"0",0.185148665048544
39324,"Morera","Medio (4 - 8 mts)",95,"Grande",-68.8560763177,-32.8712929335,6,"0",0.185148665048544
39325,"Morera","Medio (4 - 8 mts)",70,"Grande",-68.856140523,-32.8712804323,6,"0",0.185148665048544
39328,"Morera","Alto (> 8 mts)",180,"Grande",-68.8563684373,-32.871236494,6,"1",0.185148665048544
39330,"Morera","Alto (> 8 mts)",185,"Grande",-68.8564812657,-32.8712545159,6,"0",0.185148665048544
39332,"Morera","Alto (> 8 mts)",190,"Grande",-68.8565085167,-32.8713846616,6,"0",0.185148665048544
39337,"Morera","Medio (4 - 8 mts)",150,"Grande",-68.8565786838,-32.8717373948,6,"0",0.185148665048544
39341,"Morera","Alto (> 8 mts)",220,"Grande",-68.8563648885,-32.8718615833,6,"0",0.185148665048544
39345,"Morera","Medio (4 - 8 mts)",140,"Grande",-68.8561305035,-32.8718990949,6,"0",0.185148665048544
39347,"Acacia SP","Alto (> 8 mts)",90,"Grande",-68.8562003833,-32.8725615599,6,"0",0.150492264416315
39350,"Fresno americano","Alto (> 8 mts)",80,"Grande",-68.8561623482,-32.8723604384,6,"0",0.0512455516014235
39351,"Morera","Muy bajo (1 - 2 mts)",15,"Chico",-68.8561461112,-32.8722915303,6,"0",0.185148665048544
39352,"Prunas","Bajo (2 - 4 mts)",37,"Mediano",-68.8561396465,-32.8722585208,6,"0",0.0321782178217822
39353,"Morera","Alto (> 8 mts)",140,"Grande",-68.8561220252,-32.8721826879,6,"0",0.185148665048544
39355,"Morera","Alto (> 8 mts)",80,"Grande",-68.8561060065,-32.8721149324,6,"0",0.185148665048544
39356,"Morera","Muy bajo (1 - 2 mts)",4,"Chico",-68.8560924315,-32.8720517982,6,"0",0.185148665048544
39357,"Morera","Alto (> 8 mts)",130,"Grande",-68.8561477534,-32.872002449,6,"0",0.185148665048544
39360,"Morera","Alto (> 8 mts)",110,"Grande",-68.8563222415,-32.8719752371,6,"0",0.185148665048544
39362,"Morera","Alto (> 8 mts)",90,"Grande",-68.8565300627,-32.8719388677,6,"0",0.185148665048544
39366,"Morera","Alto (> 8 mts)",150,"Grande",-68.8566555786,-32.8721414528,6,"0",0.185148665048544
39368,"Fresno europeo","Muy bajo (1 - 2 mts)",2,"Chico",-68.856699539,-32.8723973932,6,"0",0.0420032310177706
39369,"Paraiso","Muy bajo (1 - 2 mts)",20,"Chico",-68.856714192,-32.8724549381,6,"0",0.0859023207481815
39370,"Paraiso","Medio (4 - 8 mts)",80,"Grande",-68.8567244847,-32.8724996739,6,"0",0.0859023207481815
39373,"Morera","Alto (> 8 mts)",180,"Grande",-68.856666809,-32.8726173691,6,"0",0.185148665048544
39375,"Morera","Bajo (2 - 4 mts)",25,"Mediano",-68.8565642278,-32.8726373485,6,"0",0.185148665048544
39377,"Paraiso","Medio (4 - 8 mts)",65,"Grande",-68.8563708489,-32.8726713116,6,"0",0.0859023207481815
39382,"Paraiso","Medio (4 - 8 mts)",92,"Grande",-68.8563685274,-32.8704662153,6,"0",0.0859023207481815
39386,"Paraiso","Alto (> 8 mts)",120,"Grande",-68.8563076404,-32.870124313,6,"1",0.0859023207481815
39387,"Paraiso","Medio (4 - 8 mts)",92,"Grande",-68.8563028882,-32.8700895923,6,"0",0.0859023207481815
39389,"Paraiso","Alto (> 8 mts)",153,"Grande",-68.8562893787,-32.869985972,6,"0",0.0859023207481815
39392,"Paraiso","Alto (> 8 mts)",170,"Grande",-68.8562495935,-32.8697442721,6,"0",0.0859023207481815
39394,"Morera","Alto (> 8 mts)",170,"Grande",-68.856231717,-32.8696354793,6,"1",0.185148665048544
39398,"Paraiso","Medio (4 - 8 mts)",140,"Grande",-68.8561845966,-32.8693675596,6,"1",0.0859023207481815
39399,"Paraiso","Alto (> 8 mts)",160,"Grande",-68.856175516,-32.869300463,6,"0",0.0859023207481815
39402,"Morera","Alto (> 8 mts)",92,"Grande",-68.8559454558,-32.8691784695,6,"0",0.185148665048544
39403,"Morera","Alto (> 8 mts)",147,"Grande",-68.8558510095,-32.8691740326,6,"0",0.185148665048544
39408,"Morera","Alto (> 8 mts)",122,"Grande",-68.8556114782,-32.8694903414,6,"1",0.185148665048544
39409,"Morera","Alto (> 8 mts)",112,"Grande",-68.8556173817,-32.8695396709,6,"0",0.185148665048544
39414,"Paraiso","Alto (> 8 mts)",150,"Grande",-68.8556641313,-32.8698343085,6,"1",0.0859023207481815
39415,"Fresno europeo","Alto (> 8 mts)",148,"Grande",-68.8556777016,-32.8698999675,6,"0",0.0420032310177706
39417,"Paraiso","Alto (> 8 mts)",190,"Grande",-68.8556995021,-32.8700298367,6,"1",0.0859023207481815
39419,"Paraiso","Alto (> 8 mts)",170,"Grande",-68.8557138689,-32.8701314743,6,"0",0.0859023207481815
39425,"Fresno europeo","Medio (4 - 8 mts)",60,"Mediano",-68.855243667,-32.8704070011,6,"0",0.0420032310177706
39426,"Fresno americano","Bajo (2 - 4 mts)",60,"Mediano",-68.8552801347,-32.8704149024,6,"0",0.0512455516014235
39427,"Paraiso","Medio (4 - 8 mts)",150,"Grande",-68.8551950679,-32.8704075255,6,"0",0.0859023207481815
39428,"Paraiso","Alto (> 8 mts)",180,"Grande",-68.8551375817,-32.8703984113,6,"0",0.0859023207481815
39429,"Paraiso","Alto (> 8 mts)",160,"Grande",-68.8550963845,-32.8703946784,6,"0",0.0859023207481815
39433,"Morera","Medio (4 - 8 mts)",90,"Grande",-68.8548886951,-32.8703809204,6,"0",0.185148665048544
39435,"Morera","Alto (> 8 mts)",180,"Grande",-68.8548086571,-32.8703201434,6,"0",0.185148665048544
39436,"Fresno europeo","Bajo (2 - 4 mts)",40,"Mediano",-68.8548067625,-32.8703025582,6,"0",0.0420032310177706
39440,"Morera","Alto (> 8 mts)",140,"Grande",-68.8547633225,-32.8700111703,6,"0",0.185148665048544
39441,"Morera","Alto (> 8 mts)",120,"Grande",-68.8547566588,-32.8699695944,6,"0",0.185148665048544
39442,"Paraiso","Alto (> 8 mts)",220,"Grande",-68.8547532396,-32.8699211297,6,"1",0.0859023207481815
39445,"Paraiso","Alto (> 8 mts)",210,"Grande",-68.8547238843,-32.8697256543,6,"0",0.0859023207481815
39453,"Morera","Medio (4 - 8 mts)",64,"Grande",-68.8548322724,-32.8691125997,6,"1",0.185148665048544
39455,"Morera","Alto (> 8 mts)",220,"Grande",-68.8549490496,-32.869121799,6,"0",0.185148665048544
39458,"Jacarand","Alto (> 8 mts)",80,"Grande",-68.8551699523,-32.8691387345,6,"0",0.103064066852368
39460,"Paraiso","Medio (4 - 8 mts)",107,"Grande",-68.8556822171,-32.870410422,6,"1",0.0859023207481815
39461,"Paraiso","Medio (4 - 8 mts)",120,"Grande",-68.8556672512,-32.870348819,6,"0",0.0859023207481815
39462,"Paraiso","Alto (> 8 mts)",130,"Grande",-68.8556461789,-32.8702311236,6,"0",0.0859023207481815
39464,"Paraiso","Alto (> 8 mts)",150,"Grande",-68.8556241459,-32.870112886,6,"0",0.0859023207481815
39466,"Morera","Alto (> 8 mts)",120,"Grande",-68.8555742161,-32.8698026454,6,"0",0.185148665048544
39467,"Morera","Alto (> 8 mts)",190,"Grande",-68.855554806,-32.8696484332,6,"0",0.185148665048544
39470,"Paraiso","Alto (> 8 mts)",280,"Grande",-68.8555013981,-32.8692193858,6,"0",0.0859023207481815
39471,"Paraiso","Alto (> 8 mts)",85,"Grande",-68.8545484923,-32.8703605545,6,"0",0.0859023207481815
39477,"Paraiso","Alto (> 8 mts)",210,"Grande",-68.854097752,-32.8703428505,6,"0",0.0859023207481815
39481,"Fresno europeo","Bajo (2 - 4 mts)",35,"Mediano",-68.8539332734,-32.8701702546,6,"0",0.0420032310177706
39485,"Morera","Alto (> 8 mts)",180,"Grande",-68.8538938453,-32.8699101598,6,"0",0.185148665048544
39488,"Paraiso","Medio (4 - 8 mts)",160,"Grande",-68.8538649351,-32.8696867763,6,"0",0.0859023207481815
39492,"Morera","Alto (> 8 mts)",120,"Grande",-68.8538101636,-32.8693402939,6,"1",0.185148665048544
39495,"Paraiso","Alto (> 8 mts)",90,"Grande",-68.853786323,-32.8691486432,6,"0",0.0859023207481815
39496,"Morera","Alto (> 8 mts)",179,"Grande",-68.8538440882,-32.8690652553,6,"0",0.185148665048544
39497,"Morera","Alto (> 8 mts)",190,"Grande",-68.8539450953,-32.8690687104,6,"0",0.185148665048544
39501,"Morera","Alto (> 8 mts)",95,"Grande",-68.8542720773,-32.8690843025,6,"1",0.185148665048544
39506,"Morera","Alto (> 8 mts)",190,"Grande",-68.8544763162,-32.8691912729,6,"0",0.185148665048544
39507,"Paraiso","Alto (> 8 mts)",200,"Grande",-68.8544829786,-32.8692335701,6,"0",0.0859023207481815
39508,"Paraiso","Alto (> 8 mts)",240,"Grande",-68.8544899125,-32.8693065055,6,"0",0.0859023207481815
39509,"Paraiso","Medio (4 - 8 mts)",160,"Grande",-68.8544979593,-32.8693882435,6,"0",0.0859023207481815
39512,"Paraiso","Alto (> 8 mts)",180,"Grande",-68.8545125699,-32.8695228862,6,"0",0.0859023207481815
39515,"Paraiso","Alto (> 8 mts)",190,"Grande",-68.8545515913,-32.8697111126,6,"0",0.0859023207481815
39519,"Paraiso","Medio (4 - 8 mts)",170,"Grande",-68.8545723076,-32.8698842918,6,"0",0.0859023207481815
39521,"Paraiso","Alto (> 8 mts)",190,"Grande",-68.8545875853,-32.8699572783,6,"0",0.0859023207481815
39524,"Morera","Alto (> 8 mts)",180,"Grande",-68.8546304678,-32.8702370563,6,"0",0.185148665048544
39526,"Morera","Alto (> 8 mts)",190,"Grande",-68.8500651027,-32.8693575795,6,"0",0.185148665048544
39528,"Paraiso","Alto (> 8 mts)",220,"Grande",-68.8498633768,-32.8693886237,6,"0",0.0859023207481815
39529,"Paraiso","Alto (> 8 mts)",140,"Grande",-68.8498143879,-32.8693969443,6,"0",0.0859023207481815
39530,"Paraiso","Medio (4 - 8 mts)",60,"Mediano",-68.849770006,-32.8694079413,6,"0",0.0859023207481815
39536,"Morera","Muy bajo (1 - 2 mts)",5,"Chico",-68.8492331474,-32.869505269,6,"0",0.185148665048544
39539,"Morera","Alto (> 8 mts)",210,"Grande",-68.8490217935,-32.8693839166,6,"1",0.185148665048544
39544,"Fresno europeo","Bajo (2 - 4 mts)",25,"Mediano",-68.8489407009,-32.869065791,6,"0",0.0420032310177706
39548,"Morera","Alto (> 8 mts)",140,"Grande",-68.848879469,-32.8688186527,6,"0",0.185148665048544
39549,"Morera","Alto (> 8 mts)",140,"Grande",-68.8489428821,-32.8687876208,6,"1",0.185148665048544
39550,"Morera","Alto (> 8 mts)",180,"Grande",-68.8489997363,-32.8687891069,6,"0",0.185148665048544
39555,"Morera","Alto (> 8 mts)",160,"Grande",-68.8495012888,-32.8688187414,6,"0",0.185148665048544
39560,"Morera","Alto (> 8 mts)",180,"Grande",-68.849972992,-32.8688545038,6,"1",0.185148665048544
39561,"Paraiso","Alto (> 8 mts)",215,"Grande",-68.850033287,-32.8688901236,6,"0",0.0859023207481815
39562,"Paraiso","Medio (4 - 8 mts)",80,"Grande",-68.8500352839,-32.8689123933,6,"0",0.0859023207481815
39577,"Morera","Alto (> 8 mts)",170,"Grande",-68.8483769214,-32.8696607684,6,"1",0.185148665048544
39580,"Paraiso","Medio (4 - 8 mts)",90,"Grande",-68.8479858323,-32.8697373886,6,"0",0.0859023207481815
39583,"Morera","Alto (> 8 mts)",180,"Grande",-68.8477530917,-32.8695641606,6,"0",0.185148665048544
39586,"Pltano","Alto (> 8 mts)",170,"Grande",-68.847716169,-32.8694117293,6,"0",0.0903973509933775
39588,"Morera","Alto (> 8 mts)",160,"Grande",-68.8476820485,-32.8692789925,6,"0",0.185148665048544
39590,"Pltano","Alto (> 8 mts)",190,"Grande",-68.8476426873,-32.8691443775,6,"0",0.0903973509933775
39596,"Morera","Medio (4 - 8 mts)",76,"Grande",-68.8475486855,-32.8687555424,6,"0",0.185148665048544
39598,"Morera","Medio (4 - 8 mts)",95,"Grande",-68.8477194648,-32.8687130958,6,"0",0.185148665048544
39601,"Morera","Alto (> 8 mts)",130,"Grande",-68.8478571919,-32.8687163408,6,"0",0.185148665048544
39605,"Morera","Alto (> 8 mts)",160,"Grande",-68.8481744063,-32.868744686,6,"1",0.185148665048544
39607,"Morera","Alto (> 8 mts)",150,"Grande",-68.8482825208,-32.8687510244,6,"0",0.185148665048544
39615,"Morera","Alto (> 8 mts)",170,"Grande",-68.8487275209,-32.8688251416,6,"0",0.185148665048544
39616,"Fresno europeo","Alto (> 8 mts)",110,"Grande",-68.8487446389,-32.8689050894,6,"0",0.0420032310177706
39621,"Acer","Medio (4 - 8 mts)",39,"Mediano",-68.8488102745,-32.869171312,6,"0",0.0204081632653061
39626,"Fresno europeo","Bajo (2 - 4 mts)",35,"Mediano",-68.8488793839,-32.8694357724,6,"0",0.0420032310177706
39628,"Prunas","Bajo (2 - 4 mts)",45,"Mediano",-68.8489035933,-32.8695253399,6,"0",0.0321782178217822
39629,"Pltano","Alto (> 8 mts)",210,"Grande",-68.8474041706,-32.8698494824,6,"0",0.0903973509933775
39630,"Pltano","Alto (> 8 mts)",200,"Grande",-68.8473582199,-32.8698528528,6,"0",0.0903973509933775
39631,"Morera","Medio (4 - 8 mts)",78,"Grande",-68.8472735756,-32.8698727184,6,"0",0.185148665048544
39633,"Pltano","Alto (> 8 mts)",190,"Grande",-68.8470271939,-32.8699202559,6,"0",0.0903973509933775
39634,"Fresno europeo","Alto (> 8 mts)",50,"Mediano",-68.8467690663,-32.8699713366,6,"0",0.0420032310177706
39638,"Fresno europeo","Medio (4 - 8 mts)",56,"Mediano",-68.846521965,-32.869886094,6,"0",0.0420032310177706
39640,"Fresno europeo","Medio (4 - 8 mts)",45,"Mediano",-68.8464898135,-32.8697563007,6,"0",0.0420032310177706
39646,"Morera","Alto (> 8 mts)",200,"Grande",-68.8463834787,-32.8693344477,6,"0",0.185148665048544
39647,"Morera","Alto (> 8 mts)",140,"Grande",-68.846349408,-32.8692024879,6,"0",0.185148665048544
39648,"Morera","Alto (> 8 mts)",150,"Grande",-68.846332495,-32.8691585546,6,"0",0.185148665048544
39655,"Morera","Alto (> 8 mts)",110,"Grande",-68.8465264143,-32.8686486048,6,"0",0.185148665048544
39658,"Morera","Alto (> 8 mts)",170,"Grande",-68.8466878639,-32.868658395,6,"0",0.185148665048544
39662,"Acacia SP","Alto (> 8 mts)",160,"Grande",-68.8470832889,-32.8686755351,6,"0",0.150492264416315
39664,"Morera","Alto (> 8 mts)",180,"Grande",-68.8471982333,-32.8686891108,6,"0",0.185148665048544
39667,"Morera","Alto (> 8 mts)",98,"Grande",-68.847437442,-32.8689080385,6,"0",0.185148665048544
39668,"Morera","Alto (> 8 mts)",120,"Grande",-68.8474454659,-32.8689456742,6,"0",0.185148665048544
39670,"Paraiso","Medio (4 - 8 mts)",80,"Grande",-68.8474648549,-32.8690415479,6,"0",0.0859023207481815
39672,"Morera","Alto (> 8 mts)",110,"Grande",-68.847500671,-32.8691840756,6,"0",0.185148665048544
39679,"Pltano","Alto (> 8 mts)",190,"Grande",-68.8476571021,-32.8697748599,6,"0",0.0903973509933775
39683,"Morera","Bajo (2 - 4 mts)",10,"Chico",-68.8460948491,-32.8691061445,6,"0",0.185148665048544
39686,"Morera","Medio (4 - 8 mts)",50,"Mediano",-68.8462202022,-32.8692798749,6,"0",0.185148665048544
39688,"Morera","Alto (> 8 mts)",60,"Mediano",-68.8462605981,-32.8694613455,6,"0",0.185148665048544
39689,"Morera","Alto (> 8 mts)",177,"Grande",-68.8462825739,-32.8695435169,6,"0",0.185148665048544
39691,"Morera","Alto (> 8 mts)",131,"Grande",-68.8463435315,-32.8697649262,6,"0",0.185148665048544
39692,"Fresno europeo","Medio (4 - 8 mts)",25,"Mediano",-68.8463555066,-32.8698221985,6,"0",0.0420032310177706
39700,"Morera","Alto (> 8 mts)",187,"Grande",-68.8457647774,-32.8701527099,6,"0",0.185148665048544
39701,"Acer","Medio (4 - 8 mts)",45,"Mediano",-68.8457150997,-32.8701621922,6,"0",0.0204081632653061
39703,"Morera","Medio (4 - 8 mts)",120,"Grande",-68.8451861474,-32.8701907536,6,"1",0.185148665048544
39704,"Morera","Medio (4 - 8 mts)",130,"Grande",-68.8451631081,-32.8701000453,6,"0",0.185148665048544
39707,"Morera","Medio (4 - 8 mts)",100,"Grande",-68.8451054269,-32.8699119399,4,"0",0.185148665048544
39709,"Morera","Medio (4 - 8 mts)",100,"Grande",-68.8450576573,-32.8696899756,4,"0",0.185148665048544
39711,"Fresno americano","Bajo (2 - 4 mts)",15,"Chico",-68.8449821485,-32.8694062973,4,"0",0.0512455516014235
39713,"Morera","Medio (4 - 8 mts)",80,"Grande",-68.8450630197,-32.8692908002,4,"0",0.185148665048544
39714,"Morera","Medio (4 - 8 mts)",80,"Grande",-68.8451255352,-32.8692853773,4,"0",0.185148665048544
39715,"Morera","Medio (4 - 8 mts)",180,"Grande",-68.8452704708,-32.8692567024,4,"1",0.185148665048544
39716,"Morera","Medio (4 - 8 mts)",110,"Grande",-68.8454125729,-32.8692341013,4,"0",0.185148665048544
39717,"Morera","Medio (4 - 8 mts)",80,"Grande",-68.8454850759,-32.8692253182,6,"0",0.185148665048544
39720,"Morera","Alto (> 8 mts)",38,"Mediano",-68.8466784268,-32.8822185688,1,"0",0.185148665048544
39724,"Paraiso","Alto (> 8 mts)",125,"Grande",-68.8465766187,-32.8818273798,1,"0",0.0859023207481815
39726,"Paraiso","Alto (> 8 mts)",195,"Grande",-68.8465357384,-32.8816753944,1,"0",0.0859023207481815
39728,"Morera","Alto (> 8 mts)",90,"Grande",-68.8464977326,-32.8815297244,1,"0",0.185148665048544
39729,"Paraiso","Alto (> 8 mts)",180,"Grande",-68.8464752346,-32.881438716,1,"0",0.0859023207481815
39732,"Morera","Medio (4 - 8 mts)",45,"Mediano",-68.8464219761,-32.8812375452,1,"0",0.185148665048544
39733,"Paraiso","Alto (> 8 mts)",145,"Grande",-68.8464181853,-32.8812049245,1,"0",0.0859023207481815
39741,"Paraiso","Alto (> 8 mts)",200,"Grande",-68.8461397144,-32.8801853852,1,"0",0.0859023207481815
39744,"Paraiso","Alto (> 8 mts)",160,"Grande",-68.8460715525,-32.8799371428,1,"0",0.0859023207481815
39745,"Acer","Alto (> 8 mts)",130,"Grande",-68.8460312633,-32.8797928539,1,"0",0.0204081632653061
39746,"Acer","Alto (> 8 mts)",140,"Grande",-68.846015269,-32.8797226906,1,"0",0.0204081632653061
39755,"Fresno europeo","Bajo (2 - 4 mts)",40,"Mediano",-68.8500937241,-32.8836508097,1,"0",0.0420032310177706
39756,"Fresno europeo","Alto (> 8 mts)",80,"Grande",-68.8500497573,-32.8834872495,1,"0",0.0420032310177706
39757,"Pltano","Alto (> 8 mts)",250,"Grande",-68.8500339564,-32.8834148553,1,"0",0.0903973509933775
39760,"Fresno europeo","Alto (> 8 mts)",143,"Grande",-68.8499579129,-32.8831310095,1,"0",0.0420032310177706
39764,"Fresno europeo","Alto (> 8 mts)",180,"Grande",-68.8502659634,-32.8830316434,1,"0",0.0420032310177706
39765,"Fresno europeo","Alto (> 8 mts)",177,"Grande",-68.8503470994,-32.8830162314,1,"0",0.0420032310177706
39766,"Ailanthus","Alto (> 8 mts)",191,"Grande",-68.8504673662,-32.8829898654,1,"0",0.0380952380952381
39774,"Fresno europeo","Medio (4 - 8 mts)",130,"Grande",-68.8512957153,-32.8828362128,1,"0",0.0420032310177706
39775,"Fresno europeo","Alto (> 8 mts)",125,"Grande",-68.8514273072,-32.8828110316,1,"0",0.0420032310177706
39776,"Fresno europeo","Alto (> 8 mts)",120,"Grande",-68.8514937144,-32.8829124607,1,"0",0.0420032310177706
39778,"Fresno europeo","Medio (4 - 8 mts)",44,"Mediano",-68.851511173,-32.8830168073,1,"0",0.0420032310177706
39780,"Morera","Muy bajo (1 - 2 mts)",5,"Chico",-68.8515307359,-32.8831409936,1,"0",0.185148665048544
39783,"Fresno europeo","Muy bajo (1 - 2 mts)",3,"Chico",-68.851557619,-32.8833619889,1,"0",0.0420032310177706
39788,"Fresno europeo","Medio (4 - 8 mts)",70,"Grande",-68.8507979305,-32.8839270494,1,"0",0.0420032310177706
39789,"Morera","Alto (> 8 mts)",180,"Grande",-68.8507237417,-32.8839414276,1,"0",0.185148665048544
39791,"Morera","Alto (> 8 mts)",127,"Grande",-68.8503938444,-32.8840025126,1,"1",0.185148665048544
39795,"Morera","Alto (> 8 mts)",135,"Grande",-68.850179814,-32.883930708,1,"1",0.185148665048544
39796,"Morera","Alto (> 8 mts)",200,"Grande",-68.8480440761,-32.883948149,1,"0",0.185148665048544
39799,"Pltano","Alto (> 8 mts)",145,"Grande",-68.8481463078,-32.884331717,1,"0",0.0903973509933775
39807,"Pltano","Alto (> 8 mts)",160,"Grande",-68.8473704816,-32.8845731168,1,"0",0.0903973509933775
39809,"Tipa","Alto (> 8 mts)",240,"Grande",-68.8472050433,-32.8842153803,1,"0",0.101123595505618
39810,"Morera","Alto (> 8 mts)",150,"Grande",-68.8471832705,-32.8841369064,1,"1",0.185148665048544
39812,"Paraiso","Alto (> 8 mts)",160,"Grande",-68.8479410832,-32.8835921267,1,"0",0.0859023207481815
39813,"Caducifolio","Muy bajo (1 - 2 mts)",15,"Chico",-68.8477877401,-32.8831946427,1,"0",0.0512249443207127
39816,"Fresno americano","Medio (4 - 8 mts)",100,"Grande",-68.847115086,-32.883829382,1,"0",0.0512455516014235
39818,"Tipa","Alto (> 8 mts)",300,"Grande",-68.8470609433,-32.8836192756,1,"0",0.101123595505618
39819,"Morera","Alto (> 8 mts)",180,"Grande",-68.8470302425,-32.883512658,1,"0",0.185148665048544
39820,"Fresno americano","Alto (> 8 mts)",140,"Grande",-68.8469847772,-32.8833538143,1,"0",0.0512455516014235
39823,"Morera","Alto (> 8 mts)",180,"Grande",-68.8469419543,-32.8831498892,1,"0",0.185148665048544
39826,"Morera","Alto (> 8 mts)",95,"Grande",-68.8468252826,-32.8827629203,1,"1",0.185148665048544
39831,"Morera","Alto (> 8 mts)",150,"Grande",-68.8452971386,-32.8772189637,1,"0",0.185148665048544
39834,"Morera","Alto (> 8 mts)",140,"Grande",-68.8453811267,-32.8775278074,1,"1",0.185148665048544
39837,"Morera","Alto (> 8 mts)",140,"Grande",-68.8442660644,-32.8732500518,6,"1",0.185148665048544
39839,"Morera","Alto (> 8 mts)",150,"Grande",-68.8443077475,-32.8734274668,6,"0",0.185148665048544
39841,"Morera","Alto (> 8 mts)",190,"Grande",-68.8443634553,-32.8736549416,1,"0",0.185148665048544
39842,"Morera","Alto (> 8 mts)",180,"Grande",-68.8443855358,-32.8737379249,1,"0",0.185148665048544
39844,"Morera","Alto (> 8 mts)",180,"Grande",-68.8444648542,-32.8740413678,1,"0",0.185148665048544
39847,"Morera","Alto (> 8 mts)",155,"Grande",-68.8442308924,-32.8736449986,1,"0",0.185148665048544
39849,"Morera","Alto (> 8 mts)",160,"Grande",-68.8441953681,-32.8735306989,1,"0",0.185148665048544
39850,"Morera","Alto (> 8 mts)",150,"Grande",-68.8441820375,-32.8734797853,6,"0",0.185148665048544
39852,"Morera","Alto (> 8 mts)",175,"Grande",-68.8441442741,-32.8733267749,6,"0",0.185148665048544
39853,"Morera","Alto (> 8 mts)",140,"Grande",-68.8441258508,-32.8732515101,6,"1",0.185148665048544
39855,"Morera","Medio (4 - 8 mts)",88,"Grande",-68.8441021761,-32.8731455216,6,"0",0.185148665048544
39863,"Morera","Alto (> 8 mts)",150,"Grande",-68.8446222256,-32.8751982435,1,"0",0.185148665048544
39869,"Morera","Alto (> 8 mts)",145,"Grande",-68.8445110951,-32.8747704321,1,"0",0.185148665048544
39871,"Morera","Alto (> 8 mts)",145,"Grande",-68.844479909,-32.8746391969,1,"0",0.185148665048544
39873,"Morera","Alto (> 8 mts)",155,"Grande",-68.8444271402,-32.8744458081,1,"0",0.185148665048544
39880,"Morera","Alto (> 8 mts)",180,"Grande",-68.8443023658,-32.8739345457,1,"0",0.185148665048544
39882,"Morera","Alto (> 8 mts)",175,"Grande",-68.8442769935,-32.8738434548,1,"1",0.185148665048544
39885,"Paraiso","Medio (4 - 8 mts)",120,"Grande",-68.8437534324,-32.8734667207,1,"0",0.0859023207481815
39889,"Acer","Bajo (2 - 4 mts)",34,"Mediano",-68.8436091312,-32.8736167626,1,"0",0.0204081632653061
39898,"Morera","Medio (4 - 8 mts)",140,"Grande",-68.8434082433,-32.8742267777,1,"0",0.185148665048544
39900,"Morera","Medio (4 - 8 mts)",180,"Grande",-68.8433796717,-32.8744169993,1,"0",0.185148665048544
39903,"Morera","Medio (4 - 8 mts)",150,"Grande",-68.843334718,-32.8746673731,1,"0",0.185148665048544
39906,"Morera","Medio (4 - 8 mts)",130,"Grande",-68.8432903142,-32.8748911548,1,"0",0.185148665048544
39910,"Morera","Alto (> 8 mts)",220,"Grande",-68.8432025326,-32.8753569653,1,"0",0.185148665048544
39912,"Morera","Medio (4 - 8 mts)",200,"Grande",-68.8431607535,-32.8755746999,1,"0",0.185148665048544
39914,"Morera","Medio (4 - 8 mts)",170,"Grande",-68.8431307463,-32.8758386583,1,"0",0.185148665048544
39915,"Morera","Medio (4 - 8 mts)",160,"Grande",-68.8431011587,-32.8759364775,1,"0",0.185148665048544
39917,"Morera","Medio (4 - 8 mts)",160,"Grande",-68.8430570463,-32.8760281018,1,"0",0.185148665048544
39920,"Morera","Medio (4 - 8 mts)",190,"Grande",-68.8431002035,-32.8762172411,1,"0",0.185148665048544
39925,"Morera","Medio (4 - 8 mts)",200,"Grande",-68.8436475472,-32.8760741352,1,"0",0.185148665048544
39926,"Morera","Medio (4 - 8 mts)",140,"Grande",-68.8437615482,-32.8760525468,1,"0",0.185148665048544
39931,"Morera","Medio (4 - 8 mts)",170,"Grande",-68.8442975524,-32.875951001,1,"0",0.185148665048544
39937,"Morera","Bajo (2 - 4 mts)",60,"Mediano",-68.8443006866,-32.8761220796,1,"0",0.185148665048544
39938,"Morera","Bajo (2 - 4 mts)",34,"Mediano",-68.8443935746,-32.8761048827,1,"0",0.185148665048544
39939,"Paraiso sombrilla","Medio (4 - 8 mts)",140,"Grande",-68.8445689742,-32.8760770581,1,"0",0.022887323943662
39940,"Paraiso sombrilla","Medio (4 - 8 mts)",130,"Grande",-68.8446783222,-32.8760574468,1,"0",0.022887323943662
39944,"Morera","Medio (4 - 8 mts)",180,"Grande",-68.8449296949,-32.8763371935,1,"0",0.185148665048544
39945,"Catalpa","Medio (4 - 8 mts)",180,"Grande",-68.8449459487,-32.8763919465,1,"1",0.161290322580645
39948,"Morera","Muy bajo (1 - 2 mts)",4,"Chico",-68.8449960832,-32.8765653141,1,"0",0.185148665048544
39950,"Morera","Medio (4 - 8 mts)",150,"Grande",-68.8450249423,-32.8766836521,1,"1",0.185148665048544
39953,"Morera","Medio (4 - 8 mts)",80,"Grande",-68.8449165021,-32.876917958,1,"0",0.185148665048544
39954,"Morera","Medio (4 - 8 mts)",70,"Grande",-68.8448631404,-32.876940885,1,"0",0.185148665048544
39955,"Morera","Medio (4 - 8 mts)",150,"Grande",-68.8447276527,-32.8769980646,1,"0",0.185148665048544
39960,"Acer","Medio (4 - 8 mts)",110,"Grande",-68.8435854933,-32.877402674,1,"0",0.0204081632653061
39964,"Morera","Alto (> 8 mts)",170,"Grande",-68.8454834782,-32.8779165745,1,"0",0.185148665048544
39967,"Morera","Alto (> 8 mts)",135,"Grande",-68.8455573037,-32.8781943448,1,"1",0.185148665048544
39971,"Morera","Alto (> 8 mts)",160,"Grande",-68.8456581207,-32.8785654574,1,"1",0.185148665048544
39972,"Morera","Alto (> 8 mts)",170,"Grande",-68.8456781631,-32.878654299,1,"1",0.185148665048544
39973,"Morera","Alto (> 8 mts)",175,"Grande",-68.8456954919,-32.878705807,1,"1",0.185148665048544
39974,"Morera","Alto (> 8 mts)",175,"Grande",-68.8457243875,-32.878804037,1,"0",0.185148665048544
39976,"Morera","Alto (> 8 mts)",160,"Grande",-68.8457664279,-32.8789633279,1,"0",0.185148665048544
39977,"Morera","Medio (4 - 8 mts)",180,"Grande",-68.8453571763,-32.8779668123,1,"0",0.185148665048544
39979,"Morera","Medio (4 - 8 mts)",150,"Grande",-68.8453087591,-32.8777882171,1,"0",0.185148665048544
39982,"Morera","Medio (4 - 8 mts)",190,"Grande",-68.84522192,-32.877459713,1,"1",0.185148665048544
39984,"Olmo bola","Medio (4 - 8 mts)",130,"Grande",-68.8451675538,-32.8772612731,1,"0",0.0231481481481481
39987,"Morera","Medio (4 - 8 mts)",160,"Grande",-68.8451169322,-32.8770603132,1,"1",0.185148665048544
39990,"lamo blanco","Medio (4 - 8 mts)",100,"Grande",-68.8449100925,-32.8770525088,1,"0",0.046875
39994,"Paraiso sombrilla","Medio (4 - 8 mts)",150,"Grande",-68.8445341896,-32.8772228536,1,"0",0.022887323943662
39995,"Acer","Medio (4 - 8 mts)",160,"Grande",-68.8442651064,-32.8773426577,1,"0",0.0204081632653061
39999,"Morera","Medio (4 - 8 mts)",190,"Grande",-68.844123985,-32.8777486046,1,"1",0.185148665048544
40001,"Morera","Medio (4 - 8 mts)",50,"Mediano",-68.8441617833,-32.8778876027,1,"0",0.185148665048544
40002,"Morera","Alto (> 8 mts)",200,"Grande",-68.8441777064,-32.8779479458,1,"0",0.185148665048544
40003,"Morera","Medio (4 - 8 mts)",150,"Grande",-68.8441879825,-32.8779989043,1,"0",0.185148665048544
40012,"Fresno americano","Medio (4 - 8 mts)",130,"Grande",-68.8450806783,-32.8780600659,1,"0",0.0512455516014235
40014,"Acer","Bajo (2 - 4 mts)",36,"Mediano",-68.8452318257,-32.8780315791,1,"0",0.0204081632653061
40016,"Fresno americano","Bajo (2 - 4 mts)",44,"Mediano",-68.8443656488,-32.8791832289,1,"0",0.0512455516014235
40017,"Acacia SP","Alto (> 8 mts)",130,"Grande",-68.8443517376,-32.8791331677,1,"0",0.150492264416315
40019,"Fresno europeo","Bajo (2 - 4 mts)",60,"Mediano",-68.8443039329,-32.8789589173,1,"0",0.0420032310177706
40020,"Fresno americano","Medio (4 - 8 mts)",110,"Grande",-68.8442669486,-32.8788319165,1,"0",0.0512455516014235
40022,"Morera","Alto (> 8 mts)",190,"Grande",-68.8442417829,-32.8787031937,1,"1",0.185148665048544
40024,"Morera","Medio (4 - 8 mts)",180,"Grande",-68.8441997538,-32.8785390332,1,"0",0.185148665048544
40025,"Fresno europeo","Muy bajo (1 - 2 mts)",12,"Chico",-68.8441801056,-32.8784700292,1,"0",0.0420032310177706
40029,"Morera","Medio (4 - 8 mts)",110,"Grande",-68.8438339749,-32.8784172993,1,"0",0.185148665048544
40030,"Morera","Alto (> 8 mts)",160,"Grande",-68.8437593589,-32.8784335267,1,"1",0.185148665048544
40031,"Morera","Alto (> 8 mts)",190,"Grande",-68.8436896647,-32.8784461535,1,"0",0.185148665048544
40039,"Fresno europeo","Medio (4 - 8 mts)",60,"Mediano",-68.8430159319,-32.8786206891,1,"0",0.0420032310177706
40041,"Fresno europeo","Muy bajo (1 - 2 mts)",12,"Chico",-68.8430513566,-32.8787717671,1,"0",0.0420032310177706
40043,"Morera","Alto (> 8 mts)",150,"Grande",-68.843114054,-32.8790120785,1,"0",0.185148665048544
40045,"Morera","Alto (> 8 mts)",140,"Grande",-68.8431478428,-32.8791402298,1,"0",0.185148665048544
40048,"Morera","Alto (> 8 mts)",160,"Grande",-68.8435505278,-32.8793379921,1,"1",0.185148665048544
40051,"Morera","Alto (> 8 mts)",190,"Grande",-68.8439945751,-32.8792763624,1,"0",0.185148665048544
40053,"Morera","Alto (> 8 mts)",200,"Grande",-68.844241805,-32.8792404225,1,"1",0.185148665048544
40055,"Fresno europeo","Medio (4 - 8 mts)",140,"Grande",-68.8451146276,-32.8791228435,1,"1",0.0420032310177706
40057,"Fresno europeo","Medio (4 - 8 mts)",110,"Grande",-68.844945427,-32.8791467091,1,"0",0.0420032310177706
40067,"Morera","Medio (4 - 8 mts)",100,"Grande",-68.8443515979,-32.8785894835,1,"0",0.185148665048544
40070,"Morera","Alto (> 8 mts)",220,"Grande",-68.8445107818,-32.8782949766,1,"0",0.185148665048544
40072,"Morera","Medio (4 - 8 mts)",80,"Grande",-68.8447316791,-32.8782472304,1,"0",0.185148665048544
40074,"Morera","Medio (4 - 8 mts)",170,"Grande",-68.8449257969,-32.8782077516,1,"0",0.185148665048544
40075,"Morera","Alto (> 8 mts)",180,"Grande",-68.8449830947,-32.8781953793,1,"0",0.185148665048544
40079,"Morera","Medio (4 - 8 mts)",170,"Grande",-68.8454144418,-32.8781927428,1,"1",0.185148665048544
40080,"Morera","Medio (4 - 8 mts)",180,"Grande",-68.8454302835,-32.8782444907,1,"0",0.185148665048544
40082,"Morera","Bajo (2 - 4 mts)",60,"Mediano",-68.8454639974,-32.8783578283,1,"0",0.185148665048544
40083,"Morera","Alto (> 8 mts)",190,"Grande",-68.8454872367,-32.8784516331,1,"0",0.185148665048544
40089,"Fresno europeo","Alto (> 8 mts)",180,"Grande",-68.845589836,-32.879059501,1,"0",0.0420032310177706
40092,"Morera","Medio (4 - 8 mts)",140,"Grande",-68.8457210796,-32.880158376,1,"0",0.185148665048544
40097,"Morera","Alto (> 8 mts)",180,"Grande",-68.845233213,-32.8802198999,1,"1",0.185148665048544
40102,"Fresno europeo","Medio (4 - 8 mts)",80,"Grande",-68.8447677039,-32.8801976824,1,"0",0.0420032310177706
40106,"Fresno europeo","Medio (4 - 8 mts)",130,"Grande",-68.8446507055,-32.8797605767,1,"1",0.0420032310177706
40108,"Paraiso","Muy bajo (1 - 2 mts)",4,"Chico",-68.8445922789,-32.8795074106,1,"0",0.0859023207481815
40112,"Fresno europeo","Medio (4 - 8 mts)",120,"Grande",-68.8447604339,-32.8792801105,1,"0",0.0420032310177706
40117,"Morera","Alto (> 8 mts)",170,"Grande",-68.8452301046,-32.8792144533,1,"1",0.185148665048544
40119,"Morera","Alto (> 8 mts)",180,"Grande",-68.8453914884,-32.8791918049,1,"1",0.185148665048544
40130,"Morera","Alto (> 8 mts)",180,"Grande",-68.8458255716,-32.8797366928,1,"0",0.185148665048544
40133,"Olmo comun","Medio (4 - 8 mts)",120,"Grande",-68.8459236185,-32.8800750387,1,"0",0.0227272727272727
40142,"Morera","Alto (> 8 mts)",170,"Grande",-68.8432924302,-32.8796833204,1,"0",0.185148665048544
40143,"Morera","Medio (4 - 8 mts)",120,"Grande",-68.843278266,-32.8795952073,1,"1",0.185148665048544
40144,"Fresno europeo","Medio (4 - 8 mts)",160,"Grande",-68.8433002443,-32.879493614,1,"1",0.0420032310177706
40145,"Morera","Alto (> 8 mts)",130,"Grande",-68.8433779635,-32.8794754972,1,"0",0.185148665048544
40146,"Morera","Alto (> 8 mts)",150,"Grande",-68.8434649803,-32.879456941,1,"1",0.185148665048544
40148,"Morera","Medio (4 - 8 mts)",160,"Grande",-68.8436609925,-32.879439513,1,"0",0.185148665048544
40150,"Morera","Alto (> 8 mts)",160,"Grande",-68.8439480911,-32.8793983035,1,"1",0.185148665048544
40153,"Ligustro","Medio (4 - 8 mts)",80,"Grande",-68.8442485478,-32.8793565689,1,"0",0.0138888888888889
40164,"Fresno europeo","Bajo (2 - 4 mts)",50,"Mediano",-68.844612295,-32.8801552902,1,"0",0.0420032310177706
40165,"Morera","Medio (4 - 8 mts)",140,"Grande",-68.8446366176,-32.8802404402,1,"0",0.185148665048544
40166,"Fresno europeo","Medio (4 - 8 mts)",90,"Grande",-68.8445922807,-32.8802956589,1,"0",0.0420032310177706
40172,"Caducifolio","Muy bajo (1 - 2 mts)",8,"Chico",-68.8439508636,-32.8803773652,1,"0",0.0512249443207127
40174,"Fresno americano","Medio (4 - 8 mts)",140,"Grande",-68.8437865691,-32.8803972138,1,"0",0.0512455516014235
40175,"Fresno europeo","Medio (4 - 8 mts)",100,"Grande",-68.8437134738,-32.8804063738,1,"0",0.0420032310177706
40177,"Pltano","Alto (> 8 mts)",195,"Grande",-68.8463096079,-32.8826574442,1,"0",0.0903973509933775
40181,"Pltano","Alto (> 8 mts)",190,"Grande",-68.845925844,-32.8827317062,1,"0",0.0903973509933775
40182,"Pltano","Alto (> 8 mts)",190,"Grande",-68.8458560444,-32.8827417191,1,"0",0.0903973509933775
40184,"Pltano","Alto (> 8 mts)",200,"Grande",-68.8455305637,-32.8827973956,1,"0",0.0903973509933775
40189,"Morera","Alto (> 8 mts)",210,"Grande",-68.84556054,-32.8831862677,1,"0",0.185148665048544
40191,"Morera","Alto (> 8 mts)",195,"Grande",-68.8456080249,-32.8833412029,1,"0",0.185148665048544
40193,"Morera","Muy bajo (1 - 2 mts)",5,"Chico",-68.8456629391,-32.8835541693,1,"0",0.185148665048544
40198,"Fresno americano","Alto (> 8 mts)",170,"Grande",-68.8460264788,-32.8836866251,1,"0",0.0512455516014235
40201,"Fresno americano","Alto (> 8 mts)",180,"Grande",-68.846290412,-32.8836361773,1,"0",0.0512455516014235
40202,"Fresno americano","Alto (> 8 mts)",140,"Grande",-68.8463805298,-32.8836185418,1,"0",0.0512455516014235
40205,"Fresno americano","Alto (> 8 mts)",150,"Grande",-68.8466169505,-32.8835790024,1,"0",0.0512455516014235
40206,"Fresno americano","Alto (> 8 mts)",145,"Grande",-68.8466924563,-32.8835664361,1,"0",0.0512455516014235
40209,"Morera","Alto (> 8 mts)",160,"Grande",-68.8467919563,-32.8833751287,1,"0",0.185148665048544
40211,"Acacia SP","Alto (> 8 mts)",93,"Grande",-68.8467470218,-32.8832143154,1,"1",0.150492264416315
40213,"Morera","Alto (> 8 mts)",290,"Grande",-68.8466988053,-32.8830443639,1,"0",0.185148665048544
40214,"Morera","Alto (> 8 mts)",125,"Grande",-68.8466504383,-32.8828514353,1,"1",0.185148665048544
40215,"Olmo comun","Medio (4 - 8 mts)",92,"Grande",-68.8466220483,-32.8827449692,1,"0",0.0227272727272727
40216,"Morera","Alto (> 8 mts)",160,"Grande",-68.8466071965,-32.8826871813,1,"1",0.185148665048544
40218,"Pltano","Alto (> 8 mts)",200,"Grande",-68.8464982834,-32.8826236046,1,"0",0.0903973509933775
40220,"Caducifolio","Medio (4 - 8 mts)",140,"Grande",-68.8461348692,-32.8813642796,1,"1",0.0512249443207127
40222,"Morera","Bajo (2 - 4 mts)",45,"Mediano",-68.845989437,-32.8813771643,1,"0",0.185148665048544
40227,"Paraiso sombrilla","Medio (4 - 8 mts)",75,"Grande",-68.8455523871,-32.8814371939,1,"0",0.022887323943662
40231,"Fresno europeo","Muy bajo (1 - 2 mts)",20,"Chico",-68.8452551317,-32.8814692225,1,"0",0.0420032310177706
40236,"Morera","Alto (> 8 mts)",172,"Grande",-68.84517581,-32.8817321481,1,"0",0.185148665048544
40239,"Morera","Alto (> 8 mts)",120,"Grande",-68.8452406037,-32.8819581023,1,"0",0.185148665048544
40240,"Morera","Alto (> 8 mts)",155,"Grande",-68.8452660015,-32.8820400976,1,"0",0.185148665048544
40241,"Fresno europeo","Alto (> 8 mts)",180,"Grande",-68.8452987361,-32.8821432918,1,"0",0.0420032310177706
40246,"Morera","Alto (> 8 mts)",106,"Grande",-68.8454865558,-32.8826010428,1,"1",0.185148665048544
40262,"Acer","Medio (4 - 8 mts)",120,"Grande",-68.8464621169,-32.882105141,1,"0",0.0204081632653061
40266,"Prunas","Medio (4 - 8 mts)",33,"Mediano",-68.8463646511,-32.8817372209,1,"0",0.0321782178217822
40268,"Fresno europeo","Medio (4 - 8 mts)",90,"Grande",-68.8462919076,-32.881472124,1,"0",0.0420032310177706
40269,"Morera","Alto (> 8 mts)",200,"Grande",-68.8462669204,-32.8813994168,1,"0",0.185148665048544
40270,"Fresno europeo","Muy bajo (1 - 2 mts)",5,"Chico",-68.8461516925,-32.8812312898,1,"0",0.0420032310177706
40274,"Olmo comun","Medio (4 - 8 mts)",120,"Grande",-68.8457909526,-32.8812772827,1,"0",0.0227272727272727
40277,"Olmo comun","Bajo (2 - 4 mts)",84,"Grande",-68.8455002793,-32.8813155705,1,"0",0.0227272727272727
40282,"Fresno europeo","Medio (4 - 8 mts)",130,"Grande",-68.8450613579,-32.8813033416,1,"1",0.0420032310177706
40283,"Morera","Medio (4 - 8 mts)",160,"Grande",-68.8450504368,-32.8812540957,1,"1",0.185148665048544
40284,"Fresno europeo","Medio (4 - 8 mts)",140,"Grande",-68.845035254,-32.8811974506,1,"0",0.0420032310177706
40285,"Caducifolio","Bajo (2 - 4 mts)",50,"Mediano",-68.8450196723,-32.8811244843,1,"1",0.0512249443207127
40290,"Morera","Alto (> 8 mts)",180,"Grande",-68.8449208091,-32.8807653077,1,"1",0.185148665048544
40291,"Morera","Medio (4 - 8 mts)",140,"Grande",-68.8449071219,-32.8807090251,1,"1",0.185148665048544
40293,"Fresno europeo","Medio (4 - 8 mts)",140,"Grande",-68.8448605693,-32.8805025698,1,"0",0.0420032310177706
40294,"Morera","Medio (4 - 8 mts)",160,"Grande",-68.8448577234,-32.8804186187,1,"0",0.185148665048544
40298,"Morera","Medio (4 - 8 mts)",200,"Grande",-68.8450912296,-32.8803490269,1,"0",0.185148665048544
40299,"Morera","Alto (> 8 mts)",190,"Grande",-68.845159315,-32.8803405451,1,"1",0.185148665048544
40300,"Prunas","Muy bajo (1 - 2 mts)",7,"Chico",-68.8452522985,-32.8803323646,1,"0",0.0321782178217822
40301,"Fresno europeo","Medio (4 - 8 mts)",146,"Grande",-68.8453361001,-32.8803194839,1,"0",0.0420032310177706
40303,"Morera","Medio (4 - 8 mts)",130,"Grande",-68.8455253815,-32.8803020446,1,"0",0.185148665048544
40305,"Paraiso","Bajo (2 - 4 mts)",52,"Mediano",-68.8456723347,-32.8802805854,1,"1",0.0859023207481815
40306,"Aguaribay","Alto (> 8 mts)",320,"Grande",-68.8457735546,-32.8802689188,1,"0",0.106529209621993
40307,"Aguaribay","Alto (> 8 mts)",240,"Grande",-68.8458396272,-32.8802594216,1,"1",0.106529209621993
40313,"Olmo comun","Medio (4 - 8 mts)",140,"Grande",-68.846107331,-32.8807667651,1,"0",0.0227272727272727
40317,"Fresno europeo","Medio (4 - 8 mts)",100,"Grande",-68.8462188935,-32.8811783529,1,"0",0.0420032310177706
40319,"Pltano","Alto (> 8 mts)",160,"Grande",-68.8437783931,-32.881471805,1,"0",0.0903973509933775
40320,"Pltano","Alto (> 8 mts)",190,"Grande",-68.8437497934,-32.8813883627,1,"1",0.0903973509933775
40322,"Fresno americano","Alto (> 8 mts)",120,"Grande",-68.8436607687,-32.8810278448,1,"0",0.0512455516014235
40323,"Pltano","Alto (> 8 mts)",320,"Grande",-68.8436334617,-32.8809387235,1,"0",0.0903973509933775
40325,"Pltano","Alto (> 8 mts)",170,"Grande",-68.8435935693,-32.8807749262,1,"0",0.0903973509933775
40327,"Olmo bola","Medio (4 - 8 mts)",80,"Grande",-68.8435537809,-32.8806128422,1,"0",0.0231481481481481
40333,"Fresno europeo","Medio (4 - 8 mts)",150,"Grande",-68.8439887837,-32.8804936768,1,"0",0.0420032310177706
40337,"Morera","Alto (> 8 mts)",140,"Grande",-68.8444727912,-32.8804287806,1,"0",0.185148665048544
40338,"Morera","Medio (4 - 8 mts)",150,"Grande",-68.8445417284,-32.8804221036,1,"1",0.185148665048544
40343,"Morera","Alto (> 8 mts)",164,"Grande",-68.8447880584,-32.8807815538,1,"0",0.185148665048544
40345,"Fresno europeo","Alto (> 8 mts)",120,"Grande",-68.8448329606,-32.880953923,1,"0",0.0420032310177706
40347,"Olmo bola","Bajo (2 - 4 mts)",60,"Mediano",-68.8448892226,-32.8811691367,1,"0",0.0231481481481481
40349,"Fresno europeo","Muy bajo (1 - 2 mts)",5,"Chico",-68.8448370862,-32.8814073895,1,"0",0.0420032310177706
40350,"Olmo comun","Medio (4 - 8 mts)",100,"Grande",-68.8446582552,-32.8814360217,1,"0",0.0227272727272727
40352,"Olmo comun","Medio (4 - 8 mts)",150,"Grande",-68.8444708662,-32.8814697826,1,"0",0.0227272727272727
40360,"Pltano","Alto (> 8 mts)",186,"Grande",-68.8451090939,-32.882673072,1,"0",0.0903973509933775
40365,"Pltano","Alto (> 8 mts)",190,"Grande",-68.8446852345,-32.8827553217,1,"0",0.0903973509933775
40366,"Pltano","Alto (> 8 mts)",254,"Grande",-68.8446093329,-32.8827713677,1,"0",0.0903973509933775
40370,"Pltano","Alto (> 8 mts)",176,"Grande",-68.844204933,-32.8828448305,1,"0",0.0903973509933775
40372,"Pltano","Alto (> 8 mts)",162,"Grande",-68.8441081355,-32.8827129456,1,"0",0.0903973509933775
40374,"Pltano","Alto (> 8 mts)",190,"Grande",-68.8440627759,-32.8825579782,1,"1",0.0903973509933775
40380,"Pltano","Alto (> 8 mts)",140,"Grande",-68.8438717073,-32.881824303,1,"0",0.0903973509933775
40381,"Pltano","Alto (> 8 mts)",172,"Grande",-68.8438478919,-32.8817547528,1,"0",0.0903973509933775
40382,"Olmo comun","Alto (> 8 mts)",70,"Grande",-68.8439352083,-32.8816744191,1,"0",0.0227272727272727
40384,"Olmo comun","Alto (> 8 mts)",73,"Grande",-68.8440418735,-32.8816584984,1,"0",0.0227272727272727
40385,"Braquiquito","Medio (4 - 8 mts)",30,"Mediano",-68.8441008104,-32.8816475865,1,"0",0
40398,"Morera","Alto (> 8 mts)",112,"Grande",-68.8451513601,-32.8821498721,1,"0",0.185148665048544
40399,"Morera","Muy bajo (1 - 2 mts)",8,"Chico",-68.8451772881,-32.8822342124,1,"0",0.185148665048544
40401,"Morera","Alto (> 8 mts)",125,"Grande",-68.8452205745,-32.8824147849,1,"1",0.185148665048544
40402,"Morera","Alto (> 8 mts)",90,"Grande",-68.8452421291,-32.8824946114,1,"0",0.185148665048544
40405,"Pltano","Alto (> 8 mts)",210,"Grande",-68.8448850828,-32.8828972861,1,"0",0.0903973509933775
40406,"Pltano","Alto (> 8 mts)",200,"Grande",-68.8448226441,-32.8829083301,1,"0",0.0903973509933775
40409,"Pltano","Alto (> 8 mts)",194,"Grande",-68.8445882067,-32.8829521696,1,"0",0.0903973509933775
40411,"Pltano","Alto (> 8 mts)",190,"Grande",-68.8444080573,-32.8829837366,1,"0",0.0903973509933775
40413,"Pltano","Alto (> 8 mts)",210,"Grande",-68.8442348874,-32.8830120146,1,"1",0.0903973509933775
40414,"Pltano","Alto (> 8 mts)",150,"Grande",-68.8442036444,-32.8830823149,1,"0",0.0903973509933775
40419,"Pltano","Alto (> 8 mts)",235,"Grande",-68.8443056726,-32.8834580275,1,"0",0.0903973509933775
40420,"Pltano","Alto (> 8 mts)",250,"Grande",-68.8443245327,-32.8835200216,1,"0",0.0903973509933775
40424,"Pltano","Alto (> 8 mts)",175,"Grande",-68.8444067124,-32.8838463255,1,"0",0.0903973509933775
40425,"Pltano","Alto (> 8 mts)",220,"Grande",-68.8444247042,-32.8839106133,1,"0",0.0903973509933775
40427,"Fresno europeo","Alto (> 8 mts)",80,"Grande",-68.8445717105,-32.8839553046,1,"0",0.0420032310177706
40432,"Fresno americano","Alto (> 8 mts)",85,"Grande",-68.8450077279,-32.8838733697,1,"0",0.0512455516014235
40435,"Fresno europeo","Medio (4 - 8 mts)",80,"Grande",-68.8453463874,-32.8838102196,1,"0",0.0420032310177706
40436,"Fresno europeo","Medio (4 - 8 mts)",55,"Mediano",-68.845503611,-32.8837787843,1,"0",0.0420032310177706
40445,"Morera","Alto (> 8 mts)",164,"Grande",-68.8454032859,-32.8831066091,1,"0",0.185148665048544
40446,"Morera","Muy bajo (1 - 2 mts)",8,"Chico",-68.845383837,-32.8830448191,1,"0",0.185148665048544
40447,"Morera","Alto (> 8 mts)",130,"Grande",-68.8453668474,-32.8829822206,1,"0",0.185148665048544
40451,"Pltano","Alto (> 8 mts)",174,"Grande",-68.8452611533,-32.8828289744,1,"0",0.0903973509933775
40452,"Pltano","Medio (4 - 8 mts)",33,"Mediano",-68.8451718669,-32.8828438951,1,"0",0.0903973509933775
40453,"Pltano","Alto (> 8 mts)",210,"Grande",-68.8429649996,-32.8830638618,1,"0",0.0903973509933775
40455,"Pltano","Alto (> 8 mts)",185,"Grande",-68.8430808323,-32.8830437894,1,"0",0.0903973509933775
40465,"Pltano","Alto (> 8 mts)",130,"Grande",-68.843982608,-32.8828133277,1,"1",0.0903973509933775
40474,"Morera","Alto (> 8 mts)",117,"Grande",-68.8438001652,-32.8820968856,1,"1",0.185148665048544
40476,"Pltano","Alto (> 8 mts)",180,"Grande",-68.8437651502,-32.8819544646,1,"0",0.0903973509933775
40478,"Pltano","Alto (> 8 mts)",125,"Grande",-68.8437284888,-32.881836838,1,"0",0.0903973509933775
40479,"Pltano","Alto (> 8 mts)",220,"Grande",-68.8437158677,-32.88178236,1,"1",0.0903973509933775
40481,"Fresno europeo","Bajo (2 - 4 mts)",20,"Chico",-68.8434496087,-32.8817314827,1,"0",0.0420032310177706
40493,"Fresno americano","Muy bajo (1 - 2 mts)",10,"Chico",-68.8425643138,-32.881902464,1,"0",0.0512455516014235
40495,"Morera","Alto (> 8 mts)",130,"Grande",-68.8426096673,-32.8820592353,1,"0",0.185148665048544
40497,"Fresno europeo","Medio (4 - 8 mts)",98,"Grande",-68.8426495626,-32.8822206884,1,"0",0.0420032310177706
40502,"Fresno europeo","Muy bajo (1 - 2 mts)",10,"Chico",-68.8427900045,-32.8827571089,1,"0",0.0420032310177706
40503,"Fresno europeo","Alto (> 8 mts)",122,"Grande",-68.8428073215,-32.8828099626,1,"0",0.0420032310177706
40507,"Pltano","Alto (> 8 mts)",280,"Grande",-68.8442898591,-32.8839649916,1,"0",0.0903973509933775
40508,"Pltano","Alto (> 8 mts)",122,"Grande",-68.8442772547,-32.8839005951,1,"0",0.0903973509933775
40509,"Pltano","Alto (> 8 mts)",195,"Grande",-68.8442650635,-32.8838444045,1,"0",0.0903973509933775
40510,"Pltano","Alto (> 8 mts)",190,"Grande",-68.8442448507,-32.883791991,1,"0",0.0903973509933775
40511,"Pltano","Alto (> 8 mts)",200,"Grande",-68.8442330887,-32.883734809,1,"0",0.0903973509933775
40512,"Pltano","Alto (> 8 mts)",230,"Grande",-68.8442157909,-32.8836655375,1,"0",0.0903973509933775
40517,"Pltano","Alto (> 8 mts)",180,"Grande",-68.844112974,-32.8833064456,1,"0",0.0903973509933775
40519,"Pltano","Alto (> 8 mts)",120,"Grande",-68.8440716593,-32.8831604101,1,"1",0.0903973509933775
40523,"Pltano","Alto (> 8 mts)",210,"Grande",-68.8438054754,-32.8830904673,1,"0",0.0903973509933775
40524,"Pltano","Alto (> 8 mts)",195,"Grande",-68.8437134411,-32.883104058,1,"0",0.0903973509933775
40527,"Pltano","Alto (> 8 mts)",200,"Grande",-68.8434580952,-32.8831603307,1,"0",0.0903973509933775
40528,"Pltano","Alto (> 8 mts)",195,"Grande",-68.8433091319,-32.8831878604,1,"0",0.0903973509933775
40532,"Pltano","Alto (> 8 mts)",190,"Grande",-68.8430079151,-32.8832463903,1,"0",0.0903973509933775
40534,"Morera","Alto (> 8 mts)",175,"Grande",-68.8430020628,-32.883517585,1,"1",0.185148665048544
40535,"Morera","Alto (> 8 mts)",190,"Grande",-68.8430376355,-32.8836463913,1,"0",0.185148665048544
40536,"Morera","Muy bajo (1 - 2 mts)",5,"Chico",-68.843086804,-32.8838374882,1,"0",0.185148665048544
40537,"Morera","Alto (> 8 mts)",180,"Grande",-68.8431042163,-32.8839019811,1,"0",0.185148665048544
40540,"Fresno europeo","Alto (> 8 mts)",55,"Mediano",-68.8433715161,-32.8841764153,1,"0",0.0420032310177706
40541,"Fresno europeo","Alto (> 8 mts)",52,"Mediano",-68.8434384288,-32.8841656373,1,"0",0.0420032310177706
40542,"Fresno europeo","Medio (4 - 8 mts)",42,"Mediano",-68.8436341657,-32.8841282816,1,"0",0.0420032310177706
40550,"Fresno americano","Alto (> 8 mts)",80,"Grande",-68.8469353113,-32.883968167,1,"0",0.0512455516014235
40555,"Morera","Alto (> 8 mts)",130,"Grande",-68.8470552047,-32.8844094217,1,"0",0.185148665048544
40560,"Pltano","Alto (> 8 mts)",190,"Grande",-68.8468648829,-32.8846539982,1,"0",0.0903973509933775
40561,"Pltano","Alto (> 8 mts)",230,"Grande",-68.8467501723,-32.8846789248,1,"0",0.0903973509933775
40563,"Pltano","Alto (> 8 mts)",220,"Grande",-68.8465258515,-32.8847195956,1,"0",0.0903973509933775
40565,"Pltano","Alto (> 8 mts)",200,"Grande",-68.846358479,-32.8847569816,1,"1",0.0903973509933775
40566,"Pltano","Alto (> 8 mts)",170,"Grande",-68.8462219688,-32.8847810694,1,"0",0.0903973509933775
40567,"Pltano","Alto (> 8 mts)",170,"Grande",-68.8460396805,-32.8848092646,1,"1",0.0903973509933775
40570,"Morera","Alto (> 8 mts)",160,"Grande",-68.8459564279,-32.8847062628,1,"0",0.185148665048544
40571,"Morera","Alto (> 8 mts)",90,"Grande",-68.8459269266,-32.8845863014,1,"0",0.185148665048544
40573,"Morera","Alto (> 8 mts)",190,"Grande",-68.8459018136,-32.8844624681,1,"0",0.185148665048544
40578,"Morera","Alto (> 8 mts)",180,"Grande",-68.8458086701,-32.8841286369,1,"0",0.185148665048544
40580,"Morera","Alto (> 8 mts)",190,"Grande",-68.8457829876,-32.8840252713,1,"1",0.185148665048544
40581,"Morera","Alto (> 8 mts)",200,"Grande",-68.8457727019,-32.8839789116,1,"1",0.185148665048544
40582,"Ligustro","Bajo (2 - 4 mts)",15,"Chico",-68.8458110744,-32.8838510088,1,"0",0.0138888888888889
40585,"Morera","Alto (> 8 mts)",125,"Grande",-68.8460044686,-32.8838078757,1,"1",0.185148665048544
40587,"Morera","Alto (> 8 mts)",140,"Grande",-68.8462089657,-32.8837710677,1,"1",0.185148665048544
40590,"Morera","Alto (> 8 mts)",180,"Grande",-68.8467760059,-32.8836705974,1,"0",0.185148665048544
40592,"Morera","Alto (> 8 mts)",180,"Grande",-68.845625185,-32.8840033458,1,"1",0.185148665048544
40593,"Morera","Muy bajo (1 - 2 mts)",15,"Chico",-68.8456423631,-32.8840807323,1,"0",0.185148665048544
40594,"Morera","Alto (> 8 mts)",180,"Grande",-68.8456628658,-32.8841513601,1,"1",0.185148665048544
40595,"Morera","Alto (> 8 mts)",200,"Grande",-68.8456920914,-32.884245082,1,"1",0.185148665048544
40596,"Morera","Alto (> 8 mts)",182,"Grande",-68.8457137725,-32.8843140882,1,"1",0.185148665048544
40597,"Morera","Alto (> 8 mts)",220,"Grande",-68.8457296952,-32.8843759639,1,"1",0.185148665048544
40602,"Olmo bola","Alto (> 8 mts)",84,"Grande",-68.8458212734,-32.8847497382,1,"0",0.0231481481481481
40608,"Pltano","Alto (> 8 mts)",240,"Grande",-68.8452690686,-32.8849384377,1,"0",0.0903973509933775
40609,"Pltano","Alto (> 8 mts)",160,"Grande",-68.8451588544,-32.8849583189,1,"0",0.0903973509933775
40610,"Pltano","Alto (> 8 mts)",230,"Grande",-68.8450276121,-32.8849854713,1,"0",0.0903973509933775
40611,"Pltano","Alto (> 8 mts)",194,"Grande",-68.8449788445,-32.8849952925,1,"0",0.0903973509933775
40616,"Pltano","Alto (> 8 mts)",200,"Grande",-68.8446435226,-32.8847965213,1,"0",0.0903973509933775
40618,"Pltano","Alto (> 8 mts)",200,"Grande",-68.8446023167,-32.8846485024,1,"0",0.0903973509933775
40623,"Pltano","Alto (> 8 mts)",180,"Grande",-68.8445321524,-32.8843156005,1,"0",0.0903973509933775
40624,"Pltano","Alto (> 8 mts)",210,"Grande",-68.8445152804,-32.8842470509,1,"0",0.0903973509933775
40629,"Fresno europeo","Medio (4 - 8 mts)",59,"Mediano",-68.8448719747,-32.8840155786,1,"0",0.0420032310177706
40633,"Fresno europeo","Alto (> 8 mts)",72,"Grande",-68.8451928821,-32.8839599811,1,"0",0.0420032310177706
40635,"Fresno europeo","Medio (4 - 8 mts)",43,"Mediano",-68.8453739693,-32.8839272032,1,"0",0.0420032310177706
40638,"Pltano","Alto (> 8 mts)",200,"Grande",-68.8444968922,-32.8850564646,1,"0",0.0903973509933775
40639,"Pltano","Alto (> 8 mts)",180,"Grande",-68.8444214982,-32.8850714679,1,"0",0.0903973509933775
40640,"Pltano","Alto (> 8 mts)",210,"Grande",-68.844318281,-32.8850945319,1,"0",0.0903973509933775
40643,"Pltano","Alto (> 8 mts)",180,"Grande",-68.844014489,-32.885151455,1,"1",0.0903973509933775
40644,"Pltano","Alto (> 8 mts)",190,"Grande",-68.8439030397,-32.8851720846,1,"0",0.0903973509933775
40646,"Pltano","Bajo (2 - 4 mts)",12,"Chico",-68.8436874445,-32.8852198765,1,"0",0.0903973509933775
40649,"Morera","Alto (> 8 mts)",190,"Grande",-68.8434527216,-32.8852144135,1,"0",0.185148665048544
40651,"Morera","Alto (> 8 mts)",210,"Grande",-68.8434083108,-32.8850467423,1,"0",0.185148665048544
40653,"Morera","Alto (> 8 mts)",200,"Grande",-68.8433643084,-32.8848693153,1,"0",0.185148665048544
40655,"Morera","Alto (> 8 mts)",155,"Grande",-68.8432503012,-32.8844332944,1,"0",0.185148665048544
40656,"Morera","Alto (> 8 mts)",230,"Grande",-68.8432361624,-32.8843801382,1,"1",0.185148665048544
40660,"Fresno europeo","Medio (4 - 8 mts)",30,"Mediano",-68.8436538958,-32.8842479058,1,"0",0.0420032310177706
40661,"Fresno europeo","Medio (4 - 8 mts)",23,"Mediano",-68.8437509581,-32.8842318868,1,"0",0.0420032310177706
40662,"Fresno europeo","Medio (4 - 8 mts)",36,"Mediano",-68.8438528785,-32.8842128631,1,"0",0.0420032310177706
40665,"Fresno europeo","Medio (4 - 8 mts)",30,"Mediano",-68.8440542572,-32.884175924,1,"0",0.0420032310177706
40668,"Fresno europeo","Bajo (2 - 4 mts)",20,"Chico",-68.8442731022,-32.8841362923,1,"0",0.0420032310177706
40670,"Pltano","Alto (> 8 mts)",210,"Grande",-68.8443426781,-32.8842171002,1,"0",0.0903973509933775
40672,"Pltano","Alto (> 8 mts)",130,"Grande",-68.8443815392,-32.8843611615,1,"0",0.0903973509933775
40675,"Pltano","Alto (> 8 mts)",190,"Grande",-68.8444503022,-32.8846162132,1,"0",0.0903973509933775
40678,"Pltano","Alto (> 8 mts)",200,"Grande",-68.8444990125,-32.8848116704,1,"0",0.0903973509933775
40679,"Pltano","Alto (> 8 mts)",190,"Grande",-68.844534447,-32.8849293745,1,"0",0.0903973509933775
40680,"Pltano","Alto (> 8 mts)",160,"Grande",-68.8445561679,-32.8850057857,1,"0",0.0903973509933775
40681,"Morera","Alto (> 8 mts)",200,"Grande",-68.8427578015,-32.8835689298,1,"0",0.185148665048544
40684,"Morera","Alto (> 8 mts)",170,"Grande",-68.8428393991,-32.8838288252,1,"0",0.185148665048544
40685,"Morera","Alto (> 8 mts)",220,"Grande",-68.8428527434,-32.8838972804,1,"1",0.185148665048544
40686,"Morera","Alto (> 8 mts)",170,"Grande",-68.8428636577,-32.8839498628,1,"0",0.185148665048544
40688,"Morera","Alto (> 8 mts)",190,"Grande",-68.8429057712,-32.8841243689,1,"0",0.185148665048544
40692,"Fresno americano","Alto (> 8 mts)",146,"Grande",-68.8427402316,-32.8842884915,1,"0",0.0512455516014235
40694,"Fresno americano","Alto (> 8 mts)",178,"Grande",-68.8423803374,-32.884353413,1,"0",0.0512455516014235
40696,"Fresno americano","Alto (> 8 mts)",155,"Grande",-68.8421668568,-32.8843929787,1,"0",0.0512455516014235
40700,"Morera","Alto (> 8 mts)",160,"Grande",-68.841791492,-32.8843014335,1,"0",0.185148665048544
40703,"Morera","Alto (> 8 mts)",212,"Grande",-68.8417475307,-32.8840830782,1,"0",0.185148665048544
40705,"Morera","Alto (> 8 mts)",200,"Grande",-68.8417155531,-32.8839166755,1,"1",0.185148665048544
40707,"Morera","Alto (> 8 mts)",154,"Grande",-68.841659226,-32.8837414054,1,"0",0.185148665048544
40712,"Pltano","Alto (> 8 mts)",180,"Grande",-68.8419111076,-32.8834404686,1,"0",0.0903973509933775
40713,"Pltano","Alto (> 8 mts)",160,"Grande",-68.8420665973,-32.8834138884,1,"0",0.0903973509933775
40715,"Pltano","Alto (> 8 mts)",223,"Grande",-68.842208396,-32.8833857506,1,"0",0.0903973509933775
40716,"Pltano","Alto (> 8 mts)",230,"Grande",-68.8422738145,-32.883373021,1,"0",0.0903973509933775
40717,"Pltano","Alto (> 8 mts)",220,"Grande",-68.8423590254,-32.8833536599,1,"0",0.0903973509933775
40718,"Pltano","Alto (> 8 mts)",190,"Grande",-68.84244678,-32.8833365401,1,"0",0.0903973509933775
40721,"Pltano","Alto (> 8 mts)",180,"Grande",-68.8429175815,-32.8853676613,1,"0",0.0903973509933775
40722,"Pltano","Alto (> 8 mts)",175,"Grande",-68.8428430726,-32.8853803718,1,"0",0.0903973509933775
40726,"Morera","Alto (> 8 mts)",100,"Grande",-68.8431868807,-32.8851285098,1,"1",0.185148665048544
40727,"Morera","Alto (> 8 mts)",94,"Grande",-68.843171938,-32.8850572574,1,"1",0.185148665048544
40728,"Morera","Alto (> 8 mts)",180,"Grande",-68.843128084,-32.884897152,1,"0",0.185148665048544
40729,"Morera","Alto (> 8 mts)",200,"Grande",-68.8431132314,-32.8848354577,1,"0",0.185148665048544
40732,"Morera","Alto (> 8 mts)",185,"Grande",-68.8430031662,-32.8844251605,1,"1",0.185148665048544
40733,"Perenne","Alto (> 8 mts)",128,"Grande",-68.8429140643,-32.8843810307,1,"0",0.0364741641337386
40738,"Fresno europeo","Bajo (2 - 4 mts)",10,"Chico",-68.842515022,-32.8844559951,1,"0",0.0420032310177706
40744,"Morera","Alto (> 8 mts)",190,"Grande",-68.8418915101,-32.8846071435,1,"0",0.185148665048544
40746,"Morera","Alto (> 8 mts)",185,"Grande",-68.841923236,-32.8847350436,1,"0",0.185148665048544
40749,"Morera","Alto (> 8 mts)",165,"Grande",-68.8420285729,-32.8851153302,1,"1",0.185148665048544
40752,"Morera","Alto (> 8 mts)",180,"Grande",-68.8421134413,-32.8854534384,1,"0",0.185148665048544
40760,"Fresno europeo","Medio (4 - 8 mts)",42,"Mediano",-68.8415196871,-32.8845115174,1,"0",0.0420032310177706
40762,"Morera","Medio (4 - 8 mts)",82,"Grande",-68.8416964033,-32.8844038681,1,"1",0.185148665048544
40764,"Olmo comun","Alto (> 8 mts)",102,"Grande",-68.8416760759,-32.8843511908,1,"0",0.0227272727272727
40765,"Morera","Alto (> 8 mts)",158,"Grande",-68.841657341,-32.884265399,1,"0",0.185148665048544
40766,"Morera","Bajo (2 - 4 mts)",12,"Chico",-68.8416416488,-32.8841944817,1,"1",0.185148665048544
40772,"Morera","Alto (> 8 mts)",146,"Grande",-68.841487178,-32.8836094682,1,"0",0.185148665048544
40775,"Fresno europeo","Alto (> 8 mts)",130,"Grande",-68.8411611061,-32.8845773134,1,"0",0.0420032310177706
40781,"Pltano","Alto (> 8 mts)",146,"Grande",-68.8405574253,-32.8845334344,1,"0",0.0903973509933775
40782,"Pltano","Alto (> 8 mts)",124,"Grande",-68.8405320648,-32.8844272432,1,"0",0.0903973509933775
40794,"Pltano","Alto (> 8 mts)",164,"Grande",-68.8409051599,-32.8836354915,1,"0",0.0903973509933775
40797,"Pltano","Alto (> 8 mts)",140,"Grande",-68.8411527545,-32.8835823358,1,"0",0.0903973509933775
40798,"Fresno europeo","Bajo (2 - 4 mts)",18,"Chico",-68.8401847074,-32.8847486138,1,"0",0.0420032310177706
40800,"Pltano","Alto (> 8 mts)",178,"Grande",-68.8404415842,-32.8846605687,1,"0",0.0903973509933775
40802,"Pltano","Alto (> 8 mts)",152,"Grande",-68.8403923784,-32.8844830312,1,"0",0.0903973509933775
40803,"Pltano","Alto (> 8 mts)",148,"Grande",-68.8403679229,-32.884359773,1,"0",0.0903973509933775
40804,"Pltano","Alto (> 8 mts)",142,"Grande",-68.840348907,-32.884302035,1,"0",0.0903973509933775
40805,"Pltano","Alto (> 8 mts)",118,"Grande",-68.8402979469,-32.8841149589,1,"0",0.0903973509933775
40807,"Pltano","Alto (> 8 mts)",148,"Grande",-68.8402775769,-32.8840323379,1,"0",0.0903973509933775
40809,"Pltano","Alto (> 8 mts)",142,"Grande",-68.8402294075,-32.8838499388,1,"0",0.0903973509933775
40811,"Pltano","Alto (> 8 mts)",140,"Grande",-68.8399999605,-32.8837931148,1,"0",0.0903973509933775
40817,"Acacia SP","Medio (4 - 8 mts)",66,"Grande",-68.8393267282,-32.8848382247,3,"1",0.150492264416315
40823,"Fresno europeo","Alto (> 8 mts)",98,"Grande",-68.8391365463,-32.8841478656,1,"1",0.0420032310177706
40825,"Pltano","Alto (> 8 mts)",166,"Grande",-68.8392766455,-32.8839292546,1,"1",0.0903973509933775
40828,"Pltano","Alto (> 8 mts)",198,"Grande",-68.8395260379,-32.8838875559,1,"0",0.0903973509933775
40831,"Pltano","Alto (> 8 mts)",148,"Grande",-68.8398672774,-32.8838181121,1,"0",0.0903973509933775
40833,"Pltano","Alto (> 8 mts)",220,"Grande",-68.840272161,-32.8858629456,3,"0",0.0903973509933775
40834,"Pltano","Alto (> 8 mts)",172,"Grande",-68.8403569325,-32.8858488071,3,"0",0.0903973509933775
40838,"Pltano","Alto (> 8 mts)",210,"Grande",-68.8405944927,-32.885252822,1,"0",0.0903973509933775
40843,"Fresno americano","Medio (4 - 8 mts)",158,"Grande",-68.8400869607,-32.8849070063,1,"0",0.0512455516014235
40849,"Pltano","Alto (> 8 mts)",162,"Grande",-68.8396811876,-32.8859831478,3,"0",0.0903973509933775
40850,"Fresno americano","Medio (4 - 8 mts)",20,"Chico",-68.8395530147,-32.885700082,3,"0",0.0512455516014235
40852,"Acacia SP","Alto (> 8 mts)",98,"Grande",-68.8394920133,-32.8854518581,3,"0",0.150492264416315
40854,"Fresno americano","Medio (4 - 8 mts)",22,"Mediano",-68.839440286,-32.885283682,3,"0",0.0512455516014235
40859,"Fresno americano","Alto (> 8 mts)",162,"Grande",-68.8396497393,-32.8849828198,1,"0",0.0512455516014235
40862,"Fresno americano","Medio (4 - 8 mts)",122,"Grande",-68.8398996677,-32.8849417524,1,"0",0.0512455516014235
40863,"Pltano","Muy bajo (1 - 2 mts)",12,"Chico",-68.8378557931,-32.8842879902,3,"0",0.0903973509933775
40867,"Pltano","Alto (> 8 mts)",158,"Grande",-68.8379495217,-32.8846592662,3,"1",0.0903973509933775
40870,"Pltano","Muy bajo (1 - 2 mts)",7,"Chico",-68.8380414711,-32.8849821442,3,"0",0.0903973509933775
40871,"Pltano","Alto (> 8 mts)",168,"Grande",-68.8380618989,-32.8850907344,3,"0",0.0903973509933775
40879,"Fresno americano","Medio (4 - 8 mts)",118,"Grande",-68.8389900632,-32.8849758408,3,"0",0.0512455516014235
40881,"Fresno americano","Alto (> 8 mts)",98,"Grande",-68.839131489,-32.8849531198,3,"0",0.0512455516014235
40882,"Fresno americano","Medio (4 - 8 mts)",78,"Grande",-68.8391910466,-32.8848757411,3,"0",0.0512455516014235
40883,"Morera","Medio (4 - 8 mts)",98,"Grande",-68.8391817377,-32.8848229801,3,"1",0.185148665048544
40887,"Acacia SP","Medio (4 - 8 mts)",58,"Mediano",-68.8391061084,-32.8845401933,1,"1",0.150492264416315
40888,"Acacia SP","Medio (4 - 8 mts)",56,"Mediano",-68.8390865489,-32.8844655288,1,"0",0.150492264416315
40895,"Pltano","Alto (> 8 mts)",158,"Grande",-68.8387202061,-32.884036708,1,"0",0.0903973509933775
40897,"Pltano","Alto (> 8 mts)",168,"Grande",-68.8384278996,-32.8840820961,3,"0",0.0903973509933775
40900,"Pltano","Bajo (2 - 4 mts)",38,"Mediano",-68.8381880771,-32.8841255019,3,"0",0.0903973509933775
40901,"Pltano","Bajo (2 - 4 mts)",22,"Mediano",-68.8381044803,-32.8841408126,3,"0",0.0903973509933775
40902,"Pltano","Alto (> 8 mts)",165,"Grande",-68.8379613258,-32.8841744407,3,"0",0.0903973509933775
40903,"Pltano","Alto (> 8 mts)",158,"Grande",-68.8381319105,-32.8853353198,3,"0",0.0903973509933775
40907,"Pltano","Alto (> 8 mts)",120,"Grande",-68.8382206281,-32.8857372285,3,"0",0.0903973509933775
40911,"Pltano","Muy bajo (1 - 2 mts)",4,"Chico",-68.8383118476,-32.8860565455,3,"0",0.0903973509933775
40915,"Pltano","Medio (4 - 8 mts)",42,"Mediano",-68.8387353035,-32.8861499665,3,"0",0.0903973509933775
40916,"Pltano","Alto (> 8 mts)",178,"Grande",-68.8389098527,-32.8861173221,3,"0",0.0903973509933775
40919,"Pltano","Alto (> 8 mts)",162,"Grande",-68.83916174,-32.88607288,3,"0",0.0903973509933775
40920,"Pltano","Alto (> 8 mts)",162,"Grande",-68.8392370036,-32.886057107,3,"0",0.0903973509933775
40921,"Caducifolio","Bajo (2 - 4 mts)",6,"Chico",-68.8393194329,-32.8860382774,3,"0",0.0512249443207127
40925,"Acacia SP","Bajo (2 - 4 mts)",42,"Mediano",-68.8394249957,-32.8857546504,3,"0",0.150492264416315
40926,"Fresno europeo","Alto (> 8 mts)",102,"Grande",-68.8393963298,-32.8856501977,3,"0",0.0420032310177706
40927,"Fresno europeo","Alto (> 8 mts)",102,"Grande",-68.8393739147,-32.8855759597,3,"0",0.0420032310177706
40929,"Morera","Medio (4 - 8 mts)",46,"Mediano",-68.8393308448,-32.8854428146,3,"1",0.185148665048544
40932,"Morera","Alto (> 8 mts)",58,"Mediano",-68.839253622,-32.8851393861,3,"0",0.185148665048544
40937,"Fresno americano","Alto (> 8 mts)",86,"Grande",-68.8386048946,-32.8851800474,3,"0",0.0512455516014235
40938,"Fresno americano","Medio (4 - 8 mts)",98,"Grande",-68.8385304914,-32.8851931161,3,"0",0.0512455516014235
40940,"Fresno europeo","Medio (4 - 8 mts)",30,"Mediano",-68.8383454174,-32.8852252288,3,"0",0.0420032310177706
40942,"Pltano","Alto (> 8 mts)",44,"Mediano",-68.8410102324,-32.8857167308,1,"0",0.0903973509933775
40943,"Pltano","Alto (> 8 mts)",142,"Grande",-68.8409337969,-32.8857307901,1,"0",0.0903973509933775
40944,"Pltano","Alto (> 8 mts)",98,"Grande",-68.8408684121,-32.8856763449,1,"0",0.0903973509933775
40945,"Pltano","Alto (> 8 mts)",92,"Grande",-68.8408591423,-32.8856453049,1,"0",0.0903973509933775
40947,"Morera","Medio (4 - 8 mts)",62,"Grande",-68.8408184915,-32.88548899,1,"0",0.185148665048544
40960,"Morera","Alto (> 8 mts)",158,"Grande",-68.8419165704,-32.885299224,1,"0",0.185148665048544
40961,"Morera","Bajo (2 - 4 mts)",16,"Chico",-68.8418631801,-32.8850943822,1,"0",0.185148665048544
40962,"Morera","Alto (> 8 mts)",170,"Grande",-68.8417592838,-32.8846856039,1,"1",0.185148665048544
40963,"Morera","Alto (> 8 mts)",168,"Grande",-68.841774861,-32.8847600132,1,"1",0.185148665048544
40964,"Morera","Alto (> 8 mts)",162,"Grande",-68.8418070213,-32.8848839464,1,"0",0.185148665048544
40965,"Morera","Alto (> 8 mts)",172,"Grande",-68.8418268764,-32.8849565577,1,"1",0.185148665048544
40966,"Morera","Alto (> 8 mts)",174,"Grande",-68.8418819717,-32.8851641068,1,"0",0.185148665048544
40967,"Morera","Alto (> 8 mts)",168,"Grande",-68.8419016151,-32.8852356358,1,"0",0.185148665048544
40968,"Morera","Alto (> 8 mts)",168,"Grande",-68.8419335513,-32.88536561,1,"0",0.185148665048544
40976,"Morera","Alto (> 8 mts)",155,"Grande",-68.8392576029,-32.8809214543,1,"0",0.185148665048544
40980,"Morera","Alto (> 8 mts)",180,"Grande",-68.8388547613,-32.8809651189,1,"0",0.185148665048544
40983,"Morera","Alto (> 8 mts)",198,"Grande",-68.8385078317,-32.8809957798,1,"1",0.185148665048544
40986,"Morera","Alto (> 8 mts)",164,"Grande",-68.8382005483,-32.8806144175,1,"1",0.185148665048544
40988,"Morera","Alto (> 8 mts)",146,"Grande",-68.8381590171,-32.8804759539,1,"1",0.185148665048544
40989,"Morera","Alto (> 8 mts)",182,"Grande",-68.8381333586,-32.8803648321,1,"1",0.185148665048544
40990,"Morera","Alto (> 8 mts)",176,"Grande",-68.8381042833,-32.8802522632,1,"1",0.185148665048544
40995,"Morera","Medio (4 - 8 mts)",160,"Grande",-68.8382502432,-32.8799649022,1,"1",0.185148665048544
40996,"Morera","Alto (> 8 mts)",180,"Grande",-68.8383273004,-32.8799590507,1,"0",0.185148665048544
41000,"Caducifolio","Alto (> 8 mts)",180,"Grande",-68.839041084,-32.8799149119,1,"1",0.0512249443207127
41003,"Pltano","Alto (> 8 mts)",180,"Grande",-68.8392847201,-32.8801659607,1,"0",0.0903973509933775
41005,"Pltano","Alto (> 8 mts)",176,"Grande",-68.839343594,-32.8804065178,1,"0",0.0903973509933775
41007,"Pltano","Alto (> 8 mts)",110,"Grande",-68.8394016865,-32.8806349236,1,"0",0.0903973509933775
41010,"Morera","Alto (> 8 mts)",130,"Grande",-68.8397694732,-32.8798758417,1,"1",0.185148665048544
41011,"Fresno americano","Alto (> 8 mts)",36,"Mediano",-68.8398593214,-32.8798705854,1,"0",0.0512455516014235
41017,"Pltano","Alto (> 8 mts)",7,"Chico",-68.8405548261,-32.8800711953,1,"0",0.0903973509933775
41026,"Morera","Alto (> 8 mts)",105,"Grande",-68.8406889385,-32.8807695767,1,"1",0.185148665048544
41028,"Morera","Medio (4 - 8 mts)",80,"Grande",-68.8405014063,-32.8807931641,1,"0",0.185148665048544
41029,"Morera","Alto (> 8 mts)",150,"Grande",-68.8404272972,-32.8808017591,1,"0",0.185148665048544
41030,"Morera","Alto (> 8 mts)",145,"Grande",-68.8403549825,-32.8808084593,1,"1",0.185148665048544
41031,"Morera","Alto (> 8 mts)",173,"Grande",-68.840286683,-32.8808179283,1,"0",0.185148665048544
41035,"Morera","Alto (> 8 mts)",138,"Grande",-68.8400119087,-32.8808467829,1,"1",0.185148665048544
41036,"Morera","Alto (> 8 mts)",170,"Grande",-68.8399468232,-32.8808510548,1,"0",0.185148665048544
41037,"Morera","Alto (> 8 mts)",142,"Grande",-68.8398328322,-32.8808667381,1,"0",0.185148665048544
41042,"Pltano","Alto (> 8 mts)",198,"Grande",-68.8395459791,-32.8805865121,1,"0",0.0903973509933775
41044,"Pltano","Alto (> 8 mts)",196,"Grande",-68.8395099229,-32.8804365774,1,"0",0.0903973509933775
41045,"Pltano","Alto (> 8 mts)",181,"Grande",-68.8394868799,-32.8803555758,1,"0",0.0903973509933775
41046,"Pltano","Alto (> 8 mts)",193,"Grande",-68.8394569425,-32.8802460719,1,"0",0.0903973509933775
41047,"Pltano","Alto (> 8 mts)",204,"Grande",-68.8393848368,-32.8799996585,1,"0",0.0903973509933775
41050,"Fresno europeo","Alto (> 8 mts)",142,"Grande",-68.8375659563,-32.8822706256,1,"0",0.0420032310177706
41052,"Fresno europeo","Medio (4 - 8 mts)",42,"Mediano",-68.8378839607,-32.8822383843,1,"0",0.0420032310177706
41053,"Fresno europeo","Alto (> 8 mts)",172,"Grande",-68.8379853862,-32.8822317621,1,"0",0.0420032310177706
41056,"Fresno europeo","Alto (> 8 mts)",148,"Grande",-68.8382805311,-32.8822025361,1,"0",0.0420032310177706
41061,"Morera","Alto (> 8 mts)",102,"Grande",-68.8385891965,-32.882622899,1,"0",0.185148665048544
41064,"Morera","Alto (> 8 mts)",88,"Grande",-68.8386461917,-32.8828491927,1,"0",0.185148665048544
41067,"Morera","Alto (> 8 mts)",122,"Grande",-68.8387440864,-32.8831887305,1,"1",0.185148665048544
41069,"Morera","Alto (> 8 mts)",128,"Grande",-68.8387879986,-32.8833708388,1,"0",0.185148665048544
41070,"Morera","Alto (> 8 mts)",124,"Grande",-68.8388123987,-32.8834719851,1,"0",0.185148665048544
41075,"Pltano","Alto (> 8 mts)",158,"Grande",-68.8388274828,-32.8838190867,1,"0",0.0903973509933775
41076,"Pltano","Alto (> 8 mts)",158,"Grande",-68.8387303772,-32.8838375084,1,"0",0.0903973509933775
41080,"Pltano","Alto (> 8 mts)",162,"Grande",-68.8383375969,-32.8839109031,1,"0",0.0903973509933775
41081,"Pltano","Alto (> 8 mts)",168,"Grande",-68.8382567418,-32.8839253654,3,"0",0.0903973509933775
41082,"Pltano","Alto (> 8 mts)",186,"Grande",-68.8381565481,-32.8839475671,3,"1",0.0903973509933775
41085,"Pltano","Alto (> 8 mts)",205,"Grande",-68.8378507053,-32.8840015998,3,"0",0.0903973509933775
41089,"Pltano","Alto (> 8 mts)",178,"Grande",-68.8376720671,-32.8835733582,3,"0",0.0903973509933775
41091,"Pltano","Alto (> 8 mts)",198,"Grande",-68.8376320788,-32.8834089278,1,"0",0.0903973509933775
41094,"Pltano","Muy bajo (1 - 2 mts)",4,"Chico",-68.8375728788,-32.883172878,1,"0",0.0903973509933775
41097,"Pltano","Alto (> 8 mts)",178,"Grande",-68.8374667154,-32.8827887093,1,"0",0.0903973509933775
41099,"Pltano","Medio (4 - 8 mts)",42,"Mediano",-68.8373625988,-32.8824019084,1,"0",0.0903973509933775
41100,"Fresno europeo","Alto (> 8 mts)",98,"Grande",-68.8387154123,-32.8821622122,1,"0",0.0420032310177706
41106,"Fresno europeo","Alto (> 8 mts)",155,"Grande",-68.8395144627,-32.8820877792,1,"0",0.0420032310177706
41107,"Paraiso sombrilla","Bajo (2 - 4 mts)",28,"Mediano",-68.8394154343,-32.8820973849,1,"0",0.022887323943662
41108,"Paraiso","Medio (4 - 8 mts)",88,"Grande",-68.8395884998,-32.8820817814,1,"0",0.0859023207481815
41110,"Pltano","Alto (> 8 mts)",158,"Grande",-68.839784509,-32.8821260704,1,"0",0.0903973509933775
41117,"Pltano","Alto (> 8 mts)",158,"Grande",-68.8399381558,-32.8827331964,1,"0",0.0903973509933775
41118,"Pltano","Alto (> 8 mts)",168,"Grande",-68.8399505479,-32.8827949782,1,"0",0.0903973509933775
41121,"Pltano","Alto (> 8 mts)",176,"Grande",-68.8399999625,-32.8830087425,1,"0",0.0903973509933775
41122,"Pltano","Alto (> 8 mts)",98,"Grande",-68.8400199845,-32.8830837754,1,"0",0.0903973509933775
41123,"Pltano","Alto (> 8 mts)",146,"Grande",-68.840039767,-32.8831588351,1,"0",0.0903973509933775
41124,"Pltano","Alto (> 8 mts)",182,"Grande",-68.8400640341,-32.883236023,1,"0",0.0903973509933775
41127,"Pltano","Alto (> 8 mts)",98,"Grande",-68.8401425078,-32.8835111891,1,"0",0.0903973509933775
41130,"Pltano","Alto (> 8 mts)",162,"Grande",-68.8399340297,-32.8836136838,1,"0",0.0903973509933775
41135,"Pltano","Alto (> 8 mts)",148,"Grande",-68.8394799896,-32.8837055615,1,"0",0.0903973509933775
41136,"Pltano","Alto (> 8 mts)",164,"Grande",-68.839411682,-32.8837152761,1,"0",0.0903973509933775
41137,"Pltano","Alto (> 8 mts)",176,"Grande",-68.8393044529,-32.8837392135,1,"0",0.0903973509933775
41139,"Pltano","Alto (> 8 mts)",170,"Grande",-68.8390921242,-32.8837753563,1,"0",0.0903973509933775
41143,"Morera","Bajo (2 - 4 mts)",12,"Chico",-68.8389341416,-32.8833974466,1,"0",0.185148665048544
41149,"Morera","Muy bajo (1 - 2 mts)",6,"Chico",-68.838786092,-32.8828267316,1,"0",0.185148665048544
41153,"Morera","Alto (> 8 mts)",162,"Grande",-68.8386453953,-32.8823315057,1,"0",0.185148665048544
41156,"Morera","Alto (> 8 mts)",125,"Grande",-68.8379443969,-32.8802057092,1,"1",0.185148665048544
41157,"Morera","Alto (> 8 mts)",151,"Grande",-68.8379622115,-32.8802815646,1,"0",0.185148665048544
41160,"Morera","Alto (> 8 mts)",155,"Grande",-68.8380795259,-32.8807035284,1,"1",0.185148665048544
41161,"Morera","Alto (> 8 mts)",90,"Grande",-68.8380948087,-32.8807614369,1,"1",0.185148665048544
41162,"Morera","Alto (> 8 mts)",160,"Grande",-68.8381168031,-32.8808307154,1,"0",0.185148665048544
41163,"Morera","Alto (> 8 mts)",165,"Grande",-68.8381337677,-32.8809040449,1,"0",0.185148665048544
41166,"Morera","Alto (> 8 mts)",98,"Grande",-68.837958782,-32.8810505238,1,"0",0.185148665048544
41168,"Morera","Alto (> 8 mts)",110,"Grande",-68.8377937656,-32.8810622122,1,"0",0.185148665048544
41171,"Paraiso","Alto (> 8 mts)",147,"Grande",-68.8370171572,-32.8800339942,1,"0",0.0859023207481815
41173,"Pltano","Alto (> 8 mts)",220,"Grande",-68.8369348371,-32.8807779747,1,"0",0.0903973509933775
41179,"Morera","Alto (> 8 mts)",120,"Grande",-68.8372848903,-32.8811196202,1,"0",0.185148665048544
41180,"Morera","Alto (> 8 mts)",150,"Grande",-68.837355759,-32.8811091626,1,"1",0.185148665048544
41182,"Morera","Alto (> 8 mts)",105,"Grande",-68.8375382062,-32.8810908249,1,"1",0.185148665048544
41184,"Morera","Alto (> 8 mts)",161,"Grande",-68.8377003429,-32.8810760673,1,"0",0.185148665048544
41185,"Morera","Alto (> 8 mts)",120,"Grande",-68.8378820365,-32.881178104,1,"0",0.185148665048544
41186,"Morera","Alto (> 8 mts)",51,"Mediano",-68.8382475862,-32.8813100441,1,"0",0.185148665048544
41189,"Morera","Medio (4 - 8 mts)",60,"Mediano",-68.8383208932,-32.8816199623,1,"0",0.185148665048544
41191,"Morera","Alto (> 8 mts)",97,"Grande",-68.8383688317,-32.8817931393,1,"0",0.185148665048544
41193,"Morera","Alto (> 8 mts)",153,"Grande",-68.8384291589,-32.8820093611,1,"1",0.185148665048544
41194,"Acer","Alto (> 8 mts)",143,"Grande",-68.8383008899,-32.8820864704,1,"0",0.0204081632653061
41196,"Fresno europeo","Alto (> 8 mts)",160,"Grande",-68.8380607152,-32.8821078616,1,"0",0.0420032310177706
41198,"Morera","Alto (> 8 mts)",128,"Grande",-68.837807224,-32.8811829663,1,"1",0.185148665048544
41199,"Morera","Alto (> 8 mts)",160,"Grande",-68.8376566281,-32.8811978292,1,"0",0.185148665048544
41201,"Fresno europeo","Alto (> 8 mts)",80,"Grande",-68.8373455316,-32.8812359084,1,"0",0.0420032310177706
41206,"Pltano","Alto (> 8 mts)",210,"Grande",-68.8371121112,-32.8814608664,1,"0",0.0903973509933775
41207,"Pltano","Alto (> 8 mts)",205,"Grande",-68.8371409945,-32.881561082,1,"0",0.0903973509933775
41211,"Pltano","Alto (> 8 mts)",215,"Grande",-68.8372408459,-32.8819475873,1,"0",0.0903973509933775
41212,"Pltano","Alto (> 8 mts)",204,"Grande",-68.8372620336,-32.8820487848,1,"0",0.0903973509933775
41218,"Fresno europeo","Medio (4 - 8 mts)",50,"Mediano",-68.8379628275,-32.882115969,1,"0",0.0420032310177706
41219,"Fresno europeo","Alto (> 8 mts)",150,"Grande",-68.8391550822,-32.8820085835,1,"0",0.0420032310177706
41220,"Fresno europeo","Alto (> 8 mts)",95,"Grande",-68.8390663754,-32.8820143304,1,"0",0.0420032310177706
41225,"Morera","Muy bajo (1 - 2 mts)",2,"Chico",-68.8385210637,-32.8818023754,1,"0",0.185148665048544
41227,"Morera","Alto (> 8 mts)",115,"Grande",-68.8384762751,-32.8816616391,1,"0",0.185148665048544
41228,"Morera","Alto (> 8 mts)",150,"Grande",-68.8384716673,-32.881629798,1,"0",0.185148665048544
41232,"Morera","Alto (> 8 mts)",280,"Grande",-68.8383951823,-32.8813583853,1,"1",0.185148665048544
41237,"Perenne","Medio (4 - 8 mts)",35,"Mediano",-68.8387570799,-32.8810907899,1,"0",0.0364741641337386
41242,"Fresno europeo","Alto (> 8 mts)",133,"Grande",-68.8394849205,-32.8819761856,1,"1",0.0420032310177706
41243,"Acer","Alto (> 8 mts)",130,"Grande",-68.8393182952,-32.8819903988,1,"0",0.0204081632653061
41245,"Morera","Alto (> 8 mts)",180,"Grande",-68.8392561088,-32.8810387626,1,"0",0.185148665048544
41246,"Morera","Alto (> 8 mts)",170,"Grande",-68.8393938739,-32.8810277586,1,"1",0.185148665048544
41248,"Pltano","Alto (> 8 mts)",210,"Grande",-68.8395140467,-32.8811131228,1,"0",0.0903973509933775
41254,"Pltano","Alto (> 8 mts)",192,"Grande",-68.8396539114,-32.8816417157,1,"0",0.0903973509933775
41256,"Morera","Alto (> 8 mts)",140,"Grande",-68.8396975121,-32.8817998501,1,"1",0.185148665048544
41265,"Pltano","Alto (> 8 mts)",139,"Grande",-68.8408525478,-32.8812032891,1,"0",0.0903973509933775
41266,"Pltano","Alto (> 8 mts)",142,"Grande",-68.8408752323,-32.8812823315,1,"0",0.0903973509933775
41269,"Olmo bola","Medio (4 - 8 mts)",52,"Mediano",-68.8409138933,-32.8814388893,1,"0",0.0231481481481481
41275,"Morera","Alto (> 8 mts)",130,"Grande",-68.8408181474,-32.8818563062,1,"0",0.185148665048544
41276,"Fresno europeo","Bajo (2 - 4 mts)",21,"Mediano",-68.8406423213,-32.8818760106,1,"0",0.0420032310177706
41277,"Morera","Alto (> 8 mts)",118,"Grande",-68.8405528645,-32.8818829506,1,"0",0.185148665048544
41280,"Morera","Alto (> 8 mts)",180,"Grande",-68.8400777049,-32.8809566797,1,"1",0.185148665048544
41284,"Pltano","Alto (> 8 mts)",200,"Grande",-68.839686063,-32.8811527131,1,"0",0.0903973509933775
41285,"Fresno europeo","Alto (> 8 mts)",90,"Grande",-68.8396616073,-32.8810620797,1,"0",0.0420032310177706
41290,"Pltano","Alto (> 8 mts)",163,"Grande",-68.839795462,-32.8815620757,1,"0",0.0903973509933775
41293,"Pltano","Alto (> 8 mts)",140,"Grande",-68.8398516932,-32.8817878414,1,"0",0.0903973509933775
41294,"Pltano","Alto (> 8 mts)",176,"Grande",-68.8398717626,-32.8818588303,1,"0",0.0903973509933775
41297,"Fresno europeo","Medio (4 - 8 mts)",83,"Grande",-68.8400195214,-32.8819365649,1,"0",0.0420032310177706
41298,"Fresno europeo","Medio (4 - 8 mts)",92,"Grande",-68.8400796962,-32.8819305104,1,"0",0.0420032310177706
41302,"Fresno europeo","Alto (> 8 mts)",113,"Grande",-68.8404348654,-32.8818953471,1,"0",0.0420032310177706
41303,"Morera","Alto (> 8 mts)",128,"Grande",-68.8410712708,-32.8820346466,1,"1",0.185148665048544
41305,"Morera","Alto (> 8 mts)",123,"Grande",-68.8411193257,-32.8821935967,1,"1",0.185148665048544
41308,"Olmo comun","Medio (4 - 8 mts)",108,"Grande",-68.8411692156,-32.8823819335,1,"0",0.0227272727272727
41311,"Acer","Alto (> 8 mts)",170,"Grande",-68.8412217424,-32.8825898403,1,"0",0.0204081632653061
41312,"Morera","Alto (> 8 mts)",200,"Grande",-68.8412482203,-32.8827252008,1,"0",0.185148665048544
41314,"Morera","Alto (> 8 mts)",200,"Grande",-68.8412823696,-32.8828553945,1,"0",0.185148665048544
41315,"Morera","Alto (> 8 mts)",180,"Grande",-68.8413228378,-32.8830084441,1,"1",0.185148665048544
41316,"Morera","Alto (> 8 mts)",190,"Grande",-68.8413472749,-32.8830880044,1,"1",0.185148665048544
41318,"Morera","Alto (> 8 mts)",170,"Grande",-68.8413836882,-32.8832233946,1,"1",0.185148665048544
41322,"Pltano","Alto (> 8 mts)",170,"Grande",-68.8410897365,-32.8834072643,1,"0",0.0903973509933775
41323,"Pltano","Alto (> 8 mts)",175,"Grande",-68.8409823406,-32.8834335257,1,"0",0.0903973509933775
41325,"Pltano","Alto (> 8 mts)",180,"Grande",-68.8408446817,-32.8834519201,1,"0",0.0903973509933775
41327,"Pltano","Alto (> 8 mts)",180,"Grande",-68.8406816372,-32.8834797461,1,"0",0.0903973509933775
41329,"Pltano","Alto (> 8 mts)",185,"Grande",-68.8405104997,-32.8835201132,1,"0",0.0903973509933775
41330,"Pltano","Alto (> 8 mts)",175,"Grande",-68.8404386539,-32.8835382357,1,"0",0.0903973509933775
41332,"Pltano","Alto (> 8 mts)",128,"Grande",-68.8402801872,-32.8834707672,1,"0",0.0903973509933775
41333,"Pltano","Alto (> 8 mts)",165,"Grande",-68.8402681088,-32.8834126828,1,"1",0.0903973509933775
41336,"Pltano","Alto (> 8 mts)",140,"Grande",-68.8402037618,-32.8831824887,1,"1",0.0903973509933775
41339,"Pltano","Alto (> 8 mts)",175,"Grande",-68.840157518,-32.8829879345,1,"0",0.0903973509933775
41342,"Pltano","Alto (> 8 mts)",185,"Grande",-68.8400945647,-32.8827555781,1,"0",0.0903973509933775
41344,"Pltano","Alto (> 8 mts)",168,"Grande",-68.8400624463,-32.8826100038,1,"0",0.0903973509933775
41347,"Pltano","Alto (> 8 mts)",170,"Grande",-68.8399966502,-32.8824018343,1,"0",0.0903973509933775
41349,"Pltano","Muy bajo (1 - 2 mts)",10,"Chico",-68.8399637504,-32.8822868913,1,"0",0.0903973509933775
41356,"Acacia SP","Muy bajo (1 - 2 mts)",20,"Chico",-68.8403607038,-32.8820138251,1,"0",0.150492264416315
41357,"Fresno americano","Alto (> 8 mts)",180,"Grande",-68.8404375496,-32.8820076113,1,"0",0.0512455516014235
41359,"Fresno americano","Alto (> 8 mts)",170,"Grande",-68.8406810962,-32.8819884858,1,"0",0.0512455516014235
41360,"Fresno americano","Alto (> 8 mts)",140,"Grande",-68.8407471857,-32.8819837405,1,"0",0.0512455516014235
41362,"Fresno americano","Medio (4 - 8 mts)",71,"Grande",-68.8408942452,-32.8819689695,1,"1",0.0512455516014235
41363,"Morera","Alto (> 8 mts)",170,"Grande",-68.8410579572,-32.8819781179,1,"0",0.185148665048544
41364,"Pltano","Muy bajo (1 - 2 mts)",7,"Chico",-68.8424628863,-32.8831567394,1,"0",0.0903973509933775
41368,"Pltano","Alto (> 8 mts)",160,"Grande",-68.8421180379,-32.883225138,1,"0",0.0903973509933775
41370,"Pltano","Alto (> 8 mts)",160,"Grande",-68.8418665635,-32.8832717345,1,"0",0.0903973509933775
41372,"Pltano","Alto (> 8 mts)",80,"Grande",-68.8417061708,-32.8833020241,1,"0",0.0903973509933775
41375,"Morera","Alto (> 8 mts)",176,"Grande",-68.841501325,-32.8831152505,1,"1",0.185148665048544
41376,"Olmo comun","Alto (> 8 mts)",98,"Grande",-68.8414807076,-32.8830510239,1,"0",0.0227272727272727
41377,"Olmo comun","Alto (> 8 mts)",82,"Grande",-68.8414609651,-32.8829756173,1,"0",0.0227272727272727
41378,"Morera","Alto (> 8 mts)",124,"Grande",-68.8414497441,-32.8829157307,1,"0",0.185148665048544
41379,"Morera","Alto (> 8 mts)",158,"Grande",-68.8414340328,-32.8828570106,1,"0",0.185148665048544
41383,"Morera","Alto (> 8 mts)",162,"Grande",-68.8413289399,-32.8824626574,1,"0",0.185148665048544
41384,"Morera","Alto (> 8 mts)",158,"Grande",-68.8413095193,-32.88238662,1,"0",0.185148665048544
41385,"Morera","Alto (> 8 mts)",156,"Grande",-68.8412843344,-32.8823070588,1,"1",0.185148665048544
41386,"Morera","Alto (> 8 mts)",98,"Grande",-68.8412669176,-32.8822459921,1,"0",0.185148665048544
41388,"Morera","Muy bajo (1 - 2 mts)",6,"Chico",-68.8412219574,-32.8820653215,1,"0",0.185148665048544
41393,"Morera","Medio (4 - 8 mts)",32,"Mediano",-68.8415331602,-32.8819021609,1,"1",0.185148665048544
41396,"Morera","Alto (> 8 mts)",98,"Grande",-68.8419034329,-32.8818644806,1,"0",0.185148665048544
41399,"Prunas","Bajo (2 - 4 mts)",22,"Mediano",-68.8421676935,-32.8818458157,1,"0",0.0321782178217822
41401,"Fresno americano","Alto (> 8 mts)",82,"Grande",-68.8423394118,-32.8819296408,1,"0",0.0512455516014235
41405,"Morera","Alto (> 8 mts)",98,"Grande",-68.8424089625,-32.8821875387,1,"0",0.185148665048544
41406,"Morera","Alto (> 8 mts)",92,"Grande",-68.8424232611,-32.8822610699,1,"0",0.185148665048544
41407,"Fresno europeo","Medio (4 - 8 mts)",62,"Grande",-68.8424435632,-32.8823219777,1,"0",0.0420032310177706
41411,"Morera","Alto (> 8 mts)",86,"Grande",-68.8425100942,-32.8825891384,1,"1",0.185148665048544
41414,"Fresno europeo","Medio (4 - 8 mts)",62,"Grande",-68.8425657017,-32.882809839,1,"0",0.0420032310177706
41415,"Fresno europeo","Bajo (2 - 4 mts)",28,"Mediano",-68.842606308,-32.8829319793,1,"0",0.0420032310177706
41417,"Pltano","Alto (> 8 mts)",186,"Grande",-68.8425610792,-32.8831389825,1,"0",0.0903973509933775
41422,"Morera","Alto (> 8 mts)",113,"Grande",-68.8421170284,-32.8810943442,1,"0",0.185148665048544
41427,"Fresno europeo","Medio (4 - 8 mts)",70,"Grande",-68.8422342407,-32.8815253209,1,"1",0.0420032310177706
41428,"Fresno europeo","Alto (> 8 mts)",110,"Grande",-68.8422473678,-32.8815952186,1,"0",0.0420032310177706
41430,"Morera","Alto (> 8 mts)",165,"Grande",-68.8421388731,-32.881738789,1,"1",0.185148665048544
41435,"Morera","Alto (> 8 mts)",130,"Grande",-68.8417245987,-32.8817814664,1,"1",0.185148665048544
41436,"Morera","Alto (> 8 mts)",128,"Grande",-68.8416685726,-32.8817905152,1,"1",0.185148665048544
41437,"Morera","Alto (> 8 mts)",135,"Grande",-68.8416007024,-32.8817973723,1,"0",0.185148665048544
41438,"Morera","Alto (> 8 mts)",130,"Grande",-68.8414812117,-32.8818074101,1,"0",0.185148665048544
41447,"Pltano","Alto (> 8 mts)",183,"Grande",-68.8410022165,-32.8812286367,1,"0",0.0903973509933775
41448,"Pltano","Alto (> 8 mts)",205,"Grande",-68.84097125,-32.881095778,1,"0",0.0903973509933775
41450,"Pltano","Alto (> 8 mts)",140,"Grande",-68.8409244745,-32.8809592924,1,"0",0.0903973509933775
41455,"Fresno europeo","Alto (> 8 mts)",160,"Grande",-68.841286734,-32.8808234464,1,"0",0.0420032310177706
41456,"Morera","Alto (> 8 mts)",140,"Grande",-68.8413626938,-32.8808118758,1,"1",0.185148665048544
41464,"Paraiso","Medio (4 - 8 mts)",56,"Mediano",-68.8419762909,-32.8807330385,1,"1",0.0859023207481815
41466,"Pltano","Medio (4 - 8 mts)",140,"Grande",-68.8436139508,-32.8814000051,1,"0",0.0903973509933775
41467,"Paraiso sombrilla","Medio (4 - 8 mts)",60,"Mediano",-68.8436084245,-32.8813661577,1,"0",0.022887323943662
41470,"Morera","Medio (4 - 8 mts)",94,"Grande",-68.8435104609,-32.8810022751,1,"1",0.185148665048544
41472,"Morera","Medio (4 - 8 mts)",150,"Grande",-68.8434760654,-32.8808714406,1,"0",0.185148665048544
41474,"Pltano","Alto (> 8 mts)",160,"Grande",-68.8434297854,-32.8806941099,1,"0",0.0903973509933775
41475,"Pltano","Alto (> 8 mts)",220,"Grande",-68.8434034114,-32.8806214906,1,"0",0.0903973509933775
41478,"Fresno americano","Medio (4 - 8 mts)",120,"Grande",-68.8429233978,-32.8806166507,1,"0",0.0512455516014235
41485,"Fresno americano","Medio (4 - 8 mts)",140,"Grande",-68.8424072542,-32.8806783084,1,"0",0.0512455516014235
41486,"Fresno americano","Medio (4 - 8 mts)",160,"Grande",-68.8423214272,-32.8806879386,1,"0",0.0512455516014235
41488,"Morera","Medio (4 - 8 mts)",140,"Grande",-68.8422762342,-32.8808032983,1,"1",0.185148665048544
41489,"Morera","Medio (4 - 8 mts)",180,"Grande",-68.8423000242,-32.880886284,1,"1",0.185148665048544
41492,"Morera","Alto (> 8 mts)",190,"Grande",-68.8423605266,-32.8811172838,1,"1",0.185148665048544
41494,"Morera","Medio (4 - 8 mts)",160,"Grande",-68.8424035205,-32.8812784705,1,"1",0.185148665048544
41495,"Morera","Alto (> 8 mts)",180,"Grande",-68.8424099732,-32.8813157185,1,"0",0.185148665048544
41498,"Morera","Medio (4 - 8 mts)",190,"Grande",-68.8425825253,-32.8816945755,1,"0",0.185148665048544
41506,"Olmo comun","Medio (4 - 8 mts)",160,"Grande",-68.8433426612,-32.8816234657,1,"0",0.0227272727272727
41515,"Morera","Medio (4 - 8 mts)",60,"Mediano",-68.8386146806,-32.8771700343,1,"0",0.185148665048544
41516,"Morera","Medio (4 - 8 mts)",67,"Grande",-68.8386315615,-32.8772304695,1,"0",0.185148665048544
41518,"Morera","Medio (4 - 8 mts)",55,"Mediano",-68.8386649,-32.877348995,1,"0",0.185148665048544
41520,"Morera","Medio (4 - 8 mts)",79,"Grande",-68.8386993878,-32.8774820392,1,"0",0.185148665048544
41522,"Morera","Medio (4 - 8 mts)",76,"Grande",-68.8387306953,-32.8776011031,1,"0",0.185148665048544
41524,"Morera","Medio (4 - 8 mts)",88,"Grande",-68.8387637174,-32.8777174641,1,"0",0.185148665048544
41525,"Morera","Medio (4 - 8 mts)",47,"Mediano",-68.838779107,-32.8777753726,1,"0",0.185148665048544
41529,"Morera","Medio (4 - 8 mts)",80,"Grande",-68.8388643496,-32.8780873782,1,"0",0.185148665048544
41532,"Morera","Medio (4 - 8 mts)",110,"Grande",-68.8389149828,-32.8782744545,1,"0",0.185148665048544
41533,"Morera","Medio (4 - 8 mts)",120,"Grande",-68.8389258792,-32.8783069313,1,"0",0.185148665048544
41535,"Morera","Medio (4 - 8 mts)",42,"Mediano",-68.8390631018,-32.8787149843,1,"0",0.185148665048544
41538,"Morera","Alto (> 8 mts)",48,"Mediano",-68.8390981043,-32.8789441072,1,"0",0.185148665048544
41546,"Fresno europeo","Bajo (2 - 4 mts)",16,"Chico",-68.8392986387,-32.8796774414,1,"0",0.0420032310177706
41548,"Morera","Alto (> 8 mts)",140,"Grande",-68.8395170951,-32.8797720056,1,"1",0.185148665048544
41549,"Morera","Medio (4 - 8 mts)",98,"Grande",-68.8395735355,-32.8797673324,1,"0",0.185148665048544
41550,"Morera","Alto (> 8 mts)",108,"Grande",-68.8396510927,-32.879763798,1,"0",0.185148665048544
41552,"Acer","Bajo (2 - 4 mts)",88,"Grande",-68.8400218601,-32.8797424789,1,"0",0.0204081632653061
41553,"Paraiso","Bajo (2 - 4 mts)",32,"Mediano",-68.8402359941,-32.8797326879,1,"0",0.0859023207481815
41554,"Paraiso","Medio (4 - 8 mts)",89,"Grande",-68.8403201009,-32.8797284672,1,"0",0.0859023207481815
41559,"Paraiso","Alto (> 8 mts)",160,"Grande",-68.8410904207,-32.8796476304,1,"0",0.0859023207481815
41560,"Morera","Bajo (2 - 4 mts)",52,"Mediano",-68.8412564109,-32.8796274629,1,"0",0.185148665048544
41561,"Morera","Medio (4 - 8 mts)",70,"Grande",-68.8413361493,-32.8796159322,1,"0",0.185148665048544
41565,"Tipa","Alto (> 8 mts)",500,"Grande",-68.8416613968,-32.8795757682,1,"0",0.101123595505618
41567,"Fresno americano","Bajo (2 - 4 mts)",20,"Chico",-68.8416141212,-32.8791681016,1,"0",0.0512455516014235
41568,"Fresno europeo","Alto (> 8 mts)",160,"Grande",-68.8415427342,-32.8788992733,1,"0",0.0420032310177706
41569,"Pltano","Alto (> 8 mts)",175,"Grande",-68.8414680633,-32.878632484,1,"1",0.0903973509933775
41570,"Pltano","Alto (> 8 mts)",110,"Grande",-68.8414435412,-32.8785623093,1,"0",0.0903973509933775
41572,"Pltano","Medio (4 - 8 mts)",51,"Mediano",-68.8414054331,-32.8784195068,1,"0",0.0903973509933775
41574,"Pltano","Alto (> 8 mts)",51,"Mediano",-68.8413689021,-32.8782780091,1,"0",0.0903973509933775
41576,"Pltano","Alto (> 8 mts)",45,"Mediano",-68.8413316415,-32.8781394618,1,"0",0.0903973509933775
41579,"Pltano","Alto (> 8 mts)",67,"Grande",-68.8412555694,-32.8778538171,1,"0",0.0903973509933775
41581,"Braquiquito","Bajo (2 - 4 mts)",35,"Mediano",-68.8411570077,-32.8775434337,1,"0",0
41584,"Braquiquito","Medio (4 - 8 mts)",55,"Mediano",-68.8411038516,-32.8773305666,1,"0",0
41587,"Braquiquito","Medio (4 - 8 mts)",42,"Mediano",-68.8410486609,-32.8771203118,1,"0",0
41589,"Braquiquito","Medio (4 - 8 mts)",50,"Mediano",-68.8410162456,-32.8769850806,1,"0",0
41590,"Braquiquito","Medio (4 - 8 mts)",40,"Mediano",-68.8410071548,-32.8769380484,1,"0",0
41591,"Braquiquito","Medio (4 - 8 mts)",90,"Grande",-68.8409911387,-32.8768873917,1,"0",0
41594,"Pltano","Alto (> 8 mts)",170,"Grande",-68.8362376721,-32.8780612305,1,"0",0.0903973509933775
41595,"Pltano","Alto (> 8 mts)",184,"Grande",-68.8362089276,-32.8779645449,1,"1",0.0903973509933775
41600,"Pltano","Alto (> 8 mts)",190,"Grande",-68.836088782,-32.8775200332,1,"0",0.0903973509933775
41602,"Pltano","Alto (> 8 mts)",196,"Grande",-68.8360396985,-32.8773653284,1,"0",0.0903973509933775
41604,"Pltano","Alto (> 8 mts)",178,"Grande",-68.8359869705,-32.8771588617,1,"1",0.0903973509933775
41605,"Pltano","Alto (> 8 mts)",172,"Grande",-68.8359676528,-32.8770880535,1,"0",0.0903973509933775
41607,"Pltano","Alto (> 8 mts)",204,"Grande",-68.8359254652,-32.87690261,1,"0",0.0903973509933775
41608,"Pltano","Alto (> 8 mts)",178,"Grande",-68.8358967807,-32.8768120424,1,"1",0.0903973509933775
41609,"Pltano","Bajo (2 - 4 mts)",8,"Chico",-68.8358596404,-32.8766711492,1,"0",0.0903973509933775
41611,"Pltano","Alto (> 8 mts)",180,"Grande",-68.8358156307,-32.8764889493,1,"0",0.0903973509933775
41612,"Pltano","Alto (> 8 mts)",178,"Grande",-68.8357993927,-32.8764286949,1,"0",0.0903973509933775
41619,"Fresno americano","Alto (> 8 mts)",122,"Grande",-68.836703981,-32.8762953925,1,"0",0.0512455516014235
41627,"Fresno europeo","Medio (4 - 8 mts)",42,"Mediano",-68.8367772293,-32.8785225179,1,"0",0.0420032310177706
41630,"Ailanthus","Bajo (2 - 4 mts)",8,"Chico",-68.8369891731,-32.8785087441,1,"0",0.0380952380952381
41631,"Morera","Alto (> 8 mts)",132,"Grande",-68.8371602151,-32.8784974965,1,"1",0.185148665048544
41636,"Morera","Alto (> 8 mts)",96,"Grande",-68.8374546705,-32.878322429,1,"0",0.185148665048544
41638,"Fresno europeo","Muy bajo (1 - 2 mts)",6,"Chico",-68.8374175511,-32.8781625141,1,"0",0.0420032310177706
41645,"Fresno europeo","Muy bajo (1 - 2 mts)",10,"Chico",-68.8372717079,-32.8776042224,1,"0",0.0420032310177706
41647,"Morera","Alto (> 8 mts)",86,"Grande",-68.8372323637,-32.8774675151,1,"0",0.185148665048544
41651,"Morera","Alto (> 8 mts)",98,"Grande",-68.8371404715,-32.8771267673,1,"0",0.185148665048544
41652,"Fresno europeo","Alto (> 8 mts)",140,"Grande",-68.8371229006,-32.8770720324,1,"0",0.0420032310177706
41657,"Fresno europeo","Medio (4 - 8 mts)",46,"Mediano",-68.8369709634,-32.8765139036,1,"0",0.0420032310177706
41659,"Morera","Alto (> 8 mts)",90,"Grande",-68.8369450157,-32.8764227149,1,"0",0.185148665048544
41664,"Olmo bola","Alto (> 8 mts)",128,"Grande",-68.838260883,-32.876401064,1,"0",0.0231481481481481
41665,"Fresno europeo","Medio (4 - 8 mts)",50,"Mediano",-68.8373324484,-32.8773144476,1,"0",0.0420032310177706
41666,"Morera","Alto (> 8 mts)",146,"Grande",-68.8373091789,-32.8772262318,1,"0",0.185148665048544
41667,"Olmo bola","Medio (4 - 8 mts)",40,"Mediano",-68.8373013644,-32.8771911457,1,"0",0.0231481481481481
41668,"Morera","Alto (> 8 mts)",150,"Grande",-68.8372807295,-32.8771225415,1,"0",0.185148665048544
41671,"Fresno europeo","Medio (4 - 8 mts)",90,"Grande",-68.8372275846,-32.8769251404,1,"0",0.0420032310177706
41672,"Fresno europeo","Medio (4 - 8 mts)",70,"Grande",-68.8372112397,-32.8768561982,1,"0",0.0420032310177706
41676,"Fresno europeo","Alto (> 8 mts)",60,"Mediano",-68.8371415844,-32.8765637199,1,"0",0.0420032310177706
41680,"Morera","Medio (4 - 8 mts)",65,"Grande",-68.837137708,-32.8762835533,1,"0",0.185148665048544
41681,"Morera","Medio (4 - 8 mts)",60,"Mediano",-68.8371866693,-32.8762761384,1,"0",0.185148665048544
41687,"Morera","Medio (4 - 8 mts)",50,"Mediano",-68.8384109019,-32.8769353309,1,"0",0.185148665048544
41689,"Morera","Medio (4 - 8 mts)",115,"Grande",-68.8384645099,-32.8771309774,1,"0",0.185148665048544
41691,"Morera","Medio (4 - 8 mts)",62,"Grande",-68.8385097329,-32.8772955047,1,"0",0.185148665048544
41696,"Morera","Medio (4 - 8 mts)",53,"Mediano",-68.8385978282,-32.8776246463,1,"0",0.185148665048544
41698,"Morera","Medio (4 - 8 mts)",30,"Mediano",-68.8386305272,-32.8777423594,1,"0",0.185148665048544
41699,"Acacia SP","Medio (4 - 8 mts)",68,"Grande",-68.8386477315,-32.8778012622,1,"0",0.150492264416315
41700,"Morera","Medio (4 - 8 mts)",60,"Mediano",-68.8386658761,-32.8778719783,1,"0",0.185148665048544
41701,"Morera","Medio (4 - 8 mts)",62,"Grande",-68.8386781849,-32.8779198741,1,"0",0.185148665048544
41702,"Morera","Medio (4 - 8 mts)",45,"Mediano",-68.8386957056,-32.8779811217,1,"0",0.185148665048544
41703,"Morera","Medio (4 - 8 mts)",60,"Mediano",-68.8387142756,-32.8780530106,1,"0",0.185148665048544
41709,"Morera","Medio (4 - 8 mts)",110,"Grande",-68.8385928067,-32.8783907183,1,"0",0.185148665048544
41712,"Morera","Medio (4 - 8 mts)",54,"Mediano",-68.8383698735,-32.8784047673,1,"0",0.185148665048544
41716,"Morera","Bajo (2 - 4 mts)",30,"Mediano",-68.8380681776,-32.8784230422,1,"0",0.185148665048544
41717,"Morera","Medio (4 - 8 mts)",35,"Mediano",-68.837989732,-32.8784291623,1,"0",0.185148665048544
41722,"Morera","Medio (4 - 8 mts)",35,"Mediano",-68.8376237351,-32.878417916,1,"0",0.185148665048544
41728,"Fresno europeo","Alto (> 8 mts)",108,"Grande",-68.8375099999,-32.8779838249,1,"0",0.0420032310177706
41729,"Acacia SP","Alto (> 8 mts)",140,"Grande",-68.8374914738,-32.8779030371,1,"0",0.150492264416315
41732,"Fresno europeo","Medio (4 - 8 mts)",90,"Grande",-68.837386311,-32.8775175709,1,"0",0.0420032310177706
41734,"Morera","Alto (> 8 mts)",120,"Grande",-68.8376106328,-32.8774557627,1,"0",0.185148665048544
41757,"Pltano","Medio (4 - 8 mts)",110,"Grande",-68.8416907964,-32.8786065756,1,"0",0.0903973509933775
41761,"Pltano","Medio (4 - 8 mts)",90,"Grande",-68.8416160763,-32.8783205541,1,"0",0.0903973509933775
41772,"Morera","Alto (> 8 mts)",160,"Grande",-68.8418637945,-32.8778280922,1,"0",0.185148665048544
41774,"Paraiso","Medio (4 - 8 mts)",130,"Grande",-68.84188981,-32.8779209093,1,"0",0.0859023207481815
41777,"Morera","Medio (4 - 8 mts)",150,"Grande",-68.8419611588,-32.8781801461,1,"1",0.185148665048544
41778,"Morera","Medio (4 - 8 mts)",130,"Grande",-68.8419798738,-32.8782537226,1,"0",0.185148665048544
41780,"Morera","Medio (4 - 8 mts)",120,"Grande",-68.842015592,-32.8783973426,1,"0",0.185148665048544
41783,"Morera","Medio (4 - 8 mts)",68,"Grande",-68.8427113605,-32.8785125541,1,"0",0.185148665048544
41784,"Morera","Medio (4 - 8 mts)",100,"Grande",-68.8426783303,-32.8785186441,1,"1",0.185148665048544
41785,"Fresno americano","Medio (4 - 8 mts)",60,"Mediano",-68.8426247934,-32.8785280409,1,"0",0.0512455516014235
41788,"Morera","Alto (> 8 mts)",160,"Grande",-68.8424077829,-32.8785678966,1,"1",0.185148665048544
41792,"Morera","Medio (4 - 8 mts)",220,"Grande",-68.8421864597,-32.878517754,1,"0",0.185148665048544
41793,"Morera","Alto (> 8 mts)",160,"Grande",-68.8421614481,-32.878400863,1,"1",0.185148665048544
41794,"Morera","Medio (4 - 8 mts)",160,"Grande",-68.8421423358,-32.8783318593,1,"0",0.185148665048544
41796,"Morera","Alto (> 8 mts)",190,"Grande",-68.8420810782,-32.8781063587,1,"1",0.185148665048544
41798,"Paraiso","Alto (> 8 mts)",150,"Grande",-68.8420475124,-32.877992703,1,"0",0.0859023207481815
41800,"Jacarand","Medio (4 - 8 mts)",120,"Grande",-68.8419908829,-32.8777487234,1,"0",0.103064066852368
41804,"Acer","Medio (4 - 8 mts)",130,"Grande",-68.8424956316,-32.8776350893,1,"0",0.0204081632653061
41805,"Paraiso","Alto (> 8 mts)",240,"Grande",-68.8426244543,-32.8776827969,1,"0",0.0859023207481815
41808,"Paraiso sombrilla","Medio (4 - 8 mts)",164,"Grande",-68.8426878256,-32.8779404299,1,"0",0.022887323943662
41809,"Paraiso sombrilla","Medio (4 - 8 mts)",170,"Grande",-68.8426994678,-32.8779827908,1,"0",0.022887323943662
41813,"Fresno americano","Medio (4 - 8 mts)",60,"Mediano",-68.8427949569,-32.8783729869,1,"0",0.0512455516014235
41814,"Paraiso","Medio (4 - 8 mts)",80,"Grande",-68.8428151461,-32.8784375736,1,"1",0.0859023207481815
41824,"Morera","Medio (4 - 8 mts)",120,"Grande",-68.8435020719,-32.8783517723,1,"1",0.185148665048544
41825,"lamo blanco","Alto (> 8 mts)",210,"Grande",-68.8434511937,-32.8783636497,1,"0",0.046875
41835,"Acer","Medio (4 - 8 mts)",70,"Grande",-68.843658608,-32.8775106981,1,"0",0.0204081632653061
41836,"Acer","Medio (4 - 8 mts)",80,"Grande",-68.8437320439,-32.8774967235,1,"0",0.0204081632653061
41839,"Morera","Medio (4 - 8 mts)",130,"Grande",-68.8440051026,-32.8778618209,1,"0",0.185148665048544
41847,"Conifera","Medio (4 - 8 mts)",23,"Mediano",-68.8417761838,-32.8793845742,1,"0",0.021505376344086
41848,"Conifera","Alto (> 8 mts)",43,"Mediano",-68.8417661996,-32.8793504776,1,"0",0.021505376344086
41858,"Conifera","Alto (> 8 mts)",65,"Grande",-68.8416644898,-32.8789780398,1,"0",0.021505376344086
41860,"Conifera","Alto (> 8 mts)",65,"Grande",-68.8416491066,-32.8789153527,1,"0",0.021505376344086
41862,"Conifera","Alto (> 8 mts)",71,"Grande",-68.8415876524,-32.8786488417,1,"0",0.021505376344086
41863,"Conifera","Alto (> 8 mts)",80,"Grande",-68.8415616481,-32.8785816155,1,"0",0.021505376344086
41867,"Conifera","Alto (> 8 mts)",60,"Mediano",-68.8414849119,-32.8782878368,1,"0",0.021505376344086
41874,"Conifera","Alto (> 8 mts)",85,"Grande",-68.8413590953,-32.8778325025,1,"0",0.021505376344086
41877,"Fresno europeo","Medio (4 - 8 mts)",44,"Mediano",-68.8429152612,-32.8794136018,1,"0",0.0420032310177706
41880,"Morera","Alto (> 8 mts)",140,"Grande",-68.8424815136,-32.8794753633,1,"1",0.185148665048544
41881,"Fresno europeo","Alto (> 8 mts)",100,"Grande",-68.8424042425,-32.879481668,1,"0",0.0420032310177706
41882,"Fresno europeo","Medio (4 - 8 mts)",100,"Grande",-68.8423208822,-32.8794923814,1,"0",0.0420032310177706
41883,"Fresno europeo","Alto (> 8 mts)",110,"Grande",-68.8422367528,-32.8795040893,1,"0",0.0420032310177706
41885,"Fresno europeo","Bajo (2 - 4 mts)",16,"Chico",-68.8420799457,-32.8795284175,1,"0",0.0420032310177706
41886,"Fresno americano","Medio (4 - 8 mts)",120,"Grande",-68.8420065166,-32.879537522,1,"0",0.0512455516014235
41887,"Morera","Alto (> 8 mts)",190,"Grande",-68.841913611,-32.8794419153,1,"0",0.185148665048544
41888,"Morera","Alto (> 8 mts)",160,"Grande",-68.8418890783,-32.8793563137,1,"1",0.185148665048544
41890,"Morera","Medio (4 - 8 mts)",80,"Grande",-68.8418567118,-32.879229134,1,"0",0.185148665048544
41892,"Fresno europeo","Bajo (2 - 4 mts)",18,"Chico",-68.8418125609,-32.8790586582,1,"0",0.0420032310177706
41894,"Conifera","Medio (4 - 8 mts)",70,"Grande",-68.841779764,-32.8788129955,1,"0",0.021505376344086
41897,"Morera","Alto (> 8 mts)",160,"Grande",-68.8420680695,-32.8787533973,1,"0",0.185148665048544
41900,"Morera","Alto (> 8 mts)",170,"Grande",-68.8423295339,-32.8787044947,1,"0",0.185148665048544
41910,"Pltano","Alto (> 8 mts)",180,"Grande",-68.8429549171,-32.8789226797,1,"0",0.0903973509933775
41912,"Pltano","Alto (> 8 mts)",280,"Grande",-68.8429908534,-32.8790890493,1,"0",0.0903973509933775
41920,"Morera","Alto (> 8 mts)",156,"Grande",-68.8383329342,-32.8798448108,1,"1",0.185148665048544
41921,"Morera","Bajo (2 - 4 mts)",7,"Chico",-68.8382579547,-32.8798446462,1,"0",0.185148665048544
41924,"Morera","Alto (> 8 mts)",154,"Grande",-68.837981961,-32.8798172932,1,"0",0.185148665048544
41932,"Fresno europeo","Medio (4 - 8 mts)",84,"Grande",-68.8377962114,-32.8790740728,1,"0",0.0420032310177706
41937,"Morera","Bajo (2 - 4 mts)",24,"Mediano",-68.8378007974,-32.8785509165,1,"0",0.185148665048544
41939,"Morera","Medio (4 - 8 mts)",63,"Grande",-68.8379452825,-32.8785445214,1,"0",0.185148665048544
41942,"Morera","Medio (4 - 8 mts)",66,"Grande",-68.8381769816,-32.8785287712,1,"0",0.185148665048544
41943,"Morera","Bajo (2 - 4 mts)",35,"Mediano",-68.8382508312,-32.8785232763,1,"0",0.185148665048544
41944,"Morera","Bajo (2 - 4 mts)",34,"Mediano",-68.8383261725,-32.8785201276,1,"0",0.185148665048544
41945,"Morera","Medio (4 - 8 mts)",61,"Grande",-68.8384019436,-32.878515717,1,"0",0.185148665048544
41950,"Fresno europeo","Medio (4 - 8 mts)",68,"Grande",-68.8387742829,-32.8784923026,1,"0",0.0420032310177706
41951,"Morera","Medio (4 - 8 mts)",84,"Grande",-68.8388434529,-32.878533509,1,"0",0.185148665048544
41960,"Morera","Alto (> 8 mts)",60,"Mediano",-68.8390161951,-32.8791517519,1,"0",0.185148665048544
41961,"Morera","Medio (4 - 8 mts)",66,"Grande",-68.8390290332,-32.8792026239,1,"1",0.185148665048544
41962,"Morera","Alto (> 8 mts)",84,"Grande",-68.8390473915,-32.8792737009,1,"1",0.185148665048544
41965,"Morera","Medio (4 - 8 mts)",89,"Grande",-68.8391001518,-32.8794669114,1,"1",0.185148665048544
41967,"Morera","Alto (> 8 mts)",158,"Grande",-68.8375806959,-32.8788284425,1,"0",0.185148665048544
41968,"Fresno europeo","Medio (4 - 8 mts)",115,"Grande",-68.8376111646,-32.8789193276,1,"0",0.0420032310177706
41970,"Fresno europeo","Alto (> 8 mts)",137,"Grande",-68.8376503688,-32.8790626124,1,"0",0.0420032310177706
41972,"Fresno europeo","Medio (4 - 8 mts)",70,"Grande",-68.837689161,-32.8792426119,1,"0",0.0420032310177706
41977,"Morera","Alto (> 8 mts)",187,"Grande",-68.8378208927,-32.87972134,1,"0",0.185148665048544
41978,"Morera","Medio (4 - 8 mts)",52,"Mediano",-68.8378412656,-32.8798006252,1,"0",0.185148665048544
41979,"Fresno europeo","Alto (> 8 mts)",195,"Grande",-68.8377807651,-32.879870575,1,"0",0.0420032310177706
41980,"Morera","Alto (> 8 mts)",190,"Grande",-68.8376877355,-32.8798758401,1,"1",0.185148665048544
41981,"Paraiso","Medio (4 - 8 mts)",70,"Grande",-68.837467732,-32.8798897687,1,"0",0.0859023207481815
41987,"Pltano","Alto (> 8 mts)",197,"Grande",-68.8366230358,-32.8795781252,1,"0",0.0903973509933775
41988,"Pltano","Alto (> 8 mts)",240,"Grande",-68.83659724,-32.8794847662,1,"1",0.0903973509933775
41993,"Pltano","Alto (> 8 mts)",199,"Grande",-68.8364895771,-32.8790489275,1,"0",0.0903973509933775
41994,"Pltano","Alto (> 8 mts)",220,"Grande",-68.8364633554,-32.8789549368,1,"0",0.0903973509933775
41995,"Pltano","Alto (> 8 mts)",215,"Grande",-68.8364456776,-32.8788635722,1,"0",0.0903973509933775
42005,"Fresno europeo","Alto (> 8 mts)",91,"Grande",-68.8372491077,-32.8785964567,1,"0",0.0420032310177706
42010,"Fresno europeo","Alto (> 8 mts)",128,"Grande",-68.8375576294,-32.878702987,1,"0",0.0420032310177706
42013,"Paraiso","Alto (> 8 mts)",152,"Grande",-68.841816284,-32.8806323876,1,"0",0.0859023207481815
42014,"Morera","Alto (> 8 mts)",120,"Grande",-68.8417516233,-32.880637716,1,"0",0.185148665048544
42015,"Fresno americano","Alto (> 8 mts)",80,"Grande",-68.8416356435,-32.8806574064,1,"1",0.0512455516014235
42018,"Morera","Alto (> 8 mts)",140,"Grande",-68.8413985074,-32.8806871035,1,"0",0.185148665048544
42019,"Morera","Alto (> 8 mts)",177,"Grande",-68.8413401534,-32.8806907336,1,"0",0.185148665048544
42024,"Pltano","Alto (> 8 mts)",140,"Grande",-68.8408449793,-32.8806546896,1,"0",0.0903973509933775
42029,"Pltano","Alto (> 8 mts)",210,"Grande",-68.8407411959,-32.8802479842,1,"0",0.0903973509933775
42033,"Morera","Muy bajo (1 - 2 mts)",3,"Chico",-68.8409132105,-32.8797872577,1,"0",0.185148665048544
42037,"Morera","Alto (> 8 mts)",145,"Grande",-68.8412181971,-32.8797559877,1,"1",0.185148665048544
42039,"Morera","Alto (> 8 mts)",170,"Grande",-68.8415340945,-32.8797136562,1,"0",0.185148665048544
42044,"Pltano","Alto (> 8 mts)",215,"Grande",-68.8418306692,-32.8800538797,1,"0",0.0903973509933775
42045,"Morera","Alto (> 8 mts)",144,"Grande",-68.8418493252,-32.8801301639,1,"0",0.185148665048544
42050,"Morera","Alto (> 8 mts)",114,"Grande",-68.8419458734,-32.8804707878,1,"0",0.185148665048544
42052,"Fresno europeo","Medio (4 - 8 mts)",80,"Grande",-68.8433079055,-32.8804462974,1,"0",0.0420032310177706
42054,"Olmo bola","Medio (4 - 8 mts)",100,"Grande",-68.843129577,-32.8804707451,1,"0",0.0231481481481481
42058,"Fresno europeo","Alto (> 8 mts)",160,"Grande",-68.8425577452,-32.880540539,1,"0",0.0420032310177706
42060,"Fresno europeo","Bajo (2 - 4 mts)",8,"Chico",-68.842411419,-32.8805591099,1,"0",0.0420032310177706
42061,"Fresno europeo","Alto (> 8 mts)",130,"Grande",-68.8423599028,-32.8805641846,1,"0",0.0420032310177706
42063,"Morera","Medio (4 - 8 mts)",140,"Grande",-68.8422160148,-32.8805334358,1,"0",0.185148665048544
42066,"Morera","Medio (4 - 8 mts)",160,"Grande",-68.8421286005,-32.8802329716,1,"0",0.185148665048544
42069,"Fresno americano","Bajo (2 - 4 mts)",140,"Grande",-68.8420797675,-32.880050768,1,"0",0.0512455516014235
42075,"Morera","Alto (> 8 mts)",160,"Grande",-68.8422128083,-32.8796291239,1,"0",0.185148665048544
42077,"Morera","Alto (> 8 mts)",180,"Grande",-68.8423738828,-32.8796088586,1,"1",0.185148665048544
42081,"Fresno europeo","Bajo (2 - 4 mts)",52,"Mediano",-68.8429179252,-32.8795390306,1,"0",0.0420032310177706
42084,"Morera","Alto (> 8 mts)",120,"Grande",-68.8431497191,-32.8796523938,1,"1",0.185148665048544
42087,"Morera","Alto (> 8 mts)",100,"Grande",-68.8431986696,-32.879829728,1,"1",0.185148665048544
42090,"Paraiso sombrilla","Medio (4 - 8 mts)",120,"Grande",-68.8432701455,-32.8801411722,1,"0",0.022887323943662
42095,"Paraiso","Alto (> 8 mts)",90,"Grande",-68.8429448145,-32.8764624952,1,"0",0.0859023207481815
42099,"Paraiso","Medio (4 - 8 mts)",85,"Grande",-68.8429921701,-32.8767267896,1,"0",0.0859023207481815
42102,"Paraiso","Medio (4 - 8 mts)",85,"Grande",-68.8430272258,-32.8769304179,1,"0",0.0859023207481815
42106,"Caducifolio","Muy bajo (1 - 2 mts)",12,"Chico",-68.8430748149,-32.877199524,1,"1",0.0512249443207127
42109,"Paraiso","Alto (> 8 mts)",115,"Grande",-68.843106956,-32.8774030639,1,"0",0.0859023207481815
42111,"Acer","Medio (4 - 8 mts)",80,"Grande",-68.8429696396,-32.8774817924,1,"0",0.0204081632653061
42112,"Acer","Medio (4 - 8 mts)",112,"Grande",-68.842805519,-32.8774980755,1,"0",0.0204081632653061
42117,"Acer","Medio (4 - 8 mts)",62,"Grande",-68.8423544618,-32.8775310653,1,"0",0.0204081632653061
42122,"Acer","Medio (4 - 8 mts)",55,"Mediano",-68.841982593,-32.8775594989,1,"0",0.0204081632653061
42124,"Acer","Medio (4 - 8 mts)",100,"Grande",-68.841837474,-32.8775694848,1,"0",0.0204081632653061
42129,"Braquiquito","Medio (4 - 8 mts)",56,"Mediano",-68.8413614696,-32.8774378146,1,"0",0
42131,"Braquiquito","Medio (4 - 8 mts)",75,"Grande",-68.8413234759,-32.8772965008,1,"0",0
42132,"Braquiquito","Medio (4 - 8 mts)",55,"Mediano",-68.8413091055,-32.8772270603,1,"0",0
42137,"Braquiquito","Medio (4 - 8 mts)",70,"Grande",-68.8412155818,-32.8768745598,1,"0",0
42144,"Acacia SP","Bajo (2 - 4 mts)",6,"Chico",-68.8413692974,-32.874445468,1,"0",0.150492264416315
42146,"Acacia SP","Bajo (2 - 4 mts)",6,"Chico",-68.8413372229,-32.8743146944,1,"0",0.150492264416315
42147,"Acacia SP","Bajo (2 - 4 mts)",5,"Chico",-68.8413285771,-32.8742638748,1,"0",0.150492264416315
42149,"Acacia SP","Bajo (2 - 4 mts)",5,"Chico",-68.8412996324,-32.8741529712,1,"0",0.150492264416315
42151,"Acacia SP","Bajo (2 - 4 mts)",8,"Chico",-68.8413065064,-32.8739987524,1,"0",0.150492264416315
42153,"Acacia SP","Bajo (2 - 4 mts)",8,"Chico",-68.8414163865,-32.8739829751,1,"0",0.150492264416315
42154,"Acacia SP","Bajo (2 - 4 mts)",10,"Chico",-68.841468121,-32.8739732122,1,"0",0.150492264416315
42160,"Morera","Medio (4 - 8 mts)",120,"Grande",-68.8416188975,-32.8738135428,1,"0",0.185148665048544
42164,"Morera","Alto (> 8 mts)",200,"Grande",-68.8415607237,-32.873580842,1,"0",0.185148665048544
42167,"Morera","Alto (> 8 mts)",150,"Grande",-68.8415094772,-32.8734017431,4,"0",0.185148665048544
42173,"lamo criollo","Alto (> 8 mts)",102,"Grande",-68.8406124465,-32.8747444255,1,"0",0.0128205128205128
42178,"Morera","Alto (> 8 mts)",152,"Grande",-68.8404384039,-32.8743138252,1,"0",0.185148665048544
42179,"Morera","Alto (> 8 mts)",150,"Grande",-68.8404189817,-32.874240132,1,"0",0.185148665048544
42180,"Morera","Alto (> 8 mts)",141,"Grande",-68.8403979456,-32.8741725683,1,"0",0.185148665048544
42181,"Morera","Alto (> 8 mts)",146,"Grande",-68.8403791851,-32.8740874245,1,"0",0.185148665048544
42183,"Morera","Alto (> 8 mts)",125,"Grande",-68.8403513774,-32.873982522,1,"0",0.185148665048544
42186,"Fresno europeo","Bajo (2 - 4 mts)",28,"Mediano",-68.8403682791,-32.8738527899,1,"0",0.0420032310177706
42189,"Fresno europeo","Medio (4 - 8 mts)",34,"Mediano",-68.840452665,-32.8736896008,4,"0",0.0420032310177706
42194,"Fresno europeo","Bajo (2 - 4 mts)",34,"Mediano",-68.8405848723,-32.8734341391,4,"0",0.0420032310177706
42196,"Fresno europeo","Bajo (2 - 4 mts)",26,"Mediano",-68.8407653338,-32.8733219277,4,"0",0.0420032310177706
42197,"Fresno europeo","Bajo (2 - 4 mts)",38,"Mediano",-68.8408156093,-32.8732913341,4,"0",0.0420032310177706
42200,"Fresno europeo","Bajo (2 - 4 mts)",36,"Mediano",-68.8410116502,-32.8731905937,4,"0",0.0420032310177706
42202,"Morera","Medio (4 - 8 mts)",150,"Grande",-68.841170236,-32.8731214549,4,"1",0.185148665048544
42204,"Morera","Medio (4 - 8 mts)",130,"Grande",-68.8412998181,-32.8730783381,4,"0",0.185148665048544
42207,"Morera","Alto (> 8 mts)",110,"Grande",-68.8393419999,-32.8749878481,1,"0",0.185148665048544
42209,"Morera","Alto (> 8 mts)",180,"Grande",-68.8392692368,-32.8747198064,1,"0",0.185148665048544
42210,"Morera","Alto (> 8 mts)",118,"Grande",-68.8392414979,-32.8746153231,1,"1",0.185148665048544
42211,"Morera","Alto (> 8 mts)",155,"Grande",-68.8392222754,-32.8745498354,1,"1",0.185148665048544
42213,"Morera","Alto (> 8 mts)",180,"Grande",-68.8391909575,-32.8744213958,1,"0",0.185148665048544
42217,"Morera","Alto (> 8 mts)",96,"Grande",-68.8393643997,-32.8741441945,1,"0",0.185148665048544
42226,"Morera","Alto (> 8 mts)",139,"Grande",-68.8401787162,-32.8741902267,1,"0",0.185148665048544
42229,"Morera","Alto (> 8 mts)",162,"Grande",-68.8402059004,-32.8745460752,1,"0",0.185148665048544
42231,"Morera","Alto (> 8 mts)",165,"Grande",-68.8402453839,-32.8746945444,1,"0",0.185148665048544
42241,"Morera","Medio (4 - 8 mts)",81,"Grande",-68.839145766,-32.8746236146,1,"0",0.185148665048544
42244,"Morera","Alto (> 8 mts)",140,"Grande",-68.8391019095,-32.874471713,1,"0",0.185148665048544
42245,"lamo blanco","Alto (> 8 mts)",150,"Grande",-68.8390048152,-32.8744262798,1,"0",0.046875
42249,"Morera","Alto (> 8 mts)",110,"Grande",-68.8385524229,-32.874727343,1,"0",0.185148665048544
42250,"Fresno europeo","Medio (4 - 8 mts)",35,"Mediano",-68.8384627811,-32.8747889355,1,"0",0.0420032310177706
42253,"Morera","Alto (> 8 mts)",186,"Grande",-68.8382641403,-32.8749014618,1,"0",0.185148665048544
42258,"Fresno europeo","Alto (> 8 mts)",160,"Grande",-68.8381249575,-32.8754161326,1,"0",0.0420032310177706
42261,"Morera","Medio (4 - 8 mts)",70,"Grande",-68.8382664242,-32.8757592341,1,"0",0.185148665048544
42262,"Morera","Alto (> 8 mts)",115,"Grande",-68.8382728913,-32.8757873753,1,"0",0.185148665048544
42265,"Morera","Alto (> 8 mts)",98,"Grande",-68.838309714,-32.8759285379,1,"0",0.185148665048544
42274,"Olmo bola","Alto (> 8 mts)",105,"Grande",-68.8384152409,-32.8764284947,1,"0",0.0231481481481481
42276,"Olmo bola","Alto (> 8 mts)",70,"Grande",-68.8383883952,-32.8763243144,1,"0",0.0231481481481481
42278,"Morera","Medio (4 - 8 mts)",50,"Mediano",-68.8402507123,-32.8740471351,1,"0",0.185148665048544
42298,"Morera","Alto (> 8 mts)",155,"Grande",-68.8427559497,-32.8728671067,4,"0",0.185148665048544
42301,"Perenne","Muy bajo (1 - 2 mts)",15,"Chico",-68.8425102195,-32.8728429,4,"0",0.0364741641337386
42303,"Morera","Alto (> 8 mts)",85,"Grande",-68.8424107047,-32.872841753,4,"1",0.185148665048544
42304,"Morera","Alto (> 8 mts)",200,"Grande",-68.8423321074,-32.872844121,4,"0",0.185148665048544
42305,"Morera","Alto (> 8 mts)",120,"Grande",-68.8422523849,-32.8728508184,4,"1",0.185148665048544
42309,"Morera","Alto (> 8 mts)",125,"Grande",-68.8419680654,-32.8729023619,4,"0",0.185148665048544
42310,"Morera","Alto (> 8 mts)",115,"Grande",-68.8418950645,-32.8729140819,4,"0",0.185148665048544
42312,"Morera","Alto (> 8 mts)",125,"Grande",-68.8417684003,-32.8729419716,4,"0",0.185148665048544
42322,"Pltano","Bajo (2 - 4 mts)",34,"Mediano",-68.8417431525,-32.8735828853,1,"0",0.0903973509933775
42327,"Morera","Medio (4 - 8 mts)",50,"Mediano",-68.8380498078,-32.8755773978,1,"0",0.185148665048544
42333,"Morera","Alto (> 8 mts)",152,"Grande",-68.837667224,-32.875502028,1,"0",0.185148665048544
42335,"Morera","Medio (4 - 8 mts)",90,"Grande",-68.8375513905,-32.8756204503,1,"0",0.185148665048544
42339,"Morera","Medio (4 - 8 mts)",45,"Mediano",-68.8373224994,-32.8758580196,1,"0",0.185148665048544
42341,"Morera","Medio (4 - 8 mts)",50,"Mediano",-68.8371576215,-32.8760330041,1,"0",0.185148665048544
42342,"Morera","Medio (4 - 8 mts)",52,"Mediano",-68.8371128713,-32.8760791125,1,"0",0.185148665048544
42343,"Pltano","Alto (> 8 mts)",220,"Grande",-68.8352376146,-32.876273406,1,"0",0.0903973509933775
42347,"Morera","Alto (> 8 mts)",123,"Grande",-68.8348718907,-32.8761913204,4,"1",0.185148665048544
42349,"Morera","Medio (4 - 8 mts)",18,"Chico",-68.834864705,-32.8760326129,4,"0",0.185148665048544
42351,"Morera","Alto (> 8 mts)",128,"Grande",-68.8348515034,-32.87589121,4,"1",0.185148665048544
42357,"Morera","Alto (> 8 mts)",102,"Grande",-68.8347988575,-32.8752921157,4,"0",0.185148665048544
42360,"Fresno europeo","Alto (> 8 mts)",130,"Grande",-68.8350010496,-32.8751694214,4,"0",0.0420032310177706
42361,"Paraiso sombrilla","Bajo (2 - 4 mts)",33,"Mediano",-68.8343679,-32.8762792905,4,"0",0.022887323943662
42363,"Morera","Alto (> 8 mts)",160,"Grande",-68.8347045691,-32.8755497249,4,"0",0.185148665048544
42364,"Morera","Alto (> 8 mts)",185,"Grande",-68.8347090526,-32.8756096935,4,"1",0.185148665048544
42368,"Morera","Medio (4 - 8 mts)",78,"Grande",-68.8347369675,-32.8758838451,4,"0",0.185148665048544
42369,"Morera","Alto (> 8 mts)",160,"Grande",-68.8347446875,-32.8759629384,4,"0",0.185148665048544
42374,"Pltano","Alto (> 8 mts)",240,"Grande",-68.8346922761,-32.8763110778,4,"0",0.0903973509933775
42377,"Morera","Bajo (2 - 4 mts)",55,"Mediano",-68.834450526,-32.8763227714,4,"0",0.185148665048544
42378,"Morera","Alto (> 8 mts)",160,"Grande",-68.8343894023,-32.8763237725,4,"1",0.185148665048544
42379,"Ailanthus","Alto (> 8 mts)",120,"Grande",-68.8343306205,-32.8763295557,4,"0",0.0380952380952381
42384,"Morera","Alto (> 8 mts)",115,"Grande",-68.833753875,-32.8763517836,4,"0",0.185148665048544
42385,"Morera","Medio (4 - 8 mts)",100,"Grande",-68.8336577453,-32.8762725773,4,"0",0.185148665048544
42386,"Morera","Alto (> 8 mts)",160,"Grande",-68.8336516793,-32.876087632,4,"0",0.185148665048544
42389,"Morera","Alto (> 8 mts)",145,"Grande",-68.8336369125,-32.8757554285,4,"1",0.185148665048544
42390,"Pltano","Alto (> 8 mts)",220,"Grande",-68.833632347,-32.8756825656,4,"1",0.0903973509933775
42392,"Morera","Medio (4 - 8 mts)",90,"Grande",-68.8336092418,-32.8753158134,4,"0",0.185148665048544
42394,"Fresno europeo","Bajo (2 - 4 mts)",35,"Mediano",-68.8337556851,-32.8752486147,4,"0",0.0420032310177706
42399,"Morera","Alto (> 8 mts)",178,"Grande",-68.8341849043,-32.8752196485,4,"1",0.185148665048544
42407,"Jacarand","Alto (> 8 mts)",110,"Grande",-68.8323657281,-32.8753211061,4,"1",0.103064066852368
42409,"Fresno europeo","Alto (> 8 mts)",250,"Grande",-68.8325074439,-32.8753158893,4,"0",0.0420032310177706
42413,"Morera","Alto (> 8 mts)",130,"Grande",-68.8331276583,-32.8752849841,4,"1",0.185148665048544
42414,"Fresno europeo","Alto (> 8 mts)",120,"Grande",-68.8332009221,-32.8752811874,4,"0",0.0420032310177706
42416,"Morera","Alto (> 8 mts)",180,"Grande",-68.8333606832,-32.8752732625,4,"1",0.185148665048544
42419,"Fresno europeo","Alto (> 8 mts)",130,"Grande",-68.8334942296,-32.8753801982,4,"1",0.0420032310177706
42426,"Paraiso","Medio (4 - 8 mts)",62,"Grande",-68.833507801,-32.8758920057,4,"0",0.0859023207481815
42428,"Morera","Alto (> 8 mts)",7,"Chico",-68.8335098329,-32.8759991675,4,"0",0.185148665048544
42429,"Morera","Alto (> 8 mts)",120,"Grande",-68.8335174877,-32.8760788314,4,"1",0.185148665048544
42430,"Morera","Alto (> 8 mts)",152,"Grande",-68.8335177471,-32.8761669831,4,"0",0.185148665048544
42431,"Morera","Alto (> 8 mts)",115,"Grande",-68.8335201442,-32.8762566146,4,"0",0.185148665048544
42432,"Morera","Alto (> 8 mts)",125,"Grande",-68.8335109776,-32.87635917,4,"1",0.185148665048544
42433,"Morera","Alto (> 8 mts)",155,"Grande",-68.8333065258,-32.8763775177,4,"0",0.185148665048544
42437,"Morera","Medio (4 - 8 mts)",110,"Grande",-68.8327808307,-32.8764064385,4,"0",0.185148665048544
42438,"Morera","Alto (> 8 mts)",180,"Grande",-68.8327312454,-32.8764085362,4,"0",0.185148665048544
42439,"Morera","Alto (> 8 mts)",55,"Mediano",-68.8326485563,-32.8764115374,4,"0",0.185148665048544
42440,"Morera","Alto (> 8 mts)",138,"Grande",-68.8325809846,-32.8764172052,4,"1",0.185148665048544
42441,"Morera","Alto (> 8 mts)",135,"Grande",-68.8324848588,-32.8764256155,4,"1",0.185148665048544
42442,"Morera","Alto (> 8 mts)",130,"Grande",-68.8324084753,-32.8764309053,4,"0",0.185148665048544
42443,"Olmo bola","Alto (> 8 mts)",72,"Grande",-68.8323047372,-32.876439207,4,"0",0.0231481481481481
42444,"Morera","Alto (> 8 mts)",125,"Grande",-68.8322673322,-32.8763852356,4,"0",0.185148665048544
42449,"Acacia SP","Medio (4 - 8 mts)",67,"Grande",-68.8322520988,-32.8760765656,4,"0",0.150492264416315
42450,"Acacia SP","Alto (> 8 mts)",200,"Grande",-68.8322478947,-32.8759638843,4,"0",0.150492264416315
42454,"Fresno europeo","Alto (> 8 mts)",112,"Grande",-68.8322318657,-32.8756425534,4,"0",0.0420032310177706
42455,"Acacia SP","Alto (> 8 mts)",122,"Grande",-68.8322300205,-32.8755442664,4,"0",0.150492264416315
42458,"Fresno europeo","Medio (4 - 8 mts)",78,"Grande",-68.8320961934,-32.8754542781,4,"0",0.0420032310177706
42459,"Acacia SP","Alto (> 8 mts)",150,"Grande",-68.8321004071,-32.8755431006,4,"0",0.150492264416315
42462,"Morera","Alto (> 8 mts)",190,"Grande",-68.8321170655,-32.8758323862,4,"1",0.185148665048544
42464,"Fresno europeo","Alto (> 8 mts)",130,"Grande",-68.8321230566,-32.8759986665,4,"0",0.0420032310177706
42467,"Morera","Alto (> 8 mts)",120,"Grande",-68.8321371535,-32.8762087718,4,"1",0.185148665048544
42471,"Morera","Medio (4 - 8 mts)",105,"Grande",-68.8320183582,-32.876441077,4,"0",0.185148665048544
42473,"Morera","Alto (> 8 mts)",142,"Grande",-68.8317877088,-32.8764555584,4,"1",0.185148665048544
42474,"Perenne","Medio (4 - 8 mts)",70,"Grande",-68.8315093422,-32.8764719516,4,"1",0.0364741641337386
42475,"Morera","Alto (> 8 mts)",160,"Grande",-68.8314112472,-32.8764756733,4,"0",0.185148665048544
42478,"Morera","Medio (4 - 8 mts)",70,"Grande",-68.8310666934,-32.876497684,4,"0",0.185148665048544
42485,"Morera","Alto (> 8 mts)",185,"Grande",-68.8308062749,-32.8759961709,4,"1",0.185148665048544
42486,"Morera","Alto (> 8 mts)",180,"Grande",-68.8308044252,-32.87590113,4,"1",0.185148665048544
42487,"Morera","Medio (4 - 8 mts)",122,"Grande",-68.8308024352,-32.8758236718,4,"1",0.185148665048544
42489,"Morera","Alto (> 8 mts)",230,"Grande",-68.8307937104,-32.8756914718,4,"1",0.185148665048544
42490,"Morera","Alto (> 8 mts)",190,"Grande",-68.8307861709,-32.8755541337,4,"1",0.185148665048544
42491,"Morera","Alto (> 8 mts)",200,"Grande",-68.8307822262,-32.8754971269,4,"1",0.185148665048544
42493,"Morera","Alto (> 8 mts)",150,"Grande",-68.8308601176,-32.8754024381,4,"0",0.185148665048544
42495,"Morera","Alto (> 8 mts)",180,"Grande",-68.8309780541,-32.8753983424,4,"1",0.185148665048544
42499,"Morera","Alto (> 8 mts)",210,"Grande",-68.831248154,-32.8753821664,4,"0",0.185148665048544
42500,"Fresno europeo","Alto (> 8 mts)",190,"Grande",-68.8314073477,-32.875371027,4,"0",0.0420032310177706
42501,"Fresno europeo","Medio (4 - 8 mts)",70,"Grande",-68.8314741367,-32.8753686824,4,"0",0.0420032310177706
42502,"Morera","Alto (> 8 mts)",145,"Grande",-68.8315552536,-32.8753613978,4,"1",0.185148665048544
42504,"Fresno europeo","Medio (4 - 8 mts)",80,"Grande",-68.8317373915,-32.8753529524,4,"0",0.0420032310177706
42505,"Fresno europeo","Alto (> 8 mts)",160,"Grande",-68.8318016226,-32.8753470876,4,"0",0.0420032310177706
42506,"Morera","Alto (> 8 mts)",200,"Grande",-68.8318813011,-32.8753443436,4,"0",0.185148665048544
42509,"Paraiso","Medio (4 - 8 mts)",120,"Grande",-68.829395335,-32.8755334234,4,"0",0.0859023207481815
42511,"Fresno europeo","Alto (> 8 mts)",130,"Grande",-68.8293957034,-32.8756992209,4,"0",0.0420032310177706
42512,"Fresno europeo","Medio (4 - 8 mts)",55,"Mediano",-68.8293993588,-32.8757534312,4,"0",0.0420032310177706
42518,"Morera","Alto (> 8 mts)",190,"Grande",-68.8294210981,-32.8763880591,4,"1",0.185148665048544
42520,"Jacarand","Medio (4 - 8 mts)",101,"Grande",-68.8295125253,-32.87659086,4,"1",0.103064066852368
42526,"Morera","Alto (> 8 mts)",170,"Grande",-68.8302052953,-32.8765472244,4,"0",0.185148665048544
42531,"Morera","Muy bajo (1 - 2 mts)",3,"Chico",-68.8307209146,-32.8764439923,4,"0",0.185148665048544
42534,"Morera","Alto (> 8 mts)",145,"Grande",-68.8306931557,-32.876143084,4,"1",0.185148665048544
42535,"Morera","Medio (4 - 8 mts)",122,"Grande",-68.8306910957,-32.8761025051,4,"0",0.185148665048544
42539,"Fresno europeo","Bajo (2 - 4 mts)",30,"Mediano",-68.8306802927,-32.8758933255,4,"0",0.0420032310177706
42540,"Morera","Alto (> 8 mts)",235,"Grande",-68.8306804545,-32.8758548487,4,"0",0.185148665048544
42541,"Morera","Bajo (2 - 4 mts)",14,"Chico",-68.8306774086,-32.8757730682,4,"1",0.185148665048544
42542,"Morera","Alto (> 8 mts)",95,"Grande",-68.8306635253,-32.8754957273,4,"1",0.185148665048544
42546,"Morera","Alto (> 8 mts)",170,"Grande",-68.8304124239,-32.8754327375,4,"1",0.185148665048544
42548,"Fresno europeo","Muy bajo (1 - 2 mts)",15,"Chico",-68.8302451943,-32.8754411642,4,"0",0.0420032310177706
42555,"Fresno americano","Alto (> 8 mts)",145,"Grande",-68.8295284504,-32.8754735737,4,"0",0.0512455516014235
42557,"Morera","Alto (> 8 mts)",190,"Grande",-68.8264617119,-32.875592739,4,"1",0.185148665048544
42558,"Morera","Alto (> 8 mts)",110,"Grande",-68.8265699835,-32.8755903914,4,"0",0.185148665048544
42564,"Morera","Alto (> 8 mts)",140,"Grande",-68.8270793134,-32.8755755739,4,"0",0.185148665048544
42567,"Morera","Medio (4 - 8 mts)",100,"Grande",-68.8273464777,-32.8755623274,4,"1",0.185148665048544
42569,"Morera","Alto (> 8 mts)",155,"Grande",-68.8275393797,-32.8755595106,4,"0",0.185148665048544
42572,"Morera","Medio (4 - 8 mts)",88,"Grande",-68.8277735539,-32.8756593144,4,"0",0.185148665048544
42573,"Pltano","Alto (> 8 mts)",300,"Grande",-68.8277839997,-32.8757717221,4,"0",0.0903973509933775
42574,"Morera","Bajo (2 - 4 mts)",33,"Mediano",-68.8277872481,-32.875843001,4,"0",0.185148665048544
42580,"Fresno europeo","Alto (> 8 mts)",120,"Grande",-68.8278131236,-32.876276751,4,"1",0.0420032310177706
42585,"Morera","Alto (> 8 mts)",138,"Grande",-68.8278037774,-32.876689353,4,"1",0.185148665048544
42589,"Morera","Alto (> 8 mts)",148,"Grande",-68.8275184248,-32.876712494,4,"1",0.185148665048544
42590,"Morera","Alto (> 8 mts)",137,"Grande",-68.827453238,-32.8767146583,4,"1",0.185148665048544
42592,"Morera","Alto (> 8 mts)",140,"Grande",-68.8272747767,-32.8767200025,4,"1",0.185148665048544
42593,"Morera","Alto (> 8 mts)",170,"Grande",-68.8271679124,-32.8767238223,4,"1",0.185148665048544
42595,"Morera","Alto (> 8 mts)",190,"Grande",-68.8270364673,-32.8767295918,4,"1",0.185148665048544
42601,"Paraiso","Medio (4 - 8 mts)",178,"Grande",-68.8266512773,-32.8764401561,4,"0",0.0859023207481815
42604,"Morera","Alto (> 8 mts)",170,"Grande",-68.826462978,-32.8761039458,4,"0",0.185148665048544
42606,"Tilo","Alto (> 8 mts)",100,"Grande",-68.8264079543,-32.8757328912,4,"0",0
42614,"Morera","Alto (> 8 mts)",180,"Grande",-68.8286597985,-32.8766384106,4,"0",0.185148665048544
42616,"Morera","Alto (> 8 mts)",160,"Grande",-68.8283755311,-32.8766531693,4,"1",0.185148665048544
42619,"Morera","Alto (> 8 mts)",118,"Grande",-68.828106216,-32.8766718253,4,"1",0.185148665048544
42620,"Morera","Alto (> 8 mts)",130,"Grande",-68.8280196539,-32.8766760344,4,"1",0.185148665048544
42621,"Morera","Alto (> 8 mts)",158,"Grande",-68.8279483071,-32.8765148037,4,"0",0.185148665048544
42622,"Fresno europeo","Muy bajo (1 - 2 mts)",8,"Chico",-68.8279441821,-32.8764375437,4,"0",0.0420032310177706
42624,"Fresno europeo","Alto (> 8 mts)",136,"Grande",-68.8279293582,-32.8762222332,4,"1",0.0420032310177706
42626,"Morera","Alto (> 8 mts)",195,"Grande",-68.8279174211,-32.8759983498,4,"1",0.185148665048544
42627,"Fresno europeo","Medio (4 - 8 mts)",60,"Mediano",-68.8279102059,-32.8758049384,4,"1",0.0420032310177706
42628,"Morera","Alto (> 8 mts)",200,"Grande",-68.8279470606,-32.8755337597,4,"1",0.185148665048544
42629,"Fresno europeo","Alto (> 8 mts)",117,"Grande",-68.8281562071,-32.8755268616,4,"1",0.0420032310177706
42631,"Fresno europeo","Alto (> 8 mts)",133,"Grande",-68.8283445884,-32.87552051,4,"1",0.0420032310177706
42635,"Morera","Alto (> 8 mts)",160,"Grande",-68.8287057891,-32.8755052255,4,"1",0.185148665048544
42637,"Fresno europeo","Alto (> 8 mts)",82,"Grande",-68.8289611938,-32.8754946645,4,"1",0.0420032310177706
42639,"Fresno europeo","Alto (> 8 mts)",57,"Mediano",-68.8291128317,-32.8754871677,4,"0",0.0420032310177706
42646,"Olmo comun","Alto (> 8 mts)",150,"Grande",-68.8292853652,-32.875843702,4,"0",0.0227272727272727
42648,"Olmo comun","Alto (> 8 mts)",150,"Grande",-68.8292946119,-32.8760369475,4,"0",0.0227272727272727
42650,"Morera","Alto (> 8 mts)",145,"Grande",-68.8293049513,-32.8762175708,4,"1",0.185148665048544
42653,"Morera","Medio (4 - 8 mts)",73,"Grande",-68.8293150503,-32.8765237094,4,"0",0.185148665048544
42658,"Paraiso sombrilla","Medio (4 - 8 mts)",130,"Grande",-68.8294663813,-32.8771969459,4,"0",0.022887323943662
42659,"Morera","Alto (> 8 mts)",220,"Grande",-68.8294593417,-32.8769870591,4,"0",0.185148665048544
42662,"Fresno europeo","Muy bajo (1 - 2 mts)",3,"Chico",-68.8294530374,-32.876744174,4,"0",0.0420032310177706
42663,"Morera","Alto (> 8 mts)",230,"Grande",-68.8295165417,-32.8766920616,4,"1",0.185148665048544
42665,"Fresno europeo","Alto (> 8 mts)",85,"Grande",-68.829755859,-32.8766827466,4,"0",0.0420032310177706
42667,"Pltano","Alto (> 8 mts)",95,"Grande",-68.8300745512,-32.8766545873,4,"0",0.0903973509933775
42669,"Morera","Alto (> 8 mts)",209,"Grande",-68.830261571,-32.8766438406,4,"1",0.185148665048544
42670,"Morera","Alto (> 8 mts)",205,"Grande",-68.8303598843,-32.8766411787,4,"1",0.185148665048544
42671,"Morera","Medio (4 - 8 mts)",110,"Grande",-68.8304678228,-32.8766342918,4,"1",0.185148665048544
42673,"Morera","Alto (> 8 mts)",200,"Grande",-68.8307300383,-32.8766737813,4,"0",0.185148665048544
42678,"Paraiso sombrilla","Bajo (2 - 4 mts)",25,"Mediano",-68.8307748544,-32.8774666097,4,"0",0.022887323943662
42683,"Morera","Medio (4 - 8 mts)",160,"Grande",-68.8305425144,-32.8777391168,4,"0",0.185148665048544
42685,"Morera","Medio (4 - 8 mts)",150,"Grande",-68.8299329116,-32.8777731516,4,"0",0.185148665048544
42686,"Fresno europeo","Alto (> 8 mts)",155,"Grande",-68.829865096,-32.8777816895,4,"0",0.0420032310177706
42687,"Morera","Alto (> 8 mts)",160,"Grande",-68.8297475546,-32.8777803573,4,"0",0.185148665048544
42692,"Morera","Alto (> 8 mts)",170,"Grande",-68.8282823611,-32.8767592609,4,"1",0.185148665048544
42693,"Pltano","Alto (> 8 mts)",180,"Grande",-68.8284522833,-32.8767490344,4,"0",0.0903973509933775
42696,"Morera","Alto (> 8 mts)",128,"Grande",-68.8287825096,-32.8767290185,4,"1",0.185148665048544
42697,"Morera","Alto (> 8 mts)",92,"Grande",-68.8288637258,-32.8767264245,4,"0",0.185148665048544
42698,"Morera","Alto (> 8 mts)",102,"Grande",-68.8291179428,-32.8767201501,4,"0",0.185148665048544
42699,"Morera","Alto (> 8 mts)",117,"Grande",-68.8293359589,-32.876859964,4,"1",0.185148665048544
42700,"Morera","Alto (> 8 mts)",158,"Grande",-68.8293387929,-32.8769591694,4,"0",0.185148665048544
42701,"Paraiso","Alto (> 8 mts)",128,"Grande",-68.829356292,-32.8773070665,4,"0",0.0859023207481815
42703,"Morera","Alto (> 8 mts)",128,"Grande",-68.8293599933,-32.8774968527,4,"1",0.185148665048544
42706,"Fresno europeo","Alto (> 8 mts)",110,"Grande",-68.8292922992,-32.877801107,4,"1",0.0420032310177706
42710,"Paraiso","Alto (> 8 mts)",190,"Grande",-68.8287921578,-32.8778245888,4,"0",0.0859023207481815
42712,"Fresno europeo","Alto (> 8 mts)",110,"Grande",-68.8284341823,-32.8778465658,4,"1",0.0420032310177706
42714,"Fresno europeo","Alto (> 8 mts)",140,"Grande",-68.8282214904,-32.8778477914,4,"1",0.0420032310177706
42715,"Ailanthus","Medio (4 - 8 mts)",53,"Mediano",-68.8280489523,-32.8778453316,4,"0",0.0380952380952381
42720,"Fresno europeo","Alto (> 8 mts)",117,"Grande",-68.8279744953,-32.8768203334,4,"0",0.0420032310177706
42721,"Fresno europeo","Medio (4 - 8 mts)",80,"Grande",-68.8270821804,-32.8768282435,4,"0",0.0420032310177706
42724,"Morera","Medio (4 - 8 mts)",160,"Grande",-68.8275310692,-32.8768046645,4,"1",0.185148665048544
42725,"Morera","Medio (4 - 8 mts)",86,"Grande",-68.8275920158,-32.8768015015,4,"0",0.185148665048544
42728,"Pltano","Medio (4 - 8 mts)",250,"Grande",-68.8278431827,-32.8768337746,4,"1",0.0903973509933775
42732,"Pltano","Alto (> 8 mts)",250,"Grande",-68.8278659801,-32.8771254072,4,"0",0.0903973509933775
42734,"Fresno europeo","Muy bajo (1 - 2 mts)",5,"Chico",-68.8278791061,-32.8772516713,4,"0",0.0420032310177706
42742,"Fresno americano","Medio (4 - 8 mts)",240,"Grande",-68.8276582577,-32.8778942653,4,"0",0.0512455516014235
42745,"Fresno europeo","Medio (4 - 8 mts)",80,"Grande",-68.8273739863,-32.8779089316,4,"0",0.0420032310177706
42746,"Fresno americano","Medio (4 - 8 mts)",140,"Grande",-68.8272874252,-32.877911968,4,"1",0.0512455516014235
42747,"Fresno americano","Medio (4 - 8 mts)",110,"Grande",-68.8271997848,-32.8779205032,4,"0",0.0512455516014235
42748,"Paraiso","Bajo (2 - 4 mts)",42,"Mediano",-68.8270902849,-32.8776299166,4,"0",0.0859023207481815
42750,"Morera","Medio (4 - 8 mts)",95,"Grande",-68.8269949072,-32.8772209571,4,"0",0.185148665048544
42751,"Prunas","Bajo (2 - 4 mts)",36,"Mediano",-68.8269821952,-32.8771638623,4,"0",0.0321782178217822
42761,"Morera","Alto (> 8 mts)",220,"Grande",-68.8308180203,-32.8784759331,4,"0",0.185148665048544
42763,"Morera","Muy bajo (1 - 2 mts)",6,"Chico",-68.8308294905,-32.8786256296,4,"0",0.185148665048544
42764,"Morera","Medio (4 - 8 mts)",140,"Grande",-68.8308304272,-32.8786950613,4,"1",0.185148665048544
42765,"Morera","Medio (4 - 8 mts)",130,"Grande",-68.8308314101,-32.8787401472,4,"1",0.185148665048544
42768,"Fresno americano","Medio (4 - 8 mts)",180,"Grande",-68.8305328943,-32.8789390173,4,"0",0.0512455516014235
42769,"Morera","Medio (4 - 8 mts)",180,"Grande",-68.8303383898,-32.8789495739,4,"0",0.185148665048544
42776,"Fresno europeo","Bajo (2 - 4 mts)",30,"Mediano",-68.8295413251,-32.8788934869,4,"0",0.0420032310177706
42777,"Fresno americano","Bajo (2 - 4 mts)",40,"Mediano",-68.8295404584,-32.8787879877,4,"0",0.0512455516014235
42780,"Fresno europeo","Muy bajo (1 - 2 mts)",8,"Chico",-68.8295187498,-32.8784056403,4,"0",0.0420032310177706
42783,"Olmo comun","Alto (> 8 mts)",130,"Grande",-68.8295064516,-32.8781315089,4,"1",0.0227272727272727
42785,"Fresno europeo","Alto (> 8 mts)",120,"Grande",-68.8296239922,-32.87788213,4,"1",0.0420032310177706
42786,"Olmo comun","Medio (4 - 8 mts)",80,"Grande",-68.8297719478,-32.8778766914,4,"0",0.0227272727272727
42794,"Fresno europeo","Medio (4 - 8 mts)",170,"Grande",-68.8307294878,-32.8778292994,4,"0",0.0420032310177706
42795,"Morera","Medio (4 - 8 mts)",150,"Grande",-68.830788198,-32.8778618398,4,"1",0.185148665048544
42799,"Olmo bola","Medio (4 - 8 mts)",110,"Grande",-68.8319726643,-32.8776656051,4,"0",0.0231481481481481
42800,"Olmo comun","Medio (4 - 8 mts)",110,"Grande",-68.8319079033,-32.8776683134,4,"0",0.0227272727272727
42802,"Fresno europeo","Muy bajo (1 - 2 mts)",3,"Chico",-68.8318075615,-32.8776694408,4,"0",0.0420032310177706
42803,"Fresno europeo","Alto (> 8 mts)",210,"Grande",-68.8317414043,-32.8776758441,4,"0",0.0420032310177706
42806,"Morera","Alto (> 8 mts)",196,"Grande",-68.831444646,-32.8776830187,4,"0",0.185148665048544
42807,"Morera","Medio (4 - 8 mts)",64,"Grande",-68.8313840748,-32.8776862625,4,"0",0.185148665048544
42809,"Morera","Alto (> 8 mts)",200,"Grande",-68.8309198558,-32.8776885321,4,"0",0.185148665048544
42810,"Morera","Bajo (2 - 4 mts)",5,"Chico",-68.8309187752,-32.8776385769,4,"0",0.185148665048544
42816,"Morera","Alto (> 8 mts)",195,"Grande",-68.8308865012,-32.8771898507,4,"0",0.185148665048544
42820,"Morera","Alto (> 8 mts)",70,"Grande",-68.8308683354,-32.8767397009,4,"1",0.185148665048544
42823,"Morera","Alto (> 8 mts)",100,"Grande",-68.8309814129,-32.8766183966,4,"0",0.185148665048544
42824,"Morera","Alto (> 8 mts)",140,"Grande",-68.8310647298,-32.8766141233,4,"1",0.185148665048544
42825,"Morera","Medio (4 - 8 mts)",86,"Grande",-68.8311325609,-32.8766092836,4,"0",0.185148665048544
42826,"Morera","Medio (4 - 8 mts)",35,"Mediano",-68.831199686,-32.8766065411,4,"0",0.185148665048544
42828,"Morera","Medio (4 - 8 mts)",44,"Mediano",-68.8313214313,-32.8766007749,4,"0",0.185148665048544
42831,"Morera","Alto (> 8 mts)",80,"Grande",-68.8314777506,-32.8765947756,4,"0",0.185148665048544
42832,"Morera","Alto (> 8 mts)",150,"Grande",-68.8315709368,-32.8765915378,4,"0",0.185148665048544
42837,"Morera","Alto (> 8 mts)",164,"Grande",-68.8319522238,-32.8765684109,4,"1",0.185148665048544
42839,"Morera","Muy bajo (1 - 2 mts)",5,"Chico",-68.8320566832,-32.8765613323,4,"0",0.185148665048544
42840,"Acacia SP","Medio (4 - 8 mts)",70,"Grande",-68.8321445924,-32.8765917391,4,"0",0.150492264416315
42841,"Morera","Medio (4 - 8 mts)",87,"Grande",-68.8321480001,-32.8766546818,4,"0",0.185148665048544
42849,"Acacia SP","Alto (> 8 mts)",190,"Grande",-68.8321828235,-32.8772281152,4,"0",0.150492264416315
42852,"Paraiso","Alto (> 8 mts)",180,"Grande",-68.8321886279,-32.8774935815,4,"0",0.0859023207481815
42853,"Morera","Alto (> 8 mts)",120,"Grande",-68.8321897994,-32.8775523735,4,"1",0.185148665048544
42856,"Fresno europeo","Alto (> 8 mts)",100,"Grande",-68.8333092754,-32.8775918316,4,"1",0.0420032310177706
42870,"Morera","Medio (4 - 8 mts)",64,"Grande",-68.8322959362,-32.8770840862,4,"0",0.185148665048544
42871,"Fresno europeo","Medio (4 - 8 mts)",63,"Grande",-68.832284527,-32.8769444924,4,"1",0.0420032310177706
42872,"Acacia SP","Alto (> 8 mts)",110,"Grande",-68.8322825228,-32.8768869581,4,"1",0.150492264416315
42876,"Acacia SP","Alto (> 8 mts)",170,"Grande",-68.8322772289,-32.8765953894,4,"1",0.150492264416315
42877,"Morera","Alto (> 8 mts)",135,"Grande",-68.8323172725,-32.876535164,4,"1",0.185148665048544
42878,"Olmo comun","Medio (4 - 8 mts)",58,"Mediano",-68.8324020183,-32.8765306789,4,"0",0.0227272727272727
42883,"Morera","Alto (> 8 mts)",145,"Grande",-68.8328941236,-32.8765121538,4,"1",0.185148665048544
42885,"Morera","Alto (> 8 mts)",129,"Grande",-68.8331584262,-32.8765011624,4,"0",0.185148665048544
42887,"Morera","Alto (> 8 mts)",150,"Grande",-68.8333506665,-32.8764869519,4,"1",0.185148665048544
42888,"Morera","Alto (> 8 mts)",115,"Grande",-68.8334132276,-32.8764847576,4,"1",0.185148665048544
42889,"Morera","Alto (> 8 mts)",125,"Grande",-68.8335371154,-32.876523442,4,"1",0.185148665048544
42900,"Olmo comun","Medio (4 - 8 mts)",18,"Chico",-68.8335771874,-32.8774672137,4,"0",0.0227272727272727
42901,"Fresno europeo","Alto (> 8 mts)",115,"Grande",-68.8335217281,-32.8775815648,4,"0",0.0420032310177706
42910,"Olmo comun","Medio (4 - 8 mts)",30,"Mediano",-68.8336673466,-32.8767387655,4,"0",0.0227272727272727
42911,"Pltano","Alto (> 8 mts)",210,"Grande",-68.8336626935,-32.876655533,4,"0",0.0903973509933775
42916,"Morera","Medio (4 - 8 mts)",140,"Grande",-68.8341018488,-32.8764400706,4,"1",0.185148665048544
42917,"Morera","Medio (4 - 8 mts)",180,"Grande",-68.8341807216,-32.8764332321,4,"0",0.185148665048544
42922,"Fresno europeo","Medio (4 - 8 mts)",125,"Grande",-68.8347914421,-32.8765869674,4,"0",0.0420032310177706
42925,"Fresno europeo","Medio (4 - 8 mts)",130,"Grande",-68.8348064063,-32.8768151156,4,"0",0.0420032310177706
42943,"Fresno europeo","Medio (4 - 8 mts)",50,"Mediano",-68.8338429713,-32.8775663926,4,"0",0.0420032310177706
42944,"Fresno europeo","Medio (4 - 8 mts)",100,"Grande",-68.8337518103,-32.877572403,4,"1",0.0420032310177706
42945,"Ailanthus","Bajo (2 - 4 mts)",70,"Grande",-68.8337000286,-32.8775486196,4,"0",0.0380952380952381
42946,"Paraiso sombrilla","Bajo (2 - 4 mts)",60,"Mediano",-68.8345295966,-32.8776289264,1,"0",0.022887323943662
42947,"Fresno europeo","Bajo (2 - 4 mts)",70,"Grande",-68.8346359653,-32.877623078,1,"0",0.0420032310177706
42950,"Morera","Medio (4 - 8 mts)",160,"Grande",-68.8348734647,-32.8777054458,1,"0",0.185148665048544
42956,"Morera","Medio (4 - 8 mts)",120,"Grande",-68.8349071641,-32.8781455165,1,"0",0.185148665048544
42957,"Paraiso","Alto (> 8 mts)",140,"Grande",-68.834913252,-32.8782047658,1,"0",0.0859023207481815
42960,"Morera","Alto (> 8 mts)",120,"Grande",-68.8349430526,-32.8785577278,1,"1",0.185148665048544
42961,"Morera","Bajo (2 - 4 mts)",12,"Chico",-68.8348258081,-32.8786619278,1,"0",0.185148665048544
42970,"Fresno americano","Medio (4 - 8 mts)",128,"Grande",-68.8342003293,-32.878700836,1,"0",0.0512455516014235
42974,"Pltano","Alto (> 8 mts)",170,"Grande",-68.8337556425,-32.8786107077,1,"1",0.0903973509933775
42975,"Morera","Bajo (2 - 4 mts)",82,"Grande",-68.8337519638,-32.8785206236,1,"1",0.185148665048544
42980,"Pltano","Alto (> 8 mts)",152,"Grande",-68.8337238855,-32.8780490009,4,"1",0.0903973509933775
42986,"Fresno europeo","Bajo (2 - 4 mts)",60,"Mediano",-68.8339519042,-32.8776570673,4,"0",0.0420032310177706
42988,"Morera","Bajo (2 - 4 mts)",30,"Mediano",-68.8341158431,-32.8776470055,4,"0",0.185148665048544
42992,"Morera","Muy bajo (1 - 2 mts)",5,"Chico",-68.8335999328,-32.8777613763,4,"0",0.185148665048544
42993,"Morera","Medio (4 - 8 mts)",106,"Grande",-68.8336008146,-32.8778041177,4,"0",0.185148665048544
42999,"Ailanthus","Medio (4 - 8 mts)",104,"Grande",-68.8336179661,-32.8784043074,4,"0",0.0380952380952381
43006,"Fresno europeo","Alto (> 8 mts)",126,"Grande",-68.8334523203,-32.8787549357,4,"0",0.0420032310177706
43010,"Morera","Medio (4 - 8 mts)",90,"Grande",-68.8329971517,-32.8787841748,4,"1",0.185148665048544
43012,"Morera","Bajo (2 - 4 mts)",34,"Mediano",-68.8326923442,-32.8788079329,4,"1",0.185148665048544
43014,"Fresno europeo","Alto (> 8 mts)",122,"Grande",-68.8325384572,-32.8788129567,4,"1",0.0420032310177706
43017,"Fresno europeo","Medio (4 - 8 mts)",112,"Grande",-68.8323585738,-32.8785498723,4,"0",0.0420032310177706
43018,"Acacia SP","Medio (4 - 8 mts)",128,"Grande",-68.832356913,-32.8784670946,4,"0",0.150492264416315
43019,"Fresno europeo","Medio (4 - 8 mts)",100,"Grande",-68.8323534399,-32.8783820603,4,"0",0.0420032310177706
43024,"Morera","Medio (4 - 8 mts)",126,"Grande",-68.8323306496,-32.87788682,4,"1",0.185148665048544
43025,"Acacia SP","Medio (4 - 8 mts)",104,"Grande",-68.832326902,-32.8778340659,4,"0",0.150492264416315
43027,"Pltano","Alto (> 8 mts)",220,"Grande",-68.8323158223,-32.877759481,4,"0",0.0903973509933775
43029,"Fresno europeo","Alto (> 8 mts)",120,"Grande",-68.8324347958,-32.8777379998,4,"0",0.0420032310177706
43030,"Morera","Medio (4 - 8 mts)",120,"Grande",-68.832508217,-32.8777328684,4,"1",0.185148665048544
43039,"Palo borracho","Muy bajo (1 - 2 mts)",10,"Chico",-68.830985632,-32.8778119771,4,"0",0
43042,"Paraiso","Alto (> 8 mts)",190,"Grande",-68.8314209306,-32.8777921818,4,"0",0.0859023207481815
43048,"Fresno europeo","Medio (4 - 8 mts)",36,"Mediano",-68.8319220473,-32.8777610264,4,"0",0.0420032310177706
43051,"Morera","Medio (4 - 8 mts)",120,"Grande",-68.8321415463,-32.8777543944,4,"0",0.185148665048544
43054,"Acacia SP","Alto (> 8 mts)",198,"Grande",-68.8322059402,-32.8779466153,4,"0",0.150492264416315
43055,"Acacia SP","Bajo (2 - 4 mts)",30,"Mediano",-68.8322092474,-32.8780062217,4,"0",0.150492264416315
43057,"Acacia SP","Alto (> 8 mts)",236,"Grande",-68.8322114099,-32.8781629388,4,"1",0.150492264416315
43058,"Acacia SP","Alto (> 8 mts)",230,"Grande",-68.8322110974,-32.8782720433,4,"1",0.150492264416315
43059,"Acacia SP","Alto (> 8 mts)",220,"Grande",-68.8322129341,-32.8783181222,4,"0",0.150492264416315
43060,"Paraiso","Medio (4 - 8 mts)",110,"Grande",-68.8322105973,-32.8783673515,4,"0",0.0859023207481815
43061,"Paraiso","Medio (4 - 8 mts)",100,"Grande",-68.8322160452,-32.8784250672,4,"0",0.0859023207481815
43071,"Morera","Medio (4 - 8 mts)",178,"Grande",-68.8319540807,-32.8788497736,4,"1",0.185148665048544
43075,"Morera","Alto (> 8 mts)",195,"Grande",-68.8312995701,-32.8788976489,4,"1",0.185148665048544
43076,"Fresno europeo","Muy bajo (1 - 2 mts)",8,"Chico",-68.8312181264,-32.8789031105,4,"0",0.0420032310177706
43079,"Morera","Alto (> 8 mts)",170,"Grande",-68.8309565163,-32.8788101976,4,"0",0.185148665048544
43082,"Olmo comun","Alto (> 8 mts)",190,"Grande",-68.8309440484,-32.878510458,4,"0",0.0227272727272727
43086,"Fresno americano","Medio (4 - 8 mts)",55,"Mediano",-68.8309166504,-32.8780260315,4,"0",0.0512455516014235
43087,"Morera","Medio (4 - 8 mts)",160,"Grande",-68.8309133683,-32.8779537113,4,"0",0.185148665048544
43097,"Fresno americano","Medio (4 - 8 mts)",190,"Grande",-68.8278653891,-32.8779840887,4,"0",0.0512455516014235
43104,"Morera","Alto (> 8 mts)",236,"Grande",-68.8279983899,-32.8788336663,4,"1",0.185148665048544
43107,"Fresno americano","Medio (4 - 8 mts)",100,"Grande",-68.8293960429,-32.8782097506,4,"0",0.0512455516014235
43108,"Fresno europeo","Muy bajo (1 - 2 mts)",6,"Chico",-68.8294002231,-32.878360394,4,"0",0.0420032310177706
43112,"Fresno europeo","Alto (> 8 mts)",190,"Grande",-68.8294187872,-32.8787640442,4,"0",0.0420032310177706
43120,"Morera","Medio (4 - 8 mts)",130,"Grande",-68.8280788189,-32.8782733757,4,"1",0.185148665048544
43124,"Morera","Alto (> 8 mts)",210,"Grande",-68.8282116528,-32.8779620224,4,"1",0.185148665048544
43126,"Morera","Medio (4 - 8 mts)",190,"Grande",-68.8284168394,-32.8779523854,4,"1",0.185148665048544
43128,"Morera","Medio (4 - 8 mts)",100,"Grande",-68.8285792862,-32.8779408861,4,"1",0.185148665048544
43129,"Paraiso","Alto (> 8 mts)",170,"Grande",-68.8286540921,-32.8779382835,4,"0",0.0859023207481815
43131,"Fresno europeo","Medio (4 - 8 mts)",90,"Grande",-68.8289287397,-32.8779269375,4,"0",0.0420032310177706
43135,"Paraiso","Alto (> 8 mts)",170,"Grande",-68.8291239549,-32.8792157235,4,"0",0.0859023207481815
43139,"Pltano","Alto (> 8 mts)",220,"Grande",-68.8303614676,-32.8801223973,4,"0",0.0903973509933775
43144,"Morera","Alto (> 8 mts)",160,"Grande",-68.8296105365,-32.8801397206,4,"0",0.185148665048544
43147,"Fresno europeo","Alto (> 8 mts)",140,"Grande",-68.8295882126,-32.8795202273,4,"0",0.0420032310177706
43148,"Fresno americano","Bajo (2 - 4 mts)",130,"Grande",-68.8296209902,-32.8791077881,4,"0",0.0512455516014235
43150,"Caducifolio","Muy bajo (1 - 2 mts)",4,"Chico",-68.8297482423,-32.8790975513,4,"0",0.0512249443207127
43154,"Fresno americano","Alto (> 8 mts)",90,"Grande",-68.8300965969,-32.8790771616,4,"0",0.0512455516014235
43155,"Morera","Alto (> 8 mts)",150,"Grande",-68.8301545248,-32.8790741872,4,"1",0.185148665048544
43158,"Fresno europeo","Alto (> 8 mts)",150,"Grande",-68.8305209304,-32.8790490076,4,"0",0.0420032310177706
43164,"Morera","Alto (> 8 mts)",150,"Grande",-68.830878658,-32.8795650617,4,"1",0.185148665048544
43168,"Morera","Bajo (2 - 4 mts)",30,"Mediano",-68.8309034624,-32.8800153186,4,"0",0.185148665048544
43173,"Morera","Alto (> 8 mts)",190,"Grande",-68.830142505,-32.8802441389,4,"1",0.185148665048544
43175,"Morera","Medio (4 - 8 mts)",60,"Mediano",-68.8303594616,-32.8802291045,4,"0",0.185148665048544
43178,"Morera","Alto (> 8 mts)",85,"Grande",-68.830754886,-32.8802089013,4,"1",0.185148665048544
43181,"Fresno europeo","Medio (4 - 8 mts)",50,"Mediano",-68.8309180354,-32.8803921656,3,"0",0.0420032310177706
43183,"Morera","Alto (> 8 mts)",180,"Grande",-68.8309406975,-32.8808385341,3,"0",0.185148665048544
43193,"Morera","Alto (> 8 mts)",120,"Grande",-68.8282454524,-32.8808780034,4,"0",0.185148665048544
43194,"Morera","Alto (> 8 mts)",180,"Grande",-68.8282355401,-32.880724446,4,"0",0.185148665048544
43197,"Morera","Alto (> 8 mts)",190,"Grande",-68.8282158321,-32.8824430799,3,"0",0.185148665048544
43198,"Ailanthus","Medio (4 - 8 mts)",18,"Chico",-68.8281881447,-32.8823927275,3,"0",0.0380952380952381
43199,"Ailanthus","Alto (> 8 mts)",58,"Mediano",-68.8281658377,-32.8823230862,3,"0",0.0380952380952381
43200,"Acacia SP","Medio (4 - 8 mts)",35,"Mediano",-68.8281331502,-32.8820950033,3,"0",0.150492264416315
43201,"Morera","Alto (> 8 mts)",200,"Grande",-68.82814288,-32.8820369476,3,"1",0.185148665048544
43202,"Morera","Alto (> 8 mts)",185,"Grande",-68.8281376374,-32.8819848226,3,"0",0.185148665048544
43204,"Morera","Alto (> 8 mts)",210,"Grande",-68.8280940236,-32.8818811582,3,"0",0.185148665048544
43209,"Morera","Medio (4 - 8 mts)",60,"Mediano",-68.8279761337,-32.881504269,3,"0",0.185148665048544
43211,"Morera","Alto (> 8 mts)",180,"Grande",-68.8278023293,-32.8813069199,3,"0",0.185148665048544
43213,"Pltano","Alto (> 8 mts)",158,"Grande",-68.833776727,-32.8789936847,1,"1",0.0903973509933775
43214,"Pltano","Alto (> 8 mts)",190,"Grande",-68.8337674557,-32.8788655418,1,"1",0.0903973509933775
43216,"Morera","Alto (> 8 mts)",133,"Grande",-68.834025525,-32.8788222417,1,"1",0.185148665048544
43218,"Morera","Alto (> 8 mts)",150,"Grande",-68.8343810513,-32.8787959354,1,"1",0.185148665048544
43220,"Morera","Alto (> 8 mts)",140,"Grande",-68.8346799799,-32.8787716145,1,"1",0.185148665048544
43221,"Fresno europeo","Alto (> 8 mts)",180,"Grande",-68.8348047204,-32.8787610573,1,"1",0.0420032310177706
43222,"Morera","Medio (4 - 8 mts)",95,"Grande",-68.8349077395,-32.8787574062,1,"1",0.185148665048544
43223,"Pltano","Alto (> 8 mts)",280,"Grande",-68.8349617329,-32.8787992258,1,"0",0.0903973509933775
43226,"Pltano","Alto (> 8 mts)",310,"Grande",-68.8349812617,-32.8790441514,1,"0",0.0903973509933775
43228,"Pltano","Alto (> 8 mts)",195,"Grande",-68.8350033357,-32.8793002821,1,"0",0.0903973509933775
43231,"Pltano","Alto (> 8 mts)",260,"Grande",-68.8350258075,-32.8795712605,1,"0",0.0903973509933775
43233,"Morera","Alto (> 8 mts)",120,"Grande",-68.8350352965,-32.8797265617,1,"1",0.185148665048544
43234,"Morera","Alto (> 8 mts)",118,"Grande",-68.8349355463,-32.8797825776,1,"1",0.185148665048544
43235,"Morera","Alto (> 8 mts)",80,"Grande",-68.834857739,-32.8797895081,1,"0",0.185148665048544
43236,"Morera","Alto (> 8 mts)",105,"Grande",-68.8347605178,-32.8797984525,1,"1",0.185148665048544
43239,"Morera","Alto (> 8 mts)",160,"Grande",-68.8343866961,-32.8798213904,1,"0",0.185148665048544
43240,"Morera","Alto (> 8 mts)",118,"Grande",-68.834278956,-32.8798317605,1,"1",0.185148665048544
43241,"Morera","Alto (> 8 mts)",112,"Grande",-68.8341019237,-32.8798417979,1,"0",0.185148665048544
43243,"Morera","Alto (> 8 mts)",110,"Grande",-68.833986299,-32.8798529265,1,"1",0.185148665048544
43246,"Fresno europeo","Muy bajo (1 - 2 mts)",3,"Chico",-68.8338101237,-32.8797078401,1,"0",0.0420032310177706
43248,"Pltano","Alto (> 8 mts)",130,"Grande",-68.8338053398,-32.8795800034,1,"0",0.0903973509933775
43250,"Pltano","Alto (> 8 mts)",170,"Grande",-68.8337938225,-32.8793383344,1,"0",0.0903973509933775
43253,"Morera","Alto (> 8 mts)",170,"Grande",-68.8343229524,-32.8799341375,1,"1",0.185148665048544
43254,"Morera","Medio (4 - 8 mts)",180,"Grande",-68.8344892895,-32.8799175492,1,"1",0.185148665048544
43256,"Fresno europeo","Medio (4 - 8 mts)",120,"Grande",-68.8347117683,-32.8799007573,1,"0",0.0420032310177706
43258,"Fresno europeo","Alto (> 8 mts)",100,"Grande",-68.8348741163,-32.8798898881,1,"0",0.0420032310177706
43259,"Morera","Medio (4 - 8 mts)",160,"Grande",-68.8349678531,-32.8798848199,1,"1",0.185148665048544
43261,"Pltano","Alto (> 8 mts)",290,"Grande",-68.8350792776,-32.8804152145,1,"0",0.0903973509933775
43268,"Morera","Medio (4 - 8 mts)",160,"Grande",-68.8347322489,-32.8810243386,1,"0",0.185148665048544
43271,"Morera","Alto (> 8 mts)",140,"Grande",-68.8340709942,-32.8810713051,3,"0",0.185148665048544
43275,"Pltano","Alto (> 8 mts)",130,"Grande",-68.8338558306,-32.8806400104,3,"0",0.0903973509933775
43276,"Pltano","Medio (4 - 8 mts)",100,"Grande",-68.8338526172,-32.8805868062,3,"1",0.0903973509933775
43279,"Olmo bola","Bajo (2 - 4 mts)",126,"Grande",-68.8338405843,-32.8803349475,1,"0",0.0231481481481481
43280,"Pltano","Alto (> 8 mts)",170,"Grande",-68.8338393398,-32.8802574002,1,"1",0.0903973509933775
43281,"Morera","Medio (4 - 8 mts)",100,"Grande",-68.8338391629,-32.8801803954,1,"0",0.185148665048544
43282,"Morera","Medio (4 - 8 mts)",124,"Grande",-68.8338337459,-32.8801054576,1,"0",0.185148665048544
43283,"Morera","Medio (4 - 8 mts)",100,"Grande",-68.8338314508,-32.8800182608,1,"1",0.185148665048544
43284,"Morera","Medio (4 - 8 mts)",56,"Mediano",-68.83243766,-32.8799147544,3,"0",0.185148665048544
43287,"Morera","Alto (> 8 mts)",140,"Grande",-68.8326095246,-32.8799531253,3,"1",0.185148665048544
43288,"Fresno europeo","Alto (> 8 mts)",85,"Grande",-68.8326782172,-32.8799512398,3,"1",0.0420032310177706
43289,"Pltano","Alto (> 8 mts)",230,"Grande",-68.8327375843,-32.879945772,3,"0",0.0903973509933775
43291,"Fresno europeo","Alto (> 8 mts)",100,"Grande",-68.8328290312,-32.8799396779,3,"1",0.0420032310177706
43294,"Fresno europeo","Alto (> 8 mts)",115,"Grande",-68.833059378,-32.8799214486,3,"0",0.0420032310177706
43296,"Morera","Alto (> 8 mts)",80,"Grande",-68.8332113347,-32.8799113035,1,"1",0.185148665048544
43297,"Fresno europeo","Alto (> 8 mts)",118,"Grande",-68.8332896955,-32.8799039852,1,"0",0.0420032310177706
43298,"Fresno europeo","Alto (> 8 mts)",128,"Grande",-68.8334204466,-32.8798956402,1,"0",0.0420032310177706
43299,"Fresno europeo","Alto (> 8 mts)",120,"Grande",-68.8335859533,-32.8798843198,1,"0",0.0420032310177706
43300,"Caducifolio","Alto (> 8 mts)",60,"Mediano",-68.8336424905,-32.8798800669,1,"0",0.0512249443207127
43304,"Pltano","Alto (> 8 mts)",125,"Grande",-68.8336814231,-32.8796992391,1,"0",0.0903973509933775
43307,"Morera","Alto (> 8 mts)",130,"Grande",-68.833678705,-32.8795256434,1,"0",0.185148665048544
43310,"Morera","Alto (> 8 mts)",150,"Grande",-68.8336637336,-32.87918821,1,"0",0.185148665048544
43313,"Morera","Bajo (2 - 4 mts)",16,"Chico",-68.8335587999,-32.8788483431,1,"0",0.185148665048544
43314,"Fresno europeo","Medio (4 - 8 mts)",80,"Grande",-68.8334212501,-32.8788576675,1,"0",0.0420032310177706
43315,"Paraiso","Alto (> 8 mts)",195,"Grande",-68.8333568438,-32.8788616357,4,"0",0.0859023207481815
43320,"Acer","Alto (> 8 mts)",62,"Grande",-68.8327028411,-32.8789085758,4,"0",0.0204081632653061
43323,"Morera","Bajo (2 - 4 mts)",16,"Chico",-68.8325027176,-32.8789217667,4,"0",0.185148665048544
43327,"Morera","Alto (> 8 mts)",150,"Grande",-68.8323855085,-32.8791143682,4,"0",0.185148665048544
43328,"Fresno americano","Alto (> 8 mts)",80,"Grande",-68.832387771,-32.8791613494,4,"1",0.0512455516014235
43329,"Morera","Alto (> 8 mts)",158,"Grande",-68.8323872933,-32.8792510356,4,"1",0.185148665048544
43331,"Acacia SP","Medio (4 - 8 mts)",101,"Grande",-68.8323887588,-32.8793746011,4,"1",0.150492264416315
43332,"Fresno europeo","Alto (> 8 mts)",96,"Grande",-68.83239682,-32.8794633384,4,"0",0.0420032310177706
43337,"Fresno europeo","Alto (> 8 mts)",131,"Grande",-68.8324196546,-32.8798218821,3,"0",0.0420032310177706
43343,"Acacia SP","Alto (> 8 mts)",170,"Grande",-68.8324495599,-32.8806253304,3,"1",0.150492264416315
43347,"Acacia SP","Alto (> 8 mts)",180,"Grande",-68.832432395,-32.8802066515,3,"0",0.150492264416315
43348,"Fresno americano","Medio (4 - 8 mts)",100,"Grande",-68.8324271648,-32.8801466819,3,"0",0.0512455516014235
43350,"Morera","Alto (> 8 mts)",180,"Grande",-68.8325383657,-32.8800550385,3,"1",0.185148665048544
43351,"Morera","Medio (4 - 8 mts)",100,"Grande",-68.8325985358,-32.8800510614,3,"0",0.185148665048544
43352,"Pltano","Alto (> 8 mts)",240,"Grande",-68.8326526153,-32.8800468959,3,"1",0.0903973509933775
43353,"Pltano","Alto (> 8 mts)",200,"Grande",-68.8327566052,-32.8800392804,3,"0",0.0903973509933775
43355,"Morera","Medio (4 - 8 mts)",106,"Grande",-68.8329215026,-32.8800333693,3,"0",0.185148665048544
43359,"Pltano","Alto (> 8 mts)",170,"Grande",-68.8332565513,-32.8800119954,3,"1",0.0903973509933775
43362,"Pltano","Alto (> 8 mts)",180,"Grande",-68.8334819627,-32.879989573,1,"1",0.0903973509933775
43363,"Morera","Alto (> 8 mts)",120,"Grande",-68.8335379618,-32.8799873934,1,"1",0.185148665048544
43367,"Morera","Medio (4 - 8 mts)",120,"Grande",-68.8337246155,-32.8802907907,1,"0",0.185148665048544
43369,"Morera","Medio (4 - 8 mts)",90,"Grande",-68.8337258294,-32.8804103911,3,"0",0.185148665048544
43370,"Pltano","Alto (> 8 mts)",190,"Grande",-68.8337348837,-32.8805146045,3,"0",0.0903973509933775
43371,"Morera","Medio (4 - 8 mts)",140,"Grande",-68.8337357362,-32.8805731255,3,"0",0.185148665048544
43373,"Morera","Muy bajo (1 - 2 mts)",8,"Chico",-68.8337429057,-32.8807395875,3,"0",0.185148665048544
43374,"Fresno europeo","Bajo (2 - 4 mts)",60,"Mediano",-68.8337437053,-32.8808522091,3,"0",0.0420032310177706
43377,"Morera","Medio (4 - 8 mts)",130,"Grande",-68.8337519562,-32.8809861223,3,"1",0.185148665048544
43378,"Pltano","Alto (> 8 mts)",200,"Grande",-68.8337516628,-32.881028772,3,"0",0.0903973509933775
43380,"Morera","Medio (4 - 8 mts)",170,"Grande",-68.8336412858,-32.8811072889,3,"0",0.185148665048544
43387,"Morera","Medio (4 - 8 mts)",140,"Grande",-68.833089945,-32.8811435247,3,"0",0.185148665048544
43388,"Fresno europeo","Medio (4 - 8 mts)",130,"Grande",-68.8330125906,-32.8811504176,3,"0",0.0420032310177706
43391,"Morera","Medio (4 - 8 mts)",140,"Grande",-68.8326101965,-32.8811812586,3,"0",0.185148665048544
43393,"Fresno europeo","Medio (4 - 8 mts)",120,"Grande",-68.8324758378,-32.8811419453,3,"0",0.0420032310177706
43395,"Fresno americano","Medio (4 - 8 mts)",120,"Grande",-68.8323050384,-32.8812080467,3,"0",0.0512455516014235
43396,"Morera","Medio (4 - 8 mts)",140,"Grande",-68.8321353288,-32.8812230919,3,"0",0.185148665048544
43398,"Morera","Medio (4 - 8 mts)",120,"Grande",-68.8320270698,-32.8812270944,3,"0",0.185148665048544
43400,"Fresno americano","Medio (4 - 8 mts)",110,"Grande",-68.831868889,-32.8812401367,3,"0",0.0512455516014235
43403,"Morera","Medio (4 - 8 mts)",150,"Grande",-68.8315903769,-32.8812554515,3,"0",0.185148665048544
43404,"Ailanthus","Alto (> 8 mts)",150,"Grande",-68.8314245446,-32.8812730095,3,"0",0.0380952380952381
43413,"Morera","Medio (4 - 8 mts)",160,"Grande",-68.8310601382,-32.8807370278,3,"1",0.185148665048544
43414,"Morera","Medio (4 - 8 mts)",170,"Grande",-68.8310496295,-32.8805466131,3,"0",0.185148665048544
43432,"Morera","Medio (4 - 8 mts)",180,"Grande",-68.8323374898,-32.8808944256,3,"0",0.185148665048544
43434,"Morera","Medio (4 - 8 mts)",170,"Grande",-68.8323594151,-32.8810548661,3,"1",0.185148665048544
43435,"Fresno europeo","Medio (4 - 8 mts)",90,"Grande",-68.8323603656,-32.8811176252,3,"1",0.0420032310177706
43437,"Morera","Alto (> 8 mts)",160,"Grande",-68.8309830194,-32.8792032813,4,"1",0.185148665048544
43440,"Olmo comun","Alto (> 8 mts)",180,"Grande",-68.8309979892,-32.879501265,4,"0",0.0227272727272727
43442,"Morera","Alto (> 8 mts)",160,"Grande",-68.8310028456,-32.8796760512,4,"0",0.185148665048544
43445,"Morera","Alto (> 8 mts)",160,"Grande",-68.8310158422,-32.8799473403,4,"0",0.185148665048544
43453,"Fresno europeo","Bajo (2 - 4 mts)",40,"Mediano",-68.8320188194,-32.8799923955,3,"0",0.0420032310177706
43456,"Fresno europeo","Alto (> 8 mts)",138,"Grande",-68.8322601389,-32.8799776611,3,"0",0.0420032310177706
43459,"Morera","Alto (> 8 mts)",150,"Grande",-68.8322840878,-32.879744245,4,"1",0.185148665048544
43461,"Fresno europeo","Bajo (2 - 4 mts)",36,"Mediano",-68.8322760208,-32.8795451404,4,"0",0.0420032310177706
43462,"Acacia SP","Alto (> 8 mts)",200,"Grande",-68.8322716336,-32.879491574,4,"0",0.150492264416315
43463,"Fresno europeo","Alto (> 8 mts)",118,"Grande",-68.8322686332,-32.8794392718,4,"0",0.0420032310177706
43464,"Acacia SP","Alto (> 8 mts)",190,"Grande",-68.8322624862,-32.8793554962,4,"0",0.150492264416315
43465,"Fresno europeo","Alto (> 8 mts)",120,"Grande",-68.832259684,-32.8793113997,4,"0",0.0420032310177706
43469,"Acacia SP","Muy bajo (1 - 2 mts)",90,"Grande",-68.8320156415,-32.8789578791,4,"0",0.150492264416315
43471,"Morera","Alto (> 8 mts)",220,"Grande",-68.8317954322,-32.8789746134,4,"1",0.185148665048544
43472,"Prunas","Bajo (2 - 4 mts)",25,"Mediano",-68.8316887087,-32.8789840503,4,"0",0.0321782178217822
43475,"Morera","Alto (> 8 mts)",160,"Grande",-68.8314901231,-32.878994165,4,"1",0.185148665048544
43481,"Acacia visco","Bajo (2 - 4 mts)",30,"Mediano",-68.8296941573,-32.8839102614,3,"0",0.0625
43483,"Conifera","Alto (> 8 mts)",160,"Grande",-68.8296336852,-32.8831211082,3,"0",0.021505376344086
43484,"Conifera","Alto (> 8 mts)",200,"Grande",-68.8296569471,-32.8832508934,3,"0",0.021505376344086
43485,"Conifera","Alto (> 8 mts)",180,"Grande",-68.8296503346,-32.8833557512,3,"0",0.021505376344086
43486,"Morera","Bajo (2 - 4 mts)",30,"Mediano",-68.829002965,-32.8837918278,3,"0",0.185148665048544
43494,"Morera","Bajo (2 - 4 mts)",42,"Mediano",-68.8285464197,-32.8844663898,3,"0",0.185148665048544
43496,"lamo blanco","Medio (4 - 8 mts)",43,"Mediano",-68.8285358684,-32.8843961335,3,"0",0.046875
43497,"Morera","Medio (4 - 8 mts)",50,"Mediano",-68.8285327423,-32.8843546514,3,"0",0.185148665048544
43498,"Morera","Medio (4 - 8 mts)",100,"Grande",-68.8285178542,-32.8843166698,3,"0",0.185148665048544
43503,"Morera","Bajo (2 - 4 mts)",28,"Mediano",-68.828369694,-32.8835632831,3,"0",0.185148665048544
43505,"Morera","Medio (4 - 8 mts)",50,"Mediano",-68.8283346936,-32.8834258172,3,"0",0.185148665048544
43507,"Morera","Medio (4 - 8 mts)",120,"Grande",-68.828257186,-32.8831645807,3,"1",0.185148665048544
43508,"Morera","Alto (> 8 mts)",200,"Grande",-68.8282284078,-32.8829710669,3,"0",0.185148665048544
43510,"Morera","Alto (> 8 mts)",190,"Grande",-68.8300795598,-32.8814654429,3,"0",0.185148665048544
43515,"Fresno europeo","Medio (4 - 8 mts)",120,"Grande",-68.8306393061,-32.8814220624,3,"0",0.0420032310177706
43523,"Morera","Medio (4 - 8 mts)",140,"Grande",-68.830985908,-32.8817915038,3,"1",0.185148665048544
43526,"Morera","Medio (4 - 8 mts)",160,"Grande",-68.8310003725,-32.8820530142,3,"1",0.185148665048544
43528,"Morera","Medio (4 - 8 mts)",164,"Grande",-68.8310169581,-32.8823230935,3,"0",0.185148665048544
43535,"Fresno americano","Medio (4 - 8 mts)",122,"Grande",-68.8307162181,-32.8825615451,3,"0",0.0512455516014235
43536,"Fresno americano","Medio (4 - 8 mts)",120,"Grande",-68.8306488882,-32.8825645197,3,"0",0.0512455516014235
43537,"Fresno americano","Medio (4 - 8 mts)",124,"Grande",-68.8305826289,-32.8825665039,3,"0",0.0512455516014235
43543,"Fresno americano","Alto (> 8 mts)",160,"Grande",-68.8298975691,-32.882599117,3,"0",0.0512455516014235
43544,"Fresno americano","Bajo (2 - 4 mts)",26,"Mediano",-68.8297482816,-32.8825206803,3,"0",0.0512455516014235
43545,"Fresno europeo","Alto (> 8 mts)",190,"Grande",-68.8297430773,-32.882448087,3,"0",0.0420032310177706
43546,"Fresno europeo","Medio (4 - 8 mts)",100,"Grande",-68.8297356222,-32.8823447997,3,"0",0.0420032310177706
43548,"Fresno europeo","Medio (4 - 8 mts)",130,"Grande",-68.8297220745,-32.8821646232,3,"0",0.0420032310177706
43551,"Fresno europeo","Medio (4 - 8 mts)",150,"Grande",-68.8297002159,-32.8818616085,3,"0",0.0420032310177706
43552,"Fresno europeo","Medio (4 - 8 mts)",180,"Grande",-68.829689294,-32.8817288807,3,"0",0.0420032310177706
43553,"Morera","Alto (> 8 mts)",140,"Grande",-68.831040703,-32.8827625203,3,"1",0.185148665048544
43554,"Morera","Alto (> 8 mts)",115,"Grande",-68.831048979,-32.8829064415,3,"0",0.185148665048544
43558,"Morera","Alto (> 8 mts)",120,"Grande",-68.8310711933,-32.8835010718,3,"1",0.185148665048544
43560,"Pltano","Alto (> 8 mts)",180,"Grande",-68.8307845538,-32.8837163447,3,"1",0.0903973509933775
43563,"Pltano","Alto (> 8 mts)",170,"Grande",-68.8305237826,-32.8837268119,3,"1",0.0903973509933775
43564,"Pltano","Alto (> 8 mts)",165,"Grande",-68.8304542771,-32.8837297988,3,"0",0.0903973509933775
43567,"Pltano","Alto (> 8 mts)",148,"Grande",-68.8300278965,-32.883743181,3,"1",0.0903973509933775
43569,"Fresno europeo","Alto (> 8 mts)",150,"Grande",-68.8298004007,-32.8834250431,3,"0",0.0420032310177706
43573,"Fresno americano","Alto (> 8 mts)",155,"Grande",-68.8299975817,-32.8826944239,3,"1",0.0512455516014235
43575,"Fresno europeo","Alto (> 8 mts)",180,"Grande",-68.8302254784,-32.8826845921,3,"1",0.0420032310177706
43577,"Morera","Alto (> 8 mts)",138,"Grande",-68.8304744999,-32.8826696913,3,"1",0.185148665048544
43581,"Fresno americano","Medio (4 - 8 mts)",125,"Grande",-68.8307256475,-32.8826606539,3,"1",0.0512455516014235
43582,"Fresno americano","Medio (4 - 8 mts)",115,"Grande",-68.8307780544,-32.8826574138,3,"0",0.0512455516014235
43583,"Fresno americano","Alto (> 8 mts)",165,"Grande",-68.8308806189,-32.8826508547,3,"1",0.0512455516014235
43585,"Fresno americano","Medio (4 - 8 mts)",102,"Grande",-68.8309928376,-32.8826447847,3,"1",0.0512455516014235
43586,"Fresno americano","Alto (> 8 mts)",70,"Grande",-68.8325857691,-32.8835553217,3,"0",0.0512455516014235
43588,"Acacia SP","Alto (> 8 mts)",105,"Grande",-68.8325810093,-32.8834007797,3,"0",0.150492264416315
43589,"Morera","Alto (> 8 mts)",145,"Grande",-68.832580176,-32.8833369848,3,"1",0.185148665048544
43590,"Fresno americano","Alto (> 8 mts)",65,"Grande",-68.8325702416,-32.8832780008,3,"0",0.0512455516014235
43593,"Acacia SP","Alto (> 8 mts)",115,"Grande",-68.8325665756,-32.8830594761,3,"1",0.150492264416315
43595,"Fresno europeo","Alto (> 8 mts)",135,"Grande",-68.8325583425,-32.8828999053,3,"0",0.0420032310177706
43596,"Pltano","Alto (> 8 mts)",220,"Grande",-68.8325568597,-32.88272236,3,"0",0.0903973509933775
43599,"Acacia SP","Alto (> 8 mts)",100,"Grande",-68.8327150055,-32.882558644,3,"1",0.150492264416315
43601,"Acacia SP","Bajo (2 - 4 mts)",100,"Grande",-68.8329717857,-32.8825460091,3,"1",0.150492264416315
43602,"Fresno europeo","Medio (4 - 8 mts)",140,"Grande",-68.8330612747,-32.8825425155,3,"0",0.0420032310177706
43604,"Fresno europeo","Alto (> 8 mts)",128,"Grande",-68.8333732446,-32.8825241763,3,"0",0.0420032310177706
43606,"Fresno europeo","Medio (4 - 8 mts)",55,"Mediano",-68.8335743809,-32.882514255,3,"0",0.0420032310177706
43607,"Acacia SP","Alto (> 8 mts)",120,"Grande",-68.8337702235,-32.8825035382,3,"0",0.150492264416315
43611,"Morera","Alto (> 8 mts)",115,"Grande",-68.8338372588,-32.8827242264,3,"0",0.185148665048544
43612,"Morera","Alto (> 8 mts)",115,"Grande",-68.8338476679,-32.8828310222,3,"0",0.185148665048544
43615,"Pltano","Alto (> 8 mts)",168,"Grande",-68.8338603427,-32.8830878338,3,"0",0.0903973509933775
43620,"Acacia SP","Alto (> 8 mts)",95,"Grande",-68.8338873857,-32.8835421432,3,"1",0.150492264416315
43622,"Pltano","Alto (> 8 mts)",180,"Grande",-68.8337840657,-32.8836032146,3,"0",0.0903973509933775
43624,"Pltano","Alto (> 8 mts)",220,"Grande",-68.8336089117,-32.883618599,3,"0",0.0903973509933775
43629,"Pltano","Alto (> 8 mts)",190,"Grande",-68.8331808334,-32.8836380509,3,"1",0.0903973509933775
43630,"Pltano","Alto (> 8 mts)",180,"Grande",-68.8329990433,-32.8836446611,3,"1",0.0903973509933775
43631,"Pltano","Alto (> 8 mts)",180,"Grande",-68.8329047829,-32.8836475108,3,"1",0.0903973509933775
43632,"Pltano","Alto (> 8 mts)",170,"Grande",-68.8327986635,-32.8836487215,3,"1",0.0903973509933775
43633,"Pltano","Alto (> 8 mts)",190,"Grande",-68.8326950021,-32.8836498453,3,"0",0.0903973509933775
43636,"Palo borracho","Bajo (2 - 4 mts)",70,"Grande",-68.8339524058,-32.882316836,3,"0",0
43637,"Pltano","Medio (4 - 8 mts)",140,"Grande",-68.8339475735,-32.8822721056,3,"0",0.0903973509933775
43638,"Morera","Bajo (2 - 4 mts)",24,"Mediano",-68.8339347126,-32.8821648845,3,"0",0.185148665048544
43639,"Pltano","Alto (> 8 mts)",200,"Grande",-68.8339322149,-32.882026915,3,"1",0.0903973509933775
43642,"Pltano","Alto (> 8 mts)",140,"Grande",-68.8339103044,-32.8816209106,3,"0",0.0903973509933775
43645,"Morera","Medio (4 - 8 mts)",120,"Grande",-68.833900537,-32.8814502243,3,"1",0.185148665048544
43648,"Olmo comun","Medio (4 - 8 mts)",78,"Grande",-68.8339732193,-32.8811924755,3,"0",0.0227272727272727
43652,"Morera","Bajo (2 - 4 mts)",80,"Grande",-68.834339638,-32.8811626465,3,"1",0.185148665048544
43653,"Morera","Muy bajo (1 - 2 mts)",17,"Chico",-68.8343829436,-32.881161657,3,"0",0.185148665048544
43654,"Olmo bola","Medio (4 - 8 mts)",150,"Grande",-68.8345025413,-32.8811492105,3,"0",0.0231481481481481
43656,"Fresno europeo","Medio (4 - 8 mts)",110,"Grande",-68.8346496204,-32.881142095,3,"0",0.0420032310177706
43662,"Fresno europeo","Muy bajo (1 - 2 mts)",9,"Chico",-68.8351058871,-32.8811072086,1,"0",0.0420032310177706
43665,"Pltano","Alto (> 8 mts)",200,"Grande",-68.8351575179,-32.8813292733,1,"1",0.0903973509933775
43668,"Morera","Medio (4 - 8 mts)",110,"Grande",-68.8351596137,-32.8815825616,3,"0",0.185148665048544
43671,"Morera","Medio (4 - 8 mts)",130,"Grande",-68.835179325,-32.8819604869,3,"1",0.185148665048544
43673,"Morera","Medio (4 - 8 mts)",64,"Grande",-68.8352057389,-32.8821236379,3,"0",0.185148665048544
43674,"Morera","Medio (4 - 8 mts)",84,"Grande",-68.8352041815,-32.8822145264,3,"1",0.185148665048544
43675,"Pltano","Alto (> 8 mts)",220,"Grande",-68.8352073981,-32.8822664681,3,"0",0.0903973509933775
43681,"Acacia SP","Alto (> 8 mts)",100,"Grande",-68.8346762156,-32.8823621581,3,"0",0.150492264416315
43688,"Fresno europeo","Bajo (2 - 4 mts)",60,"Mediano",-68.8341335234,-32.8823828998,3,"0",0.0420032310177706
43693,"Morera","Alto (> 8 mts)",128,"Grande",-68.8311863252,-32.883033303,3,"1",0.185148665048544
43697,"Morera","Medio (4 - 8 mts)",95,"Grande",-68.831201179,-32.8834005039,3,"1",0.185148665048544
43698,"Morera","Medio (4 - 8 mts)",25,"Mediano",-68.8312133539,-32.8834930493,3,"0",0.185148665048544
43699,"Morera","Alto (> 8 mts)",115,"Grande",-68.8312139909,-32.8835516601,3,"1",0.185148665048544
43701,"Morera","Alto (> 8 mts)",145,"Grande",-68.8313180587,-32.8836907603,3,"1",0.185148665048544
43702,"Pltano","Alto (> 8 mts)",250,"Grande",-68.8314106111,-32.8836870006,3,"0",0.0903973509933775
43716,"Morera","Muy bajo (1 - 2 mts)",6,"Chico",-68.8324498858,-32.8834622357,3,"0",0.185148665048544
43717,"Morera","Alto (> 8 mts)",110,"Grande",-68.8324453393,-32.883388656,3,"0",0.185148665048544
43718,"Morera","Muy bajo (1 - 2 mts)",6,"Chico",-68.8324403434,-32.8833085745,3,"0",0.185148665048544
43719,"Morera","Muy bajo (1 - 2 mts)",6,"Chico",-68.8324371577,-32.8832410335,3,"0",0.185148665048544
43720,"Acacia SP","Alto (> 8 mts)",80,"Grande",-68.8324316651,-32.8831505909,3,"0",0.150492264416315
43722,"Acacia SP","Alto (> 8 mts)",150,"Grande",-68.832432149,-32.8830070421,3,"1",0.150492264416315
43723,"Fresno europeo","Alto (> 8 mts)",85,"Grande",-68.8324252134,-32.8829446357,3,"1",0.0420032310177706
43728,"Fresno americano","Medio (4 - 8 mts)",106,"Grande",-68.8325377828,-32.8824107096,3,"0",0.0512455516014235
43729,"Fresno americano","Bajo (2 - 4 mts)",60,"Mediano",-68.8325283623,-32.8821922169,3,"0",0.0512455516014235
43730,"Morera","Medio (4 - 8 mts)",150,"Grande",-68.8325213463,-32.882115744,3,"0",0.185148665048544
43732,"Acacia SP","Alto (> 8 mts)",140,"Grande",-68.8325172679,-32.8819546061,3,"1",0.150492264416315
43734,"Fresno europeo","Alto (> 8 mts)",124,"Grande",-68.8325152125,-32.881884412,3,"0",0.0420032310177706
43740,"Morera","Alto (> 8 mts)",150,"Grande",-68.83248405,-32.8813777489,3,"0",0.185148665048544
43742,"Morera","Medio (4 - 8 mts)",120,"Grande",-68.8325663089,-32.8812775007,3,"0",0.185148665048544
43745,"Caducifolio","Bajo (2 - 4 mts)",14,"Chico",-68.8327758847,-32.8812675018,3,"0",0.0512249443207127
43748,"Fresno europeo","Bajo (2 - 4 mts)",80,"Grande",-68.833160417,-32.8812429654,3,"0",0.0420032310177706
43753,"Fresno europeo","Alto (> 8 mts)",160,"Grande",-68.8335303228,-32.881215669,3,"0",0.0420032310177706
43754,"Fresno europeo","Medio (4 - 8 mts)",150,"Grande",-68.8335820519,-32.8812114999,3,"0",0.0420032310177706
43755,"Fresno europeo","Alto (> 8 mts)",160,"Grande",-68.833713198,-32.8811975177,3,"0",0.0420032310177706
43757,"Morera","Medio (4 - 8 mts)",120,"Grande",-68.8337683852,-32.8814165987,3,"0",0.185148665048544
43762,"Morera","Alto (> 8 mts)",160,"Grande",-68.833810673,-32.881990235,3,"0",0.185148665048544
43764,"Morera","Alto (> 8 mts)",150,"Grande",-68.8338224949,-32.8821833933,3,"1",0.185148665048544
43769,"Acacia SP","Alto (> 8 mts)",160,"Grande",-68.8336170175,-32.882400969,3,"0",0.150492264416315
43771,"Acacia SP","Bajo (2 - 4 mts)",130,"Grande",-68.833446228,-32.8824123735,3,"0",0.150492264416315
43781,"Morera","Alto (> 8 mts)",130,"Grande",-68.8323553569,-32.8813940775,3,"0",0.185148665048544
43782,"Morera","Medio (4 - 8 mts)",170,"Grande",-68.8323609515,-32.8814728027,3,"0",0.185148665048544
43785,"Morera","Alto (> 8 mts)",162,"Grande",-68.8323653199,-32.8816079723,3,"0",0.185148665048544
43788,"Morera","Medio (4 - 8 mts)",130,"Grande",-68.8323767024,-32.8818273603,3,"1",0.185148665048544
43789,"Morera","Alto (> 8 mts)",80,"Grande",-68.8323810552,-32.8819072732,3,"1",0.185148665048544
43790,"Morera","Alto (> 8 mts)",140,"Grande",-68.8323809687,-32.8819776565,3,"0",0.185148665048544
43791,"Acacia SP","Medio (4 - 8 mts)",160,"Grande",-68.8323852986,-32.8820646161,3,"1",0.150492264416315
43801,"Fresno americano","Medio (4 - 8 mts)",110,"Grande",-68.8321161595,-32.8824918377,3,"0",0.0512455516014235
43803,"Fresno americano","Bajo (2 - 4 mts)",90,"Grande",-68.8320003099,-32.8824967316,3,"0",0.0512455516014235
43806,"Fresno europeo","Medio (4 - 8 mts)",106,"Grande",-68.8318138143,-32.8825001716,3,"0",0.0420032310177706
43816,"Fresno europeo","Medio (4 - 8 mts)",140,"Grande",-68.8311345962,-32.8821639233,3,"0",0.0420032310177706
43823,"Morera","Medio (4 - 8 mts)",124,"Grande",-68.8310969804,-32.8814877835,3,"0",0.185148665048544
43824,"Fresno europeo","Bajo (2 - 4 mts)",28,"Mediano",-68.831191323,-32.8813840359,3,"0",0.0420032310177706
43830,"Morera","Alto (> 8 mts)",210,"Grande",-68.8318950472,-32.8813479963,3,"1",0.185148665048544
43832,"Fresno americano","Medio (4 - 8 mts)",100,"Grande",-68.8321118364,-32.8813272961,3,"0",0.0512455516014235
43834,"Fresno americano","Medio (4 - 8 mts)",130,"Grande",-68.8323156445,-32.8813158475,3,"0",0.0512455516014235
43836,"Morera","Medio (4 - 8 mts)",94,"Grande",-68.83101842,-32.8849314205,3,"0",0.185148665048544
43840,"Morera","Medio (4 - 8 mts)",85,"Grande",-68.8305086173,-32.8849568797,3,"0",0.185148665048544
43843,"Morera","Medio (4 - 8 mts)",132,"Grande",-68.8298835313,-32.8849249615,3,"0",0.185148665048544
43845,"Fresno europeo","Medio (4 - 8 mts)",100,"Grande",-68.829872687,-32.8847708899,3,"1",0.0420032310177706
43846,"Morera","Medio (4 - 8 mts)",100,"Grande",-68.829856554,-32.8844898196,3,"1",0.185148665048544
43847,"Fresno americano","Medio (4 - 8 mts)",110,"Grande",-68.8298534952,-32.8844128109,3,"0",0.0512455516014235
43849,"Morera","Medio (4 - 8 mts)",100,"Grande",-68.8298441247,-32.8842833152,3,"0",0.185148665048544
43850,"Fresno europeo","Medio (4 - 8 mts)",100,"Grande",-68.8298399862,-32.8842120759,3,"0",0.0420032310177706
43852,"Fresno europeo","Bajo (2 - 4 mts)",36,"Mediano",-68.8298349977,-32.8840264107,3,"0",0.0420032310177706
43854,"Pltano","Alto (> 8 mts)",190,"Grande",-68.8299016694,-32.8838606279,3,"1",0.0903973509933775
43857,"Pltano","Alto (> 8 mts)",320,"Grande",-68.8302243454,-32.8838392977,3,"1",0.0903973509933775
43859,"Pltano","Alto (> 8 mts)",230,"Grande",-68.8304487804,-32.8838300442,3,"0",0.0903973509933775
43860,"Pltano","Alto (> 8 mts)",250,"Grande",-68.8305684765,-32.8838264193,3,"1",0.0903973509933775
43861,"Pltano","Alto (> 8 mts)",220,"Grande",-68.8307095487,-32.8838212002,3,"0",0.0903973509933775
43862,"Pltano","Alto (> 8 mts)",200,"Grande",-68.8307929105,-32.8838176161,3,"1",0.0903973509933775
43864,"Pltano","Alto (> 8 mts)",250,"Grande",-68.8309649808,-32.8838086515,3,"1",0.0903973509933775
43866,"Olmo bola","Medio (4 - 8 mts)",95,"Grande",-68.8310834911,-32.8838667904,3,"0",0.0231481481481481
43867,"Fresno europeo","Medio (4 - 8 mts)",36,"Mediano",-68.8310906588,-32.8840317196,3,"0",0.0420032310177706
43868,"Fresno europeo","Medio (4 - 8 mts)",48,"Mediano",-68.8311054611,-32.8841155068,3,"0",0.0420032310177706
43869,"Olmo comun","Bajo (2 - 4 mts)",120,"Grande",-68.8311074675,-32.8841844889,3,"0",0.0227272727272727
43873,"Fresno europeo","Alto (> 8 mts)",120,"Grande",-68.8339516032,-32.8845237268,3,"0",0.0420032310177706
43875,"Morera","Alto (> 8 mts)",200,"Grande",-68.8339366952,-32.8843232608,3,"0",0.185148665048544
43878,"Morera","Alto (> 8 mts)",270,"Grande",-68.8339227794,-32.8840492181,3,"0",0.185148665048544
43883,"Pltano","Alto (> 8 mts)",310,"Grande",-68.8338026335,-32.883720591,3,"1",0.0903973509933775
43884,"Pltano","Alto (> 8 mts)",300,"Grande",-68.8337114747,-32.8837226149,3,"0",0.0903973509933775
43887,"Pltano","Alto (> 8 mts)",310,"Grande",-68.8333906425,-32.8837347215,3,"0",0.0903973509933775
43888,"Pltano","Alto (> 8 mts)",290,"Grande",-68.8332904097,-32.8837310713,3,"0",0.0903973509933775
43891,"Pltano","Alto (> 8 mts)",240,"Grande",-68.8330015426,-32.8837365469,3,"1",0.0903973509933775
43895,"Acacia SP","Medio (4 - 8 mts)",70,"Grande",-68.8325763573,-32.8837827862,3,"0",0.150492264416315
43896,"Fresno americano","Medio (4 - 8 mts)",100,"Grande",-68.8325775568,-32.8838194623,3,"0",0.0512455516014235
43898,"Fresno americano","Alto (> 8 mts)",126,"Grande",-68.8325949715,-32.8839366299,3,"0",0.0512455516014235
43900,"Fresno europeo","Bajo (2 - 4 mts)",20,"Chico",-68.8326081212,-32.8841043622,3,"0",0.0420032310177706
43901,"Fresno americano","Medio (4 - 8 mts)",100,"Grande",-68.8326041162,-32.8841883044,3,"0",0.0512455516014235
43903,"Acacia SP","Medio (4 - 8 mts)",178,"Grande",-68.8326069537,-32.8843843361,3,"1",0.150492264416315
43904,"Acacia SP","Medio (4 - 8 mts)",60,"Mediano",-68.8326231955,-32.8845558597,3,"1",0.150492264416315
43905,"Morera","Medio (4 - 8 mts)",140,"Grande",-68.832624261,-32.8846143809,3,"1",0.185148665048544
43908,"Pltano","Alto (> 8 mts)",215,"Grande",-68.8327472182,-32.884818592,3,"0",0.0903973509933775
43910,"Pltano","Alto (> 8 mts)",250,"Grande",-68.8329916184,-32.8848114409,3,"0",0.0903973509933775
43913,"Pltano","Muy bajo (1 - 2 mts)",10,"Chico",-68.8332946378,-32.8847833517,3,"0",0.0903973509933775
43914,"Pltano","Alto (> 8 mts)",200,"Grande",-68.8333817308,-32.8847850908,3,"1",0.0903973509933775
43919,"Pltano","Alto (> 8 mts)",158,"Grande",-68.8339423831,-32.8847687945,3,"1",0.0903973509933775
43920,"Morera","Alto (> 8 mts)",220,"Grande",-68.833968438,-32.8847224821,3,"0",0.185148665048544
43921,"Morera","Alto (> 8 mts)",180,"Grande",-68.8339545894,-32.8846415819,3,"0",0.185148665048544
43922,"Acacia SP","Alto (> 8 mts)",200,"Grande",-68.8325102614,-32.8846569685,3,"0",0.150492264416315
43925,"Acacia SP","Alto (> 8 mts)",170,"Grande",-68.8325052025,-32.8844489414,3,"1",0.150492264416315
43926,"Acacia SP","Alto (> 8 mts)",160,"Grande",-68.8325019984,-32.8843911386,3,"0",0.150492264416315
43927,"Acacia SP","Alto (> 8 mts)",170,"Grande",-68.8324991622,-32.8842513725,3,"0",0.150492264416315
43929,"Acacia SP","Alto (> 8 mts)",140,"Grande",-68.8324937629,-32.8841107013,3,"0",0.150492264416315
43930,"Acacia SP","Alto (> 8 mts)",150,"Grande",-68.8324853616,-32.8840320625,3,"0",0.150492264416315
43932,"Acacia SP","Medio (4 - 8 mts)",150,"Grande",-68.832480046,-32.8839037446,3,"0",0.150492264416315
43936,"Pltano","Alto (> 8 mts)",200,"Grande",-68.8323530845,-32.8837765937,3,"0",0.0903973509933775
43937,"Pltano","Alto (> 8 mts)",300,"Grande",-68.8322903836,-32.8837776142,3,"0",0.0903973509933775
43940,"Pltano","Alto (> 8 mts)",320,"Grande",-68.8318573291,-32.8837967798,3,"1",0.0903973509933775
43942,"Pltano","Alto (> 8 mts)",290,"Grande",-68.8316133474,-32.8838010502,3,"0",0.0903973509933775
43944,"Pltano","Alto (> 8 mts)",270,"Grande",-68.8314402205,-32.8838037024,3,"1",0.0903973509933775
43951,"Olmo comun","Bajo (2 - 4 mts)",100,"Grande",-68.8312562135,-32.8845287754,3,"0",0.0227272727272727
43953,"Olmo comun","Medio (4 - 8 mts)",77,"Grande",-68.8312647382,-32.8847109287,3,"0",0.0227272727272727
43954,"Fresno europeo","Bajo (2 - 4 mts)",26,"Mediano",-68.831266269,-32.8848054281,3,"0",0.0420032310177706
43959,"Pltano","Alto (> 8 mts)",230,"Grande",-68.8319722041,-32.8848755383,3,"0",0.0903973509933775
43960,"Pltano","Alto (> 8 mts)",210,"Grande",-68.8320266179,-32.8848656026,3,"1",0.0903973509933775
43962,"Pltano","Alto (> 8 mts)",200,"Grande",-68.8321476231,-32.8848485427,3,"0",0.0903973509933775
43967,"Pltano","Alto (> 8 mts)",360,"Grande",-68.8335082194,-32.8848814887,3,"1",0.0903973509933775
43970,"Morera","Medio (4 - 8 mts)",70,"Grande",-68.8338974108,-32.8848550988,3,"0",0.185148665048544
43976,"Fresno europeo","Medio (4 - 8 mts)",50,"Mediano",-68.8340102004,-32.885531294,3,"0",0.0420032310177706
43977,"Morera","Alto (> 8 mts)",190,"Grande",-68.8340129147,-32.885593866,3,"0",0.185148665048544
43982,"Fresno americano","Alto (> 8 mts)",140,"Grande",-68.8340091091,-32.8859784984,3,"0",0.0512455516014235
43985,"Fresno americano","Medio (4 - 8 mts)",160,"Grande",-68.8337490173,-32.8859943978,3,"0",0.0512455516014235
43986,"Fresno europeo","Alto (> 8 mts)",180,"Grande",-68.833687883,-32.8859974724,3,"1",0.0420032310177706
43989,"Fresno europeo","Alto (> 8 mts)",148,"Grande",-68.8333403301,-32.8860151473,3,"0",0.0420032310177706
43990,"Fresno europeo","Alto (> 8 mts)",182,"Grande",-68.8332781162,-32.886016123,3,"0",0.0420032310177706
43991,"Fresno europeo","Muy bajo (1 - 2 mts)",8,"Chico",-68.8331636478,-32.8860229133,3,"0",0.0420032310177706
43992,"Paraiso","Alto (> 8 mts)",148,"Grande",-68.8330780354,-32.8860288404,3,"1",0.0859023207481815
43997,"Acacia SP","Medio (4 - 8 mts)",70,"Grande",-68.8326849256,-32.8859981085,3,"0",0.150492264416315
43999,"Acacia SP","Alto (> 8 mts)",162,"Grande",-68.8326749968,-32.8857653685,3,"1",0.150492264416315
44000,"Fresno americano","Alto (> 8 mts)",150,"Grande",-68.8326714831,-32.8857016142,3,"0",0.0512455516014235
44001,"Fresno europeo","Alto (> 8 mts)",180,"Grande",-68.8326684925,-32.8855870051,3,"0",0.0420032310177706
44002,"Acacia SP","Medio (4 - 8 mts)",140,"Grande",-68.8326695809,-32.8855196502,3,"1",0.150492264416315
44003,"Acacia SP","Medio (4 - 8 mts)",120,"Grande",-68.8326642893,-32.8854352447,3,"0",0.150492264416315
44007,"Acacia SP","Alto (> 8 mts)",165,"Grande",-68.832641231,-32.8850239522,3,"0",0.150492264416315
44009,"Pltano","Muy bajo (1 - 2 mts)",10,"Chico",-68.8327585194,-32.8849317983,3,"0",0.0903973509933775
44010,"Pltano","Alto (> 8 mts)",185,"Grande",-68.8328984253,-32.8849242723,3,"1",0.0903973509933775
44011,"Pltano","Alto (> 8 mts)",350,"Grande",-68.8331036452,-32.8849091535,3,"1",0.0903973509933775
44013,"Morera","Medio (4 - 8 mts)",60,"Mediano",-68.8333575871,-32.8848926629,3,"1",0.185148665048544
44014,"Caducifolio","Medio (4 - 8 mts)",50,"Mediano",-68.83133791,-32.8859687975,3,"1",0.0512249443207127
44015,"Morera","Alto (> 8 mts)",185,"Grande",-68.8313329126,-32.8858989998,3,"1",0.185148665048544
44016,"Morera","Alto (> 8 mts)",130,"Grande",-68.8313302823,-32.8858207294,3,"1",0.185148665048544
44019,"Morera","Alto (> 8 mts)",123,"Grande",-68.8313075376,-32.8854162899,3,"1",0.185148665048544
44020,"Paraiso","Muy bajo (1 - 2 mts)",190,"Grande",-68.831301262,-32.8853443265,3,"0",0.0859023207481815
44024,"Pltano","Alto (> 8 mts)",168,"Grande",-68.8313524766,-32.8850246438,3,"1",0.0903973509933775
44026,"Pltano","Alto (> 8 mts)",230,"Grande",-68.8315467928,-32.8850137806,3,"0",0.0903973509933775
44027,"Pltano","Alto (> 8 mts)",170,"Grande",-68.8316388062,-32.8850098126,3,"0",0.0903973509933775
44028,"Pltano","Alto (> 8 mts)",175,"Grande",-68.8317238864,-32.8850039904,3,"0",0.0903973509933775
44032,"Pltano","Alto (> 8 mts)",190,"Grande",-68.8320550812,-32.8849872024,3,"0",0.0903973509933775
44034,"Pltano","Alto (> 8 mts)",160,"Grande",-68.8322557742,-32.8849796271,3,"0",0.0903973509933775
44037,"Acacia SP","Medio (4 - 8 mts)",55,"Mediano",-68.8325270006,-32.8850065463,3,"0",0.150492264416315
44039,"Palo borracho","Muy bajo (1 - 2 mts)",25,"Mediano",-68.8325323492,-32.8851980719,3,"0",0
44040,"Morera","Muy bajo (1 - 2 mts)",8,"Chico",-68.8325339602,-32.8852602782,3,"0",0.185148665048544
44041,"Fresno europeo","Alto (> 8 mts)",63,"Grande",-68.8325430544,-32.88546042,3,"0",0.0420032310177706
44042,"Morera","Alto (> 8 mts)",112,"Grande",-68.8325488439,-32.8855641224,3,"1",0.185148665048544
44043,"Morera","Alto (> 8 mts)",115,"Grande",-68.8325529068,-32.8857193973,3,"1",0.185148665048544
44044,"Acacia SP","Alto (> 8 mts)",120,"Grande",-68.8325563182,-32.8857806268,3,"1",0.150492264416315
44050,"Fresno americano","Alto (> 8 mts)",102,"Grande",-68.8320938042,-32.8860730584,3,"0",0.0512455516014235
44058,"Morera","Alto (> 8 mts)",210,"Grande",-68.8299265614,-32.8858273043,3,"0",0.185148665048544
44059,"Morera","Alto (> 8 mts)",200,"Grande",-68.8299225983,-32.8857200878,3,"0",0.185148665048544
44060,"Olmo comun","Medio (4 - 8 mts)",100,"Grande",-68.8299145066,-32.8855923972,3,"0",0.0227272727272727
44065,"Morera","Medio (4 - 8 mts)",180,"Grande",-68.8299017403,-32.8851705684,3,"0",0.185148665048544
44069,"Fresno americano","Medio (4 - 8 mts)",75,"Grande",-68.8303071092,-32.8850775333,3,"0",0.0512455516014235
44070,"Fresno americano","Medio (4 - 8 mts)",60,"Mediano",-68.8304449283,-32.8850672507,3,"0",0.0512455516014235
44073,"Morera","Medio (4 - 8 mts)",185,"Grande",-68.8310662167,-32.8850296794,3,"1",0.185148665048544
44074,"Morera","Bajo (2 - 4 mts)",36,"Mediano",-68.8311737893,-32.8852210735,3,"0",0.185148665048544
44075,"Morera","Medio (4 - 8 mts)",140,"Grande",-68.8311843966,-32.885375728,3,"0",0.185148665048544
44077,"Morera","Alto (> 8 mts)",210,"Grande",-68.8311942265,-32.8855458003,3,"1",0.185148665048544
44078,"Morera","Medio (4 - 8 mts)",100,"Grande",-68.8311954635,-32.8856261428,3,"1",0.185148665048544
44084,"Morera","Alto (> 8 mts)",180,"Grande",-68.8310547284,-32.8861280148,3,"0",0.185148665048544
44089,"Morera","Medio (4 - 8 mts)",100,"Grande",-68.8305070957,-32.8861491849,3,"1",0.185148665048544
44090,"Fresno europeo","Muy bajo (1 - 2 mts)",5,"Chico",-68.8302882502,-32.8861608211,3,"0",0.0420032310177706
44093,"Morera","Medio (4 - 8 mts)",200,"Grande",-68.8286753917,-32.8853074845,3,"0",0.185148665048544
44103,"Morera","Medio (4 - 8 mts)",140,"Grande",-68.8290214277,-32.8861978377,3,"0",0.185148665048544
44107,"Paraiso","Medio (4 - 8 mts)",85,"Grande",-68.8293295266,-32.8851341675,3,"0",0.0859023207481815
44110,"Pltano","Alto (> 8 mts)",340,"Grande",-68.8290456575,-32.8851500102,3,"0",0.0903973509933775
44113,"Morera","Medio (4 - 8 mts)",90,"Grande",-68.8296570411,-32.8861891309,3,"0",0.185148665048544
44116,"Morera","Medio (4 - 8 mts)",45,"Mediano",-68.8293424292,-32.8862015746,3,"0",0.185148665048544
44118,"Fresno europeo","Alto (> 8 mts)",155,"Grande",-68.8360296079,-32.8797118812,1,"0",0.0420032310177706
44121,"Morera","Alto (> 8 mts)",142,"Grande",-68.8357574634,-32.8797256419,1,"0",0.185148665048544
44122,"Fresno europeo","Medio (4 - 8 mts)",120,"Grande",-68.8355838451,-32.8797378058,1,"0",0.0420032310177706
44127,"Morera","Alto (> 8 mts)",148,"Grande",-68.83513096,-32.8795517504,1,"1",0.185148665048544
44128,"Jacarand","Medio (4 - 8 mts)",42,"Mediano",-68.8351150105,-32.8793956337,1,"0",0.103064066852368
44131,"Fresno europeo","Medio (4 - 8 mts)",50,"Mediano",-68.8351035567,-32.879133941,1,"0",0.0420032310177706
44134,"Fresno europeo","Muy bajo (1 - 2 mts)",18,"Chico",-68.8353256397,-32.8787267432,1,"0",0.0420032310177706
44139,"Morera","Medio (4 - 8 mts)",152,"Grande",-68.8350459761,-32.8783748199,1,"1",0.185148665048544
44141,"Morera","Alto (> 8 mts)",190,"Grande",-68.8350391649,-32.8782444261,1,"1",0.185148665048544
44142,"Fresno americano","Alto (> 8 mts)",130,"Grande",-68.8349995939,-32.8778010114,1,"0",0.0512455516014235
44144,"Morera","Alto (> 8 mts)",146,"Grande",-68.8350555267,-32.8785262267,1,"1",0.185148665048544
44146,"Fresno europeo","Alto (> 8 mts)",166,"Grande",-68.8351521463,-32.8786314014,1,"0",0.0420032310177706
44147,"Fresno europeo","Alto (> 8 mts)",104,"Grande",-68.8353362321,-32.8786178146,1,"0",0.0420032310177706
44150,"Fresno europeo","Bajo (2 - 4 mts)",24,"Mediano",-68.8358192429,-32.878587104,1,"0",0.0420032310177706
44156,"Fresno europeo","Medio (4 - 8 mts)",120,"Grande",-68.8350476739,-32.8775960523,1,"0",0.0420032310177706
44160,"Fresno europeo","Muy bajo (1 - 2 mts)",3,"Chico",-68.835431456,-32.8774857172,1,"0",0.0420032310177706
44161,"Fresno europeo","Bajo (2 - 4 mts)",14,"Chico",-68.8353220346,-32.8774852125,1,"0",0.0420032310177706
44162,"Fresno europeo","Medio (4 - 8 mts)",55,"Mediano",-68.8352130362,-32.8774870527,1,"0",0.0420032310177706
44163,"Fresno americano","Alto (> 8 mts)",195,"Grande",-68.8350105158,-32.8775004915,1,"0",0.0512455516014235
44164,"Morera","Alto (> 8 mts)",124,"Grande",-68.8349778819,-32.8774656431,1,"0",0.185148665048544
44167,"Morera","Medio (4 - 8 mts)",115,"Grande",-68.8349465757,-32.8771231513,1,"0",0.185148665048544
44169,"Morera","Alto (> 8 mts)",120,"Grande",-68.8349404776,-32.8770065417,1,"1",0.185148665048544
44170,"Morera","Alto (> 8 mts)",152,"Grande",-68.8349326021,-32.8769316908,1,"0",0.185148665048544
44172,"Morera","Alto (> 8 mts)",143,"Grande",-68.8349132191,-32.8766660264,4,"0",0.185148665048544
44180,"Fresno europeo","Alto (> 8 mts)",60,"Mediano",-68.8339933593,-32.8832442133,3,"0",0.0420032310177706
44181,"Morera","Alto (> 8 mts)",105,"Grande",-68.8339900832,-32.8831672044,3,"0",0.185148665048544
44182,"Morera","Alto (> 8 mts)",150,"Grande",-68.8339880391,-32.8830936913,3,"1",0.185148665048544
44189,"Fresno europeo","Medio (4 - 8 mts)",28,"Mediano",-68.8340481506,-32.8824915307,3,"0",0.0420032310177706
44196,"Acacia SP","Alto (> 8 mts)",135,"Grande",-68.8346590578,-32.8824684792,3,"0",0.150492264416315
44211,"Pltano","Alto (> 8 mts)",75,"Grande",-68.8352425089,-32.8829804988,3,"0",0.0903973509933775
44216,"Pltano","Alto (> 8 mts)",130,"Grande",-68.8352683079,-32.8834496202,3,"0",0.0903973509933775
44222,"Pltano","Alto (> 8 mts)",230,"Grande",-68.8347752708,-32.8835796115,3,"1",0.0903973509933775
44224,"Pltano","Alto (> 8 mts)",250,"Grande",-68.8344605284,-32.8835900112,3,"1",0.0903973509933775
44225,"Pltano","Alto (> 8 mts)",170,"Grande",-68.8343972586,-32.8835918778,3,"0",0.0903973509933775
44230,"Pltano","Alto (> 8 mts)",250,"Grande",-68.8352315286,-32.8836792779,3,"0",0.0903973509933775
44231,"Pltano","Alto (> 8 mts)",210,"Grande",-68.8351846929,-32.8836792099,3,"0",0.0903973509933775
44234,"Pltano","Alto (> 8 mts)",210,"Grande",-68.8347894984,-32.8836829264,3,"0",0.0903973509933775
44238,"Pltano","Alto (> 8 mts)",193,"Grande",-68.8344033894,-32.8836855717,3,"0",0.0903973509933775
44239,"Pltano","Alto (> 8 mts)",220,"Grande",-68.8343308242,-32.8836875495,3,"0",0.0903973509933775
44240,"Pltano","Alto (> 8 mts)",248,"Grande",-68.8342610399,-32.8836882686,3,"0",0.0903973509933775
44241,"Pltano","Alto (> 8 mts)",276,"Grande",-68.8341858053,-32.8836890705,3,"0",0.0903973509933775
44244,"Morera","Alto (> 8 mts)",220,"Grande",-68.834025124,-32.8837801087,3,"1",0.185148665048544
44248,"Morera","Alto (> 8 mts)",140,"Grande",-68.8340464294,-32.8841031231,3,"0",0.185148665048544
44249,"Morera","Alto (> 8 mts)",194,"Grande",-68.8340598385,-32.8841905148,3,"1",0.185148665048544
44252,"Morera","Bajo (2 - 4 mts)",30,"Mediano",-68.8340832787,-32.8844576272,3,"0",0.185148665048544
44255,"Morera","Alto (> 8 mts)",210,"Grande",-68.8340919926,-32.884656011,3,"1",0.185148665048544
44259,"Pltano","Alto (> 8 mts)",295,"Grande",-68.8344817206,-32.8847209082,3,"0",0.0903973509933775
44260,"Pltano","Alto (> 8 mts)",290,"Grande",-68.834561728,-32.8847176156,3,"1",0.0903973509933775
44261,"Pltano","Alto (> 8 mts)",276,"Grande",-68.8346968671,-32.8847078207,3,"0",0.0903973509933775
44262,"Pltano","Alto (> 8 mts)",190,"Grande",-68.8347551134,-32.8847056434,3,"0",0.0903973509933775
44263,"Pltano","Alto (> 8 mts)",180,"Grande",-68.8348399711,-32.8847025094,3,"0",0.0903973509933775
44264,"Pltano","Alto (> 8 mts)",200,"Grande",-68.8349080467,-32.8847016074,3,"0",0.0903973509933775
44266,"Pltano","Alto (> 8 mts)",270,"Grande",-68.8351072578,-32.8846951346,3,"0",0.0903973509933775
44267,"Pltano","Alto (> 8 mts)",210,"Grande",-68.8351818611,-32.8846894621,3,"0",0.0903973509933775
44268,"Pltano","Alto (> 8 mts)",190,"Grande",-68.8352674701,-32.8846846156,3,"1",0.0903973509933775
44274,"Pltano","Alto (> 8 mts)",120,"Grande",-68.835284577,-32.8838136034,3,"0",0.0903973509933775
44278,"Fresno europeo","Medio (4 - 8 mts)",160,"Grande",-68.8359719291,-32.8798138772,1,"0",0.0420032310177706
44285,"Fresno americano","Medio (4 - 8 mts)",116,"Grande",-68.835154971,-32.879934171,1,"0",0.0512455516014235
44289,"Olmo bola","Bajo (2 - 4 mts)",36,"Mediano",-68.8351910536,-32.8804411349,1,"0",0.0231481481481481
44291,"Morera","Medio (4 - 8 mts)",160,"Grande",-68.8352141061,-32.8807164349,1,"0",0.185148665048544
44292,"Morera","Medio (4 - 8 mts)",116,"Grande",-68.8352237292,-32.8808329788,1,"1",0.185148665048544
44295,"Fresno americano","Medio (4 - 8 mts)",100,"Grande",-68.8354833656,-32.8809691155,1,"0",0.0512455516014235
44297,"Fresno europeo","Bajo (2 - 4 mts)",36,"Mediano",-68.8357058805,-32.8809520296,1,"0",0.0420032310177706
44298,"Olmo bola","Alto (> 8 mts)",120,"Grande",-68.835815557,-32.8809417158,1,"0",0.0231481481481481
44302,"Fresno americano","Medio (4 - 8 mts)",160,"Grande",-68.8363563332,-32.880904347,1,"0",0.0512455516014235
44305,"Fresno europeo","Alto (> 8 mts)",140,"Grande",-68.8364838523,-32.8810022753,1,"0",0.0420032310177706
44307,"Fresno europeo","Bajo (2 - 4 mts)",30,"Mediano",-68.8363575849,-32.8810128862,1,"0",0.0420032310177706
44308,"Fresno europeo","Alto (> 8 mts)",140,"Grande",-68.836250546,-32.8810172808,1,"0",0.0420032310177706
44312,"Fresno europeo","Medio (4 - 8 mts)",80,"Grande",-68.8354892673,-32.8810716457,1,"0",0.0420032310177706
44319,"Morera","Alto (> 8 mts)",140,"Grande",-68.8352881779,-32.8818657551,3,"1",0.185148665048544
44320,"Morera","Alto (> 8 mts)",120,"Grande",-68.8353036988,-32.8821418909,3,"1",0.185148665048544
44322,"Pltano","Alto (> 8 mts)",190,"Grande",-68.8353121233,-32.8822670569,3,"0",0.0903973509933775
44325,"Acacia SP","Alto (> 8 mts)",140,"Grande",-68.8355848678,-32.8823093445,3,"0",0.150492264416315
44326,"Morera","Medio (4 - 8 mts)",80,"Grande",-68.8357153751,-32.8823022808,3,"0",0.185148665048544
44327,"Acacia SP","Alto (> 8 mts)",84,"Grande",-68.835796068,-32.882296991,3,"1",0.150492264416315
44328,"Morera","Alto (> 8 mts)",90,"Grande",-68.8359135154,-32.8822865124,3,"0",0.185148665048544
44329,"Morera","Alto (> 8 mts)",130,"Grande",-68.8360687907,-32.882285093,3,"1",0.185148665048544
44332,"Acacia SP","Medio (4 - 8 mts)",100,"Grande",-68.8367678172,-32.8822565471,1,"0",0.150492264416315
44333,"Acacia SP","Alto (> 8 mts)",145,"Grande",-68.8353820577,-32.8824290758,3,"0",0.150492264416315
44337,"Fresno europeo","Medio (4 - 8 mts)",45,"Mediano",-68.8353472662,-32.8828133223,3,"0",0.0420032310177706
44338,"Fresno europeo","Bajo (2 - 4 mts)",35,"Mediano",-68.8353534087,-32.8828959877,3,"0",0.0420032310177706
44339,"Pltano","Alto (> 8 mts)",190,"Grande",-68.8353602884,-32.8829770228,3,"0",0.0903973509933775
44342,"Fresno europeo","Muy bajo (1 - 2 mts)",6,"Chico",-68.8353830548,-32.8835278714,3,"0",0.0420032310177706
44343,"Pltano","Alto (> 8 mts)",180,"Grande",-68.8354466411,-32.8835616991,3,"1",0.0903973509933775
44344,"Pltano","Alto (> 8 mts)",220,"Grande",-68.8356078301,-32.8835535767,3,"0",0.0903973509933775
44346,"Fresno americano","Medio (4 - 8 mts)",115,"Grande",-68.835886932,-32.8835482157,3,"0",0.0512455516014235
44348,"Pltano","Alto (> 8 mts)",280,"Grande",-68.8361688228,-32.8835348597,3,"1",0.0903973509933775
44349,"Morera","Medio (4 - 8 mts)",70,"Grande",-68.8362391889,-32.8835320863,3,"0",0.185148665048544
44350,"Pltano","Alto (> 8 mts)",200,"Grande",-68.8363341195,-32.8835308165,3,"1",0.0903973509933775
44352,"Pltano","Alto (> 8 mts)",175,"Grande",-68.8365128491,-32.8835244454,3,"0",0.0903973509933775
44358,"Pltano","Alto (> 8 mts)",220,"Grande",-68.8369569449,-32.8835046207,3,"0",0.0903973509933775
44361,"Fresno europeo","Bajo (2 - 4 mts)",25,"Mediano",-68.8368362791,-32.8823465226,1,"0",0.0420032310177706
44363,"Morera","Alto (> 8 mts)",130,"Grande",-68.8365697263,-32.8823614258,1,"0",0.185148665048544
44364,"Acacia SP","Alto (> 8 mts)",168,"Grande",-68.8364421842,-32.8823732678,1,"1",0.150492264416315
44365,"Fresno europeo","Alto (> 8 mts)",190,"Grande",-68.8363245285,-32.882377873,1,"1",0.0420032310177706
44366,"Olmo comun","Medio (4 - 8 mts)",75,"Grande",-68.8360914925,-32.8823920896,3,"0",0.0227272727272727
44367,"Acacia SP","Alto (> 8 mts)",195,"Grande",-68.8360183355,-32.8823957258,3,"1",0.150492264416315
44375,"Fresno europeo","Alto (> 8 mts)",110,"Grande",-68.8368031987,-32.8853876107,3,"0",0.0420032310177706
44377,"Fresno europeo","Alto (> 8 mts)",190,"Grande",-68.8368016406,-32.8852698414,3,"1",0.0420032310177706
44380,"Fresno europeo","Alto (> 8 mts)",148,"Grande",-68.8367915702,-32.885050176,3,"1",0.0420032310177706
44382,"Fresno europeo","Alto (> 8 mts)",142,"Grande",-68.8367764549,-32.8849010164,3,"1",0.0420032310177706
44387,"Pltano","Alto (> 8 mts)",165,"Grande",-68.8369894003,-32.8846893063,3,"0",0.0903973509933775
44392,"Morera","Medio (4 - 8 mts)",152,"Grande",-68.8374207062,-32.884660414,3,"1",0.185148665048544
44394,"Pltano","Alto (> 8 mts)",200,"Grande",-68.8377862077,-32.8847418289,3,"0",0.0903973509933775
44395,"Pltano","Alto (> 8 mts)",182,"Grande",-68.8378132409,-32.8848613382,3,"0",0.0903973509933775
44396,"Pltano","Alto (> 8 mts)",210,"Grande",-68.8378405522,-32.8849455917,3,"0",0.0903973509933775
44398,"Pltano","Alto (> 8 mts)",245,"Grande",-68.8378771122,-32.8851153375,3,"0",0.0903973509933775
44404,"Pltano","Alto (> 8 mts)",150,"Grande",-68.8380032233,-32.8856394742,3,"0",0.0903973509933775
44406,"Morera","Alto (> 8 mts)",148,"Grande",-68.8380416413,-32.8857868605,3,"1",0.185148665048544
44411,"Fresno europeo","Bajo (2 - 4 mts)",33,"Mediano",-68.8373941979,-32.8858664513,3,"0",0.0420032310177706
44416,"Morera","Medio (4 - 8 mts)",105,"Grande",-68.8368222626,-32.8857964564,3,"0",0.185148665048544
44417,"Fresno europeo","Medio (4 - 8 mts)",60,"Mediano",-68.8368167275,-32.8856922947,3,"0",0.0420032310177706
44418,"Morera","Alto (> 8 mts)",220,"Grande",-68.836759783,-32.8844933396,3,"1",0.185148665048544
44421,"Fresno europeo","Medio (4 - 8 mts)",130,"Grande",-68.8367504636,-32.8842722325,3,"0",0.0420032310177706
44422,"Fresno americano","Medio (4 - 8 mts)",100,"Grande",-68.8367374965,-32.8840588752,3,"0",0.0512455516014235
44433,"Pltano","Alto (> 8 mts)",120,"Grande",-68.8371324661,-32.8835947481,3,"0",0.0903973509933775
44440,"Tipa","Alto (> 8 mts)",220,"Grande",-68.8375064896,-32.883772868,3,"0",0.101123595505618
44441,"Tipa","Alto (> 8 mts)",273,"Grande",-68.8375550618,-32.8840354138,3,"1",0.101123595505618
44447,"Pltano","Alto (> 8 mts)",230,"Grande",-68.8373164137,-32.8845711596,3,"0",0.0903973509933775
44450,"Pltano","Alto (> 8 mts)",275,"Grande",-68.8370869522,-32.8845818615,3,"0",0.0903973509933775
44452,"Pltano","Alto (> 8 mts)",280,"Grande",-68.8369343318,-32.8845902287,3,"0",0.0903973509933775
44458,"Morera","Medio (4 - 8 mts)",110,"Grande",-68.8357265462,-32.883653954,3,"1",0.185148665048544
44459,"Pltano","Alto (> 8 mts)",240,"Grande",-68.8357882091,-32.8836530431,3,"1",0.0903973509933775
44460,"Pltano","Alto (> 8 mts)",320,"Grande",-68.8359672213,-32.8836459743,3,"1",0.0903973509933775
44461,"Pltano","Alto (> 8 mts)",240,"Grande",-68.8360405384,-32.8836418325,3,"1",0.0903973509933775
44470,"Fresno europeo","Medio (4 - 8 mts)",100,"Grande",-68.8366078872,-32.8838156999,3,"0",0.0420032310177706
44472,"Fresno europeo","Medio (4 - 8 mts)",120,"Grande",-68.8366134771,-32.8840307608,3,"0",0.0420032310177706
44474,"Fresno europeo","Medio (4 - 8 mts)",100,"Grande",-68.8366256989,-32.8843006533,3,"0",0.0420032310177706
44478,"Pltano","Alto (> 8 mts)",220,"Grande",-68.836575184,-32.884617634,3,"0",0.0903973509933775
44482,"Pltano","Alto (> 8 mts)",220,"Grande",-68.8360693661,-32.8846426585,3,"0",0.0903973509933775
44485,"Pltano","Alto (> 8 mts)",210,"Grande",-68.8356844059,-32.8846575723,3,"0",0.0903973509933775
44487,"Pltano","Alto (> 8 mts)",190,"Grande",-68.835514613,-32.884662394,3,"0",0.0903973509933775
44489,"Pltano","Alto (> 8 mts)",220,"Grande",-68.8354388458,-32.8845895323,3,"0",0.0903973509933775
44490,"Pltano","Alto (> 8 mts)",140,"Grande",-68.8354362657,-32.884540026,3,"0",0.0903973509933775
44491,"Pltano","Alto (> 8 mts)",230,"Grande",-68.8354316318,-32.8843874536,3,"0",0.0903973509933775
44492,"Pltano","Alto (> 8 mts)",220,"Grande",-68.8354255944,-32.8843004324,3,"1",0.0903973509933775
44493,"Pltano","Alto (> 8 mts)",220,"Grande",-68.835420389,-32.8842258556,3,"1",0.0903973509933775
44498,"Fresno europeo","Muy bajo (1 - 2 mts)",8,"Chico",-68.8354016097,-32.8838632604,3,"0",0.0420032310177706
44499,"Pltano","Alto (> 8 mts)",190,"Grande",-68.8353968925,-32.8837557725,3,"0",0.0903973509933775
44501,"Fresno americano","Medio (4 - 8 mts)",155,"Grande",-68.8366370888,-32.8858918346,3,"0",0.0512455516014235
44509,"Fresno europeo","Alto (> 8 mts)",120,"Grande",-68.8359133455,-32.8859160939,3,"0",0.0420032310177706
44510,"Fresno europeo","Medio (4 - 8 mts)",30,"Mediano",-68.8358129926,-32.8859182165,3,"0",0.0420032310177706
44511,"Fresno americano","Alto (> 8 mts)",150,"Grande",-68.8357157429,-32.8859181789,3,"0",0.0512455516014235
44517,"Pltano","Alto (> 8 mts)",165,"Grande",-68.8354893009,-32.8856565177,3,"0",0.0903973509933775
44518,"Pltano","Alto (> 8 mts)",280,"Grande",-68.8354820431,-32.8855798292,3,"1",0.0903973509933775
44520,"Pltano","Alto (> 8 mts)",170,"Grande",-68.8354742949,-32.8854157093,3,"1",0.0903973509933775
44521,"Pltano","Alto (> 8 mts)",250,"Grande",-68.8354630556,-32.885309926,3,"1",0.0903973509933775
44523,"Pltano","Alto (> 8 mts)",195,"Grande",-68.8354560019,-32.8851367017,3,"0",0.0903973509933775
44525,"Caducifolio","Muy bajo (1 - 2 mts)",8,"Chico",-68.8354498244,-32.88500982,3,"0",0.0512249443207127
44526,"Pltano","Alto (> 8 mts)",195,"Grande",-68.8354469673,-32.8849366945,3,"1",0.0903973509933775
44531,"Pltano","Alto (> 8 mts)",210,"Grande",-68.8357366194,-32.8847452402,3,"1",0.0903973509933775
44535,"Pltano","Alto (> 8 mts)",200,"Grande",-68.8361632473,-32.8847250799,3,"0",0.0903973509933775
44540,"Pltano","Alto (> 8 mts)",195,"Grande",-68.8365861569,-32.8847073531,3,"0",0.0903973509933775
44543,"Fresno europeo","Medio (4 - 8 mts)",90,"Grande",-68.8366629642,-32.8849000567,3,"1",0.0420032310177706
44550,"Fresno europeo","Medio (4 - 8 mts)",130,"Grande",-68.8366891161,-32.8854992653,3,"0",0.0420032310177706
44551,"Fresno europeo","Medio (4 - 8 mts)",88,"Grande",-68.8366827414,-32.8855954675,3,"0",0.0420032310177706
44553,"Fresno europeo","Alto (> 8 mts)",140,"Grande",-68.836699848,-32.8857077505,3,"1",0.0420032310177706
44556,"Morera","Muy bajo (1 - 2 mts)",16,"Chico",-68.8341517538,-32.8859345922,3,"0",0.185148665048544
44558,"Morera","Alto (> 8 mts)",180,"Grande",-68.8341458892,-32.8858219919,3,"0",0.185148665048544
44564,"Morera","Muy bajo (1 - 2 mts)",6,"Chico",-68.8341124907,-32.8851808446,3,"0",0.185148665048544
44565,"Morera","Alto (> 8 mts)",230,"Grande",-68.8341051179,-32.8851229462,3,"0",0.185148665048544
44566,"Morera","Alto (> 8 mts)",180,"Grande",-68.8340973579,-32.8850485887,3,"1",0.185148665048544
44567,"Ailanthus","Muy bajo (1 - 2 mts)",4,"Chico",-68.8340971221,-32.8850001964,3,"0",0.0380952380952381
44572,"Pltano","Alto (> 8 mts)",170,"Grande",-68.8343828082,-32.8848271895,3,"0",0.0903973509933775
44573,"Pltano","Alto (> 8 mts)",185,"Grande",-68.8344984048,-32.8848231371,3,"0",0.0903973509933775
44574,"Pltano","Alto (> 8 mts)",220,"Grande",-68.8345810175,-32.8848205413,3,"0",0.0903973509933775
44575,"Pltano","Alto (> 8 mts)",195,"Grande",-68.8346502742,-32.8848166654,3,"1",0.0903973509933775
44579,"Pltano","Alto (> 8 mts)",195,"Grande",-68.8350402778,-32.8847916752,3,"0",0.0903973509933775
44580,"Pltano","Alto (> 8 mts)",190,"Grande",-68.8351188365,-32.884789374,3,"1",0.0903973509933775
44583,"Pltano","Alto (> 8 mts)",135,"Grande",-68.8353382643,-32.8848316846,3,"0",0.0903973509933775
44584,"Morera","Medio (4 - 8 mts)",100,"Grande",-68.8353416048,-32.8849323178,3,"0",0.185148665048544
44587,"Caducifolio","Muy bajo (1 - 2 mts)",3,"Chico",-68.8353434819,-32.8851718169,3,"0",0.0512249443207127
44594,"Pltano","Alto (> 8 mts)",190,"Grande",-68.8353731562,-32.885900957,3,"0",0.0903973509933775
44596,"Fresno europeo","Muy bajo (1 - 2 mts)",4,"Chico",-68.8352515313,-32.8859371404,3,"0",0.0420032310177706
44597,"Fresno americano","Medio (4 - 8 mts)",150,"Grande",-68.8351553959,-32.8859378271,3,"0",0.0512455516014235
44599,"Fresno americano","Alto (> 8 mts)",175,"Grande",-68.8349969906,-32.8859454566,3,"0",0.0512455516014235
44600,"Fresno americano","Alto (> 8 mts)",250,"Grande",-68.8348360398,-32.8859576866,3,"0",0.0512455516014235
44603,"Fresno europeo","Bajo (2 - 4 mts)",20,"Chico",-68.8345604099,-32.8859670605,3,"0",0.0420032310177706
44604,"Fresno europeo","Medio (4 - 8 mts)",60,"Mediano",-68.8344144197,-32.8859716463,3,"0",0.0420032310177706
44606,"Fresno americano","Medio (4 - 8 mts)",170,"Grande",-68.8342154294,-32.8859728254,3,"0",0.0512455516014235
44614,"Morera","Alto (> 8 mts)",190,"Grande",-68.8226464091,-32.8667759371,4,"0",0.185148665048544
44615,"Morera","Alto (> 8 mts)",150,"Grande",-68.8228873783,-32.8672179401,4,"0",0.185148665048544
44616,"Morera","Alto (> 8 mts)",122,"Grande",-68.8229734438,-32.8672150061,4,"1",0.185148665048544
44618,"Paraiso","Medio (4 - 8 mts)",120,"Grande",-68.8231166249,-32.8672108805,4,"0",0.0859023207481815
44619,"Morera","Alto (> 8 mts)",128,"Grande",-68.8231615024,-32.8672096815,4,"0",0.185148665048544
44621,"Prunas","Medio (4 - 8 mts)",43,"Mediano",-68.8237621437,-32.8671777976,4,"0",0.0321782178217822
44622,"Morera","Alto (> 8 mts)",150,"Grande",-68.8239287278,-32.8671716302,4,"1",0.185148665048544
44624,"Morera","Alto (> 8 mts)",128,"Grande",-68.8240441893,-32.8671369872,4,"1",0.185148665048544
44628,"Fresno europeo","Medio (4 - 8 mts)",118,"Grande",-68.8240151184,-32.8668839976,4,"0",0.0420032310177706
44629,"Fresno europeo","Medio (4 - 8 mts)",128,"Grande",-68.824009516,-32.8668404613,4,"0",0.0420032310177706
44632,"Fresno europeo","Alto (> 8 mts)",120,"Grande",-68.8239896348,-32.8666281744,4,"0",0.0420032310177706
44643,"Morera","Alto (> 8 mts)",195,"Grande",-68.8232286049,-32.8665718564,4,"1",0.185148665048544
44645,"Morera","Alto (> 8 mts)",180,"Grande",-68.8230213833,-32.8665770196,4,"0",0.185148665048544
44649,"Morera","Alto (> 8 mts)",132,"Grande",-68.8228879846,-32.866558181,4,"0",0.185148665048544
44654,"Fresno europeo","Medio (4 - 8 mts)",145,"Grande",-68.8227858093,-32.8678177557,4,"1",0.0420032310177706
44657,"Fresno europeo","Alto (> 8 mts)",195,"Grande",-68.8227590804,-32.8675992815,4,"0",0.0420032310177706
44658,"Fresno europeo","Alto (> 8 mts)",170,"Grande",-68.8227487492,-32.867544103,4,"0",0.0420032310177706
44659,"Morera","Medio (4 - 8 mts)",115,"Grande",-68.8227392413,-32.8674897174,4,"1",0.185148665048544
44661,"Morera","Medio (4 - 8 mts)",130,"Grande",-68.8240706346,-32.867866946,4,"0",0.185148665048544
44662,"Morera","Alto (> 8 mts)",112,"Grande",-68.8239989349,-32.8678699109,4,"0",0.185148665048544
44666,"Morera","Alto (> 8 mts)",127,"Grande",-68.8236612635,-32.8678887317,4,"0",0.185148665048544
44670,"Paraiso","Alto (> 8 mts)",210,"Grande",-68.8232540332,-32.8679052892,4,"1",0.0859023207481815
44671,"Paraiso","Alto (> 8 mts)",155,"Grande",-68.8231911,-32.8679088972,4,"1",0.0859023207481815
44673,"Morera","Alto (> 8 mts)",170,"Grande",-68.8229955561,-32.8679165556,4,"0",0.185148665048544
44674,"Morera","Alto (> 8 mts)",64,"Grande",-68.8229357193,-32.8679180038,4,"0",0.185148665048544
44678,"Fresno europeo","Alto (> 8 mts)",138,"Grande",-68.8240735333,-32.867463789,4,"0",0.0420032310177706
44681,"Morera","Medio (4 - 8 mts)",61,"Grande",-68.8240518872,-32.8673054021,4,"0",0.185148665048544
44685,"Morera","Bajo (2 - 4 mts)",16,"Chico",-68.8239289814,-32.8672871502,4,"0",0.185148665048544
44689,"Morera","Alto (> 8 mts)",155,"Grande",-68.8236696856,-32.8672983997,4,"0",0.185148665048544
44693,"Morera","Medio (4 - 8 mts)",195,"Grande",-68.8234089927,-32.8673115673,4,"1",0.185148665048544
44694,"Morera","Alto (> 8 mts)",220,"Grande",-68.8233153914,-32.867316583,4,"0",0.185148665048544
44696,"Paraiso","Medio (4 - 8 mts)",30,"Mediano",-68.8232346575,-32.8673237492,4,"1",0.0859023207481815
44697,"Paraiso","Medio (4 - 8 mts)",28,"Mediano",-68.8232016038,-32.8673086442,4,"1",0.0859023207481815
44698,"Paraiso","Medio (4 - 8 mts)",60,"Mediano",-68.8231579652,-32.8673155111,4,"1",0.0859023207481815
44699,"Morera","Alto (> 8 mts)",195,"Grande",-68.8230227945,-32.8673194705,4,"0",0.185148665048544
44701,"Morera","Alto (> 8 mts)",175,"Grande",-68.8228162606,-32.8673292987,4,"1",0.185148665048544
44703,"Fresno europeo","Alto (> 8 mts)",140,"Grande",-68.8228782891,-32.8685561273,4,"0",0.0420032310177706
44713,"Morera","Alto (> 8 mts)",170,"Grande",-68.823036765,-32.8680379387,4,"0",0.185148665048544
44714,"Caducifolio","Medio (4 - 8 mts)",43,"Mediano",-68.8230813343,-32.868036073,4,"1",0.0512249443207127
44719,"Paraiso","Alto (> 8 mts)",80,"Grande",-68.823607325,-32.8680119885,4,"0",0.0859023207481815
44720,"Morera","Alto (> 8 mts)",70,"Grande",-68.8236654408,-32.868009873,4,"0",0.185148665048544
44721,"Paraiso sombrilla","Medio (4 - 8 mts)",130,"Grande",-68.8237207607,-32.8680087264,4,"0",0.022887323943662
44722,"Morera","Alto (> 8 mts)",180,"Grande",-68.8238132166,-32.8680056665,4,"0",0.185148665048544
44724,"Morera","Alto (> 8 mts)",140,"Grande",-68.8239771302,-32.8679973158,4,"1",0.185148665048544
44730,"Fresno europeo","Medio (4 - 8 mts)",120,"Grande",-68.8241407694,-32.8681268147,4,"0",0.0420032310177706
44731,"Morera","Alto (> 8 mts)",180,"Grande",-68.8241519787,-32.8682058558,4,"0",0.185148665048544
44732,"Morera","Alto (> 8 mts)",150,"Grande",-68.8241664354,-32.868308011,4,"0",0.185148665048544
44735,"Morera","Medio (4 - 8 mts)",70,"Grande",-68.824191322,-32.868495391,4,"0",0.185148665048544
44738,"Morera","Alto (> 8 mts)",165,"Grande",-68.8240572193,-32.8686545571,4,"0",0.185148665048544
44740,"Morera","Alto (> 8 mts)",180,"Grande",-68.8238969404,-32.8686586597,4,"1",0.185148665048544
44741,"Morera","Alto (> 8 mts)",105,"Grande",-68.8238180938,-32.8686574766,4,"0",0.185148665048544
44744,"Morera","Alto (> 8 mts)",160,"Grande",-68.8235646498,-32.8686565685,4,"0",0.185148665048544
44745,"Morera","Alto (> 8 mts)",140,"Grande",-68.8235069498,-32.8686578396,4,"0",0.185148665048544
44748,"Morera","Alto (> 8 mts)",220,"Grande",-68.8233391968,-32.8686593161,4,"0",0.185148665048544
44751,"Morera","Bajo (2 - 4 mts)",85,"Grande",-68.8231201625,-32.8686581049,4,"0",0.185148665048544
44753,"Fresno europeo","Bajo (2 - 4 mts)",30,"Mediano",-68.8229780711,-32.8686584801,4,"0",0.0420032310177706
44754,"Fresno europeo","Medio (4 - 8 mts)",118,"Grande",-68.8242403431,-32.8689857363,4,"0",0.0420032310177706
44759,"Morera","Alto (> 8 mts)",170,"Grande",-68.8240955706,-32.8687662408,4,"0",0.185148665048544
44761,"Morera","Alto (> 8 mts)",190,"Grande",-68.8238593245,-32.8687696053,4,"0",0.185148665048544
44764,"Morera","Alto (> 8 mts)",110,"Grande",-68.8236317354,-32.8687718094,4,"0",0.185148665048544
44768,"Morera","Alto (> 8 mts)",97,"Grande",-68.8233559254,-32.8687749134,4,"0",0.185148665048544
44769,"Morera","Alto (> 8 mts)",95,"Grande",-68.8233048838,-32.8687746845,4,"0",0.185148665048544
44772,"Morera","Alto (> 8 mts)",158,"Grande",-68.8230568933,-32.8687736126,4,"0",0.185148665048544
44773,"Morera","Alto (> 8 mts)",160,"Grande",-68.8229976107,-32.8687727839,4,"0",0.185148665048544
44781,"Fresno europeo","Medio (4 - 8 mts)",60,"Mediano",-68.8241637014,-32.869435033,4,"0",0.0420032310177706
44782,"Fresno europeo","Bajo (2 - 4 mts)",25,"Mediano",-68.8240454269,-32.8694328766,4,"0",0.0420032310177706
44783,"Morera","Alto (> 8 mts)",154,"Grande",-68.8239892078,-32.8694322854,4,"0",0.185148665048544
44784,"Fresno europeo","Medio (4 - 8 mts)",55,"Mediano",-68.8239304399,-32.8694330142,4,"0",0.0420032310177706
44785,"Olmo comun","Alto (> 8 mts)",205,"Grande",-68.8238722694,-32.8694320604,4,"0",0.0227272727272727
44797,"Olmo bola","Medio (4 - 8 mts)",63,"Grande",-68.8242738488,-32.8693332963,4,"0",0.0231481481481481
44800,"Morera","Alto (> 8 mts)",165,"Grande",-68.8240404182,-32.8701284427,4,"0",0.185148665048544
44802,"Morera","Alto (> 8 mts)",220,"Grande",-68.8237220044,-32.870130429,4,"0",0.185148665048544
44806,"Morera","Alto (> 8 mts)",168,"Grande",-68.8232883326,-32.8701346033,4,"0",0.185148665048544
44808,"Fresno europeo","Medio (4 - 8 mts)",75,"Grande",-68.8230852187,-32.8701132996,4,"0",0.0420032310177706
44809,"Fresno europeo","Medio (4 - 8 mts)",180,"Grande",-68.8230768024,-32.8700470132,4,"0",0.0420032310177706
44811,"Fresno europeo","Medio (4 - 8 mts)",85,"Grande",-68.8230642467,-32.8699129992,4,"0",0.0420032310177706
44812,"Fresno europeo","Medio (4 - 8 mts)",130,"Grande",-68.8230558153,-32.8698543816,4,"0",0.0420032310177706
44815,"Fresno europeo","Medio (4 - 8 mts)",100,"Grande",-68.8230231329,-32.8696325187,4,"0",0.0420032310177706
44817,"Morera","Alto (> 8 mts)",150,"Grande",-68.8230852405,-32.8695642581,4,"1",0.185148665048544
44818,"Morera","Alto (> 8 mts)",100,"Grande",-68.8232091816,-32.8695656957,4,"0",0.185148665048544
44820,"Morera","Alto (> 8 mts)",120,"Grande",-68.8235757895,-32.8695599014,4,"1",0.185148665048544
44825,"Conifera","Medio (4 - 8 mts)",47,"Mediano",-68.8243065073,-32.8696169899,4,"1",0.021505376344086
44827,"Morera","Medio (4 - 8 mts)",53,"Mediano",-68.824329822,-32.8698503126,4,"0",0.185148665048544
44831,"Morera","Alto (> 8 mts)",180,"Grande",-68.8252901978,-32.867093739,4,"0",0.185148665048544
44834,"Morera","Alto (> 8 mts)",90,"Grande",-68.8249705868,-32.8671124081,4,"1",0.185148665048544
44842,"Fresno europeo","Medio (4 - 8 mts)",98,"Grande",-68.8242162973,-32.8671470576,4,"0",0.0420032310177706
44845,"Fresno europeo","Alto (> 8 mts)",130,"Grande",-68.8241620783,-32.8669550107,4,"0",0.0420032310177706
44847,"Fresno europeo","Medio (4 - 8 mts)",90,"Grande",-68.8241537564,-32.8668406641,4,"0",0.0420032310177706
44848,"Fresno europeo","Medio (4 - 8 mts)",120,"Grande",-68.8241476283,-32.8667515681,4,"0",0.0420032310177706
44849,"Fresno europeo","Medio (4 - 8 mts)",90,"Grande",-68.8241345024,-32.8666433382,4,"0",0.0420032310177706
44854,"Morera","Alto (> 8 mts)",130,"Grande",-68.8244716797,-32.8665393134,4,"0",0.185148665048544
44855,"Morera","Alto (> 8 mts)",135,"Grande",-68.8245154878,-32.866538383,4,"0",0.185148665048544
44859,"Morera","Alto (> 8 mts)",160,"Grande",-68.8250587873,-32.8665286834,4,"1",0.185148665048544
44870,"Paraiso","Medio (4 - 8 mts)",210,"Grande",-68.8252106851,-32.8678118275,4,"0",0.0859023207481815
44871,"Morera","Bajo (2 - 4 mts)",86,"Grande",-68.8251338564,-32.8678150564,4,"0",0.185148665048544
44872,"Morera","Medio (4 - 8 mts)",173,"Grande",-68.8249777345,-32.8678250272,4,"0",0.185148665048544
44874,"Morera","Medio (4 - 8 mts)",180,"Grande",-68.8248163838,-32.8678316543,4,"0",0.185148665048544
44876,"Morera","Medio (4 - 8 mts)",130,"Grande",-68.8246603811,-32.867835313,4,"0",0.185148665048544
44877,"Morera","Medio (4 - 8 mts)",269,"Grande",-68.8245835488,-32.867840345,4,"0",0.185148665048544
44878,"Paraiso","Medio (4 - 8 mts)",205,"Grande",-68.8245396332,-32.8678412752,4,"0",0.0859023207481815
44879,"Morera","Medio (4 - 8 mts)",280,"Grande",-68.8244135485,-32.8678444346,4,"0",0.185148665048544
44882,"Fresno europeo","Medio (4 - 8 mts)",108,"Grande",-68.8242492069,-32.8677422222,4,"0",0.0420032310177706
44887,"Fresno americano","Bajo (2 - 4 mts)",15,"Chico",-68.8242093933,-32.867342896,4,"0",0.0512455516014235
44888,"Morera","Medio (4 - 8 mts)",126,"Grande",-68.8242063018,-32.8672851832,4,"0",0.185148665048544
44892,"Fresno europeo","Alto (> 8 mts)",135,"Grande",-68.8245313169,-32.8672355053,4,"0",0.0420032310177706
44895,"Fresno europeo","Medio (4 - 8 mts)",115,"Grande",-68.8247289961,-32.8672278475,4,"0",0.0420032310177706
44896,"Morera","Medio (4 - 8 mts)",65,"Grande",-68.8248026158,-32.8672262374,4,"0",0.185148665048544
44899,"Morera","Medio (4 - 8 mts)",95,"Grande",-68.8250216845,-32.8672081494,4,"0",0.185148665048544
44900,"Morera","Medio (4 - 8 mts)",100,"Grande",-68.8251060991,-32.8672047508,4,"0",0.185148665048544
44902,"Acer","Alto (> 8 mts)",156,"Grande",-68.8252999611,-32.8672235344,4,"0",0.0204081632653061
44903,"Morera","Alto (> 8 mts)",147,"Grande",-68.8254083936,-32.8672445771,4,"1",0.185148665048544
44904,"Morera","Alto (> 8 mts)",109,"Grande",-68.8254366568,-32.8673408869,4,"0",0.185148665048544
44906,"Morera","Alto (> 8 mts)",140,"Grande",-68.8254292139,-32.8675246725,4,"0",0.185148665048544
44907,"Morera","Alto (> 8 mts)",108,"Grande",-68.8254418753,-32.8676063837,4,"0",0.185148665048544
44910,"Morera","Alto (> 8 mts)",180,"Grande",-68.8248482087,-32.8679481076,4,"1",0.185148665048544
44912,"Morera","Alto (> 8 mts)",200,"Grande",-68.8250683806,-32.8679366648,4,"1",0.185148665048544
44914,"Morera","Alto (> 8 mts)",145,"Grande",-68.8252254157,-32.8679279863,4,"0",0.185148665048544
44917,"Morera","Alto (> 8 mts)",180,"Grande",-68.8254171573,-32.8679206185,4,"0",0.185148665048544
44918,"Morera","Alto (> 8 mts)",170,"Grande",-68.8254881635,-32.8679760528,4,"1",0.185148665048544
44920,"Morera","Alto (> 8 mts)",160,"Grande",-68.825503759,-32.86814996,4,"1",0.185148665048544
44923,"Morera","Alto (> 8 mts)",100,"Grande",-68.8255320997,-32.8684125729,4,"1",0.185148665048544
44927,"Morera","Medio (4 - 8 mts)",165,"Grande",-68.8254184703,-32.8686453734,4,"0",0.185148665048544
44929,"Morera","Alto (> 8 mts)",148,"Grande",-68.8253061187,-32.8686468008,4,"0",0.185148665048544
44931,"Paraiso","Alto (> 8 mts)",165,"Grande",-68.825148975,-32.8686469988,4,"1",0.0859023207481815
44934,"Morera","Alto (> 8 mts)",130,"Grande",-68.824933377,-32.8686490236,4,"1",0.185148665048544
44937,"Morera","Medio (4 - 8 mts)",80,"Grande",-68.8247218164,-32.8686506209,4,"0",0.185148665048544
44940,"Morera","Medio (4 - 8 mts)",122,"Grande",-68.8244226224,-32.868661743,4,"1",0.185148665048544
44941,"Morera","Alto (> 8 mts)",180,"Grande",-68.8243329582,-32.8686174341,4,"1",0.185148665048544
44942,"Fresno europeo","Alto (> 8 mts)",120,"Grande",-68.8243341628,-32.8685483661,4,"0",0.0420032310177706
44949,"Morera","Medio (4 - 8 mts)",95,"Grande",-68.8244954838,-32.8679641215,4,"1",0.185148665048544
44950,"Morera","Alto (> 8 mts)",135,"Grande",-68.8246003021,-32.8679598429,4,"1",0.185148665048544
44952,"Morera","Alto (> 8 mts)",120,"Grande",-68.824769641,-32.8679504718,4,"1",0.185148665048544
44953,"Morera","Medio (4 - 8 mts)",122,"Grande",-68.8252259382,-32.8687509635,4,"0",0.185148665048544
44954,"Fresno europeo","Medio (4 - 8 mts)",72,"Grande",-68.8252967678,-32.868750167,4,"0",0.0420032310177706
44955,"Morera","Medio (4 - 8 mts)",280,"Grande",-68.8254132068,-32.8687485388,4,"1",0.185148665048544
44959,"Olmo comun","Medio (4 - 8 mts)",136,"Grande",-68.8256034297,-32.8691330873,4,"0",0.0227272727272727
44960,"Morera","Alto (> 8 mts)",212,"Grande",-68.8256107851,-32.8691963965,4,"0",0.185148665048544
44968,"Paraiso","Alto (> 8 mts)",110,"Grande",-68.8250772699,-32.869426305,4,"0",0.0859023207481815
44969,"Paraiso","Alto (> 8 mts)",260,"Grande",-68.8250058665,-32.8694268218,4,"0",0.0859023207481815
44971,"Morera","Medio (4 - 8 mts)",220,"Grande",-68.8247306868,-32.8694305952,4,"1",0.185148665048544
44978,"Fresno americano","Medio (4 - 8 mts)",136,"Grande",-68.8244054961,-32.869219507,4,"0",0.0512455516014235
44981,"Fresno europeo","Medio (4 - 8 mts)",123,"Grande",-68.8243877655,-32.8689995589,4,"0",0.0420032310177706
44986,"Olmo comun","Bajo (2 - 4 mts)",180,"Grande",-68.8246115465,-32.8687610141,4,"0",0.0227272727272727
44987,"Morera","Medio (4 - 8 mts)",200,"Grande",-68.8247146805,-32.8687612172,4,"0",0.185148665048544
44990,"Paraiso","Alto (> 8 mts)",3,"Chico",-68.8249327229,-32.8687556976,4,"1",0.0859023207481815
44991,"Morera","Medio (4 - 8 mts)",200,"Grande",-68.825017187,-32.8687555489,4,"0",0.185148665048544
44993,"Morera","Medio (4 - 8 mts)",200,"Grande",-68.8251281763,-32.8687514481,4,"1",0.185148665048544
44995,"Paraiso","Alto (> 8 mts)",200,"Grande",-68.8244807993,-32.8699277591,4,"0",0.0859023207481815
44999,"Prunas","Muy bajo (1 - 2 mts)",16,"Chico",-68.8244479991,-32.8695871216,4,"0",0.0321782178217822
45005,"Fresno europeo","Medio (4 - 8 mts)",120,"Grande",-68.8248141135,-32.8695296315,4,"0",0.0420032310177706
45008,"Morera","Alto (> 8 mts)",155,"Grande",-68.8249809076,-32.8695276108,4,"1",0.185148665048544
45009,"Fresno europeo","Medio (4 - 8 mts)",125,"Grande",-68.8250628934,-32.8695286497,4,"0",0.0420032310177706
45011,"Morera","Medio (4 - 8 mts)",125,"Grande",-68.8252361712,-32.8695259839,4,"0",0.185148665048544
45013,"Fresno europeo","Bajo (2 - 4 mts)",40,"Mediano",-68.8253729427,-32.869523019,4,"0",0.0420032310177706
45016,"Morera","Alto (> 8 mts)",150,"Grande",-68.8255574885,-32.869521547,4,"1",0.185148665048544
45019,"Morera","Alto (> 8 mts)",160,"Grande",-68.8256685508,-32.8697077376,4,"1",0.185148665048544
45021,"Morera","Alto (> 8 mts)",155,"Grande",-68.8256832269,-32.8698522094,4,"1",0.185148665048544
45022,"Morera","Alto (> 8 mts)",130,"Grande",-68.825690702,-32.8699090265,4,"0",0.185148665048544
45027,"Caducifolio","Muy bajo (1 - 2 mts)",3,"Chico",-68.8254698352,-32.8701080173,4,"0",0.0512249443207127
45032,"Morera","Alto (> 8 mts)",140,"Grande",-68.8250800852,-32.8701147523,4,"1",0.185148665048544
45041,"Morera","Muy bajo (1 - 2 mts)",45,"Mediano",-68.8220654049,-32.8702629121,4,"1",0.185148665048544
45042,"Morera","Alto (> 8 mts)",122,"Grande",-68.8221254191,-32.8702617099,4,"1",0.185148665048544
45044,"Fresno europeo","Medio (4 - 8 mts)",78,"Grande",-68.8222589878,-32.8702580224,4,"0",0.0420032310177706
45045,"Morera","Alto (> 8 mts)",155,"Grande",-68.8223134838,-32.870256567,4,"0",0.185148665048544
45046,"Morera","Alto (> 8 mts)",165,"Grande",-68.8223893496,-32.8702550517,4,"0",0.185148665048544
45047,"Morera","Medio (4 - 8 mts)",48,"Mediano",-68.8224961172,-32.8702508994,4,"0",0.185148665048544
45048,"Acacia SP","Medio (4 - 8 mts)",55,"Mediano",-68.8225954698,-32.8702476798,4,"1",0.150492264416315
45050,"Morera","Alto (> 8 mts)",180,"Grande",-68.8228055686,-32.8702421237,4,"1",0.185148665048544
45059,"Ailanthus","Medio (4 - 8 mts)",18,"Chico",-68.8230525941,-32.8709435476,4,"0",0.0380952380952381
45060,"Fresno europeo","Medio (4 - 8 mts)",65,"Grande",-68.823072464,-32.8710414249,4,"0",0.0420032310177706
45062,"Fresno europeo","Alto (> 8 mts)",130,"Grande",-68.822942073,-32.8711724972,4,"0",0.0420032310177706
45064,"Fresno europeo","Medio (4 - 8 mts)",155,"Grande",-68.8227497355,-32.8711761021,4,"1",0.0420032310177706
45066,"Paraiso","Alto (> 8 mts)",145,"Grande",-68.8225776953,-32.8711818094,4,"0",0.0859023207481815
45067,"Fresno europeo","Alto (> 8 mts)",140,"Grande",-68.8225125072,-32.8711865861,4,"0",0.0420032310177706
45070,"Fresno europeo","Alto (> 8 mts)",168,"Grande",-68.8220605121,-32.8711959528,4,"0",0.0420032310177706
45071,"Fresno europeo","Alto (> 8 mts)",180,"Grande",-68.8219974673,-32.8711975321,4,"1",0.0420032310177706
45072,"Morera","Alto (> 8 mts)",165,"Grande",-68.8219473244,-32.871159183,4,"1",0.185148665048544
45073,"Morera","Alto (> 8 mts)",138,"Grande",-68.8219389061,-32.871094249,4,"1",0.185148665048544
45079,"Fresno europeo","Alto (> 8 mts)",155,"Grande",-68.8218672987,-32.8705800292,4,"0",0.0420032310177706
45080,"Fresno europeo","Alto (> 8 mts)",125,"Grande",-68.8218495498,-32.8704561508,4,"0",0.0420032310177706
45084,"Caducifolio","Muy bajo (1 - 2 mts)",3,"Chico",-68.8256809586,-32.8711266705,4,"0",0.0512249443207127
45090,"Fresno europeo","Alto (> 8 mts)",180,"Grande",-68.8250203779,-32.8711375505,4,"0",0.0420032310177706
45101,"Fresno europeo","Medio (4 - 8 mts)",160,"Grande",-68.8245261007,-32.8702729289,4,"0",0.0420032310177706
45102,"Paraiso sombrilla","Bajo (2 - 4 mts)",26,"Mediano",-68.824611886,-32.8702167997,4,"0",0.022887323943662
45103,"Morera","Alto (> 8 mts)",156,"Grande",-68.824657308,-32.8702171069,4,"0",0.185148665048544
45105,"Morera","Alto (> 8 mts)",150,"Grande",-68.8249976265,-32.8702089542,4,"1",0.185148665048544
45107,"Morera","Alto (> 8 mts)",168,"Grande",-68.8251925537,-32.8702077146,4,"1",0.185148665048544
45109,"Morera","Medio (4 - 8 mts)",100,"Grande",-68.8253908347,-32.8702070691,4,"0",0.185148665048544
45112,"Morera","Alto (> 8 mts)",150,"Grande",-68.8256323164,-32.8702056025,4,"0",0.185148665048544
45114,"Morera","Alto (> 8 mts)",168,"Grande",-68.8257335149,-32.8703630891,4,"1",0.185148665048544
45116,"Paraiso sombrilla","Alto (> 8 mts)",160,"Grande",-68.8257565021,-32.8706287476,4,"0",0.022887323943662
45117,"Morera","Alto (> 8 mts)",130,"Grande",-68.8257638553,-32.8706933318,4,"1",0.185148665048544
45118,"Morera","Alto (> 8 mts)",128,"Grande",-68.8257733458,-32.8707577259,4,"0",0.185148665048544
45119,"Morera","Alto (> 8 mts)",130,"Grande",-68.8257785592,-32.8708237372,4,"0",0.185148665048544
45120,"Morera","Alto (> 8 mts)",150,"Grande",-68.825784849,-32.8708856923,4,"1",0.185148665048544
45121,"Prunas","Bajo (2 - 4 mts)",120,"Grande",-68.8257879117,-32.8709587338,4,"0",0.0321782178217822
45124,"Morera","Alto (> 8 mts)",160,"Grande",-68.8232666161,-32.8702371782,4,"1",0.185148665048544
45125,"Paraiso","Alto (> 8 mts)",145,"Grande",-68.8233606472,-32.8702352371,4,"0",0.0859023207481815
45126,"Paraiso","Alto (> 8 mts)",146,"Grande",-68.8235675558,-32.8702315932,4,"0",0.0859023207481815
45133,"Morera","Alto (> 8 mts)",176,"Grande",-68.8240733461,-32.8702273147,4,"0",0.185148665048544
45139,"Paraiso","Medio (4 - 8 mts)",61,"Grande",-68.8243831574,-32.8702531778,4,"0",0.0859023207481815
45141,"Fresno europeo","Alto (> 8 mts)",145,"Grande",-68.8243925918,-32.8703455245,4,"0",0.0420032310177706
45144,"Fresno europeo","Medio (4 - 8 mts)",110,"Grande",-68.8244147587,-32.8704832443,4,"0",0.0420032310177706
45146,"Paraiso sombrilla","Medio (4 - 8 mts)",146,"Grande",-68.8244260102,-32.8705963758,4,"0",0.022887323943662
45147,"Fresno europeo","Alto (> 8 mts)",80,"Grande",-68.8244367396,-32.8707153712,4,"0",0.0420032310177706
45150,"Paraiso","Medio (4 - 8 mts)",80,"Grande",-68.8244556747,-32.8708665216,4,"0",0.0859023207481815
45156,"Fresno europeo","Medio (4 - 8 mts)",37,"Mediano",-68.8240532493,-32.8711403183,4,"0",0.0420032310177706
45158,"Fresno europeo","Alto (> 8 mts)",210,"Grande",-68.8238963893,-32.8711520215,4,"0",0.0420032310177706
45159,"Fresno europeo","Alto (> 8 mts)",190,"Grande",-68.8237500577,-32.8711570768,4,"0",0.0420032310177706
45164,"Fresno europeo","Alto (> 8 mts)",170,"Grande",-68.8233795101,-32.8711617552,4,"0",0.0420032310177706
45165,"Fresno europeo","Alto (> 8 mts)",179,"Grande",-68.8233256294,-32.871162551,4,"0",0.0420032310177706
45169,"Fresno europeo","Medio (4 - 8 mts)",123,"Grande",-68.8232000603,-32.8709314787,4,"0",0.0420032310177706
45172,"Morera","Medio (4 - 8 mts)",70,"Grande",-68.8231803884,-32.8707547991,4,"0",0.185148665048544
45174,"Fresno europeo","Alto (> 8 mts)",153,"Grande",-68.8231466517,-32.870525475,4,"0",0.0420032310177706
45175,"Fresno europeo","Alto (> 8 mts)",78,"Grande",-68.8231454545,-32.8704842957,4,"0",0.0420032310177706
45176,"Fresno europeo","Alto (> 8 mts)",180,"Grande",-68.823136893,-32.8704566475,4,"0",0.0420032310177706
45179,"Fresno europeo","Alto (> 8 mts)",86,"Grande",-68.8231152133,-32.8702903815,4,"0",0.0420032310177706
45184,"Fresno europeo","Alto (> 8 mts)",66,"Grande",-68.8221293905,-32.8725538212,4,"0",0.0420032310177706
45190,"Fresno europeo","Alto (> 8 mts)",220,"Grande",-68.8224285736,-32.8727429987,4,"0",0.0420032310177706
45191,"Fresno europeo","Alto (> 8 mts)",180,"Grande",-68.8224752143,-32.8727425861,4,"0",0.0420032310177706
45196,"Paraiso sombrilla","Medio (4 - 8 mts)",134,"Grande",-68.8229162792,-32.8727319193,4,"0",0.022887323943662
45198,"Morera","Medio (4 - 8 mts)",55,"Mediano",-68.8231096269,-32.8727281497,4,"0",0.185148665048544
45202,"Fresno europeo","Alto (> 8 mts)",160,"Grande",-68.8232567899,-32.8724971698,4,"0",0.0420032310177706
45204,"Fresno europeo","Alto (> 8 mts)",170,"Grande",-68.8232388753,-32.8723710877,4,"0",0.0420032310177706
45205,"Fresno europeo","Alto (> 8 mts)",144,"Grande",-68.8232368118,-32.8723340251,4,"0",0.0420032310177706
45209,"Paraiso sombrilla","Medio (4 - 8 mts)",42,"Mediano",-68.8229965345,-32.8722641648,4,"0",0.022887323943662
45211,"Fresno europeo","Alto (> 8 mts)",80,"Grande",-68.8227638286,-32.8722687044,4,"0",0.0420032310177706
45214,"Prunas","Muy bajo (1 - 2 mts)",4,"Chico",-68.8224505028,-32.8722744818,4,"0",0.0321782178217822
45215,"Morera","Alto (> 8 mts)",190,"Grande",-68.8223853042,-32.8722739384,4,"0",0.185148665048544
45217,"Morera","Alto (> 8 mts)",138,"Grande",-68.8222685425,-32.8722775047,4,"0",0.185148665048544
45219,"Olmo bola","Medio (4 - 8 mts)",74,"Grande",-68.8221707514,-32.8722789076,4,"0",0.0231481481481481
45221,"Morera","Alto (> 8 mts)",93,"Grande",-68.8221891475,-32.8729498939,4,"0",0.185148665048544
45222,"Fresno europeo","Medio (4 - 8 mts)",125,"Grande",-68.8221965595,-32.8729838081,4,"0",0.0420032310177706
45226,"Morera","Alto (> 8 mts)",125,"Grande",-68.8222145841,-32.8732334586,4,"0",0.185148665048544
45227,"Fresno europeo","Medio (4 - 8 mts)",115,"Grande",-68.8222155666,-32.8732765609,4,"0",0.0420032310177706
45232,"Morera","Alto (> 8 mts)",130,"Grande",-68.8227111041,-32.8734067474,4,"1",0.185148665048544
45233,"Morera","Alto (> 8 mts)",122,"Grande",-68.8227709537,-32.8734007007,4,"0",0.185148665048544
45235,"Fresno europeo","Alto (> 8 mts)",115,"Grande",-68.8229750593,-32.8733923335,4,"0",0.0420032310177706
45236,"Fresno europeo","Alto (> 8 mts)",125,"Grande",-68.8230716584,-32.8733881204,4,"0",0.0420032310177706
45240,"Fresno americano","Muy bajo (1 - 2 mts)",2,"Chico",-68.8233316864,-32.8733010948,4,"0",0.0512455516014235
45242,"Paraiso","Alto (> 8 mts)",120,"Grande",-68.8233240724,-32.8732120418,4,"1",0.0859023207481815
45243,"Morera","Alto (> 8 mts)",110,"Grande",-68.8233195763,-32.8731650527,4,"0",0.185148665048544
45248,"Fresno europeo","Alto (> 8 mts)",170,"Grande",-68.8232911688,-32.8728292959,4,"0",0.0420032310177706
45250,"Fresno europeo","Bajo (2 - 4 mts)",118,"Grande",-68.8231418407,-32.8728304229,4,"0",0.0420032310177706
45253,"Paraiso","Medio (4 - 8 mts)",108,"Grande",-68.8229098695,-32.8728311984,4,"0",0.0859023207481815
45255,"Fresno europeo","Medio (4 - 8 mts)",110,"Grande",-68.8228135064,-32.8728319916,4,"1",0.0420032310177706
45260,"Morera","Alto (> 8 mts)",118,"Grande",-68.8224814234,-32.8728439452,4,"1",0.185148665048544
45265,"Fresno europeo","Alto (> 8 mts)",165,"Grande",-68.8233367153,-32.8712820366,4,"0",0.0420032310177706
45268,"Fresno europeo","Medio (4 - 8 mts)",106,"Grande",-68.8235615413,-32.8712793179,4,"0",0.0420032310177706
45269,"Fresno europeo","Alto (> 8 mts)",126,"Grande",-68.8236103823,-32.8712794409,4,"0",0.0420032310177706
45271,"Fresno europeo","Alto (> 8 mts)",135,"Grande",-68.8237009383,-32.8712787138,4,"0",0.0420032310177706
45272,"Fresno europeo","Alto (> 8 mts)",134,"Grande",-68.8237699522,-32.8712785333,4,"1",0.0420032310177706
45277,"Fresno europeo","Alto (> 8 mts)",134,"Grande",-68.8241321889,-32.8712713787,4,"0",0.0420032310177706
45278,"Fresno europeo","Alto (> 8 mts)",175,"Grande",-68.8242517544,-32.8712708524,4,"0",0.0420032310177706
45279,"Fresno europeo","Medio (4 - 8 mts)",75,"Grande",-68.8243530667,-32.8712708279,4,"0",0.0420032310177706
45280,"Fresno europeo","Alto (> 8 mts)",175,"Grande",-68.8244270998,-32.8712693584,4,"0",0.0420032310177706
45282,"Prunas","Bajo (2 - 4 mts)",20,"Chico",-68.8245068961,-32.8713439322,4,"1",0.0321782178217822
45285,"Fresno europeo","Alto (> 8 mts)",135,"Grande",-68.8245270965,-32.8714940204,4,"0",0.0420032310177706
45288,"lamo blanco","Alto (> 8 mts)",180,"Grande",-68.8245511299,-32.8717693413,4,"0",0.046875
45290,"Paraiso","Medio (4 - 8 mts)",42,"Mediano",-68.8245694587,-32.8719735682,4,"0",0.0859023207481815
45292,"Morera","Alto (> 8 mts)",150,"Grande",-68.824502345,-32.8721257124,4,"0",0.185148665048544
45296,"Paraiso","Medio (4 - 8 mts)",50,"Mediano",-68.8241223108,-32.8721334517,4,"1",0.0859023207481815
45301,"Morera","Alto (> 8 mts)",180,"Grande",-68.8237361977,-32.8721406637,4,"0",0.185148665048544
45304,"Fresno americano","Medio (4 - 8 mts)",58,"Mediano",-68.823516945,-32.8721482849,4,"0",0.0512455516014235
45309,"Morera","Bajo (2 - 4 mts)",20,"Chico",-68.8233402398,-32.8719945925,4,"0",0.185148665048544
45310,"Fresno europeo","Medio (4 - 8 mts)",132,"Grande",-68.8233316726,-32.8719147814,4,"0",0.0420032310177706
45313,"Morera","Alto (> 8 mts)",120,"Grande",-68.8233053117,-32.871737381,4,"0",0.185148665048544
45314,"Fresno europeo","Medio (4 - 8 mts)",108,"Grande",-68.8232937333,-32.8716490888,4,"0",0.0420032310177706
45316,"Fresno europeo","Medio (4 - 8 mts)",100,"Grande",-68.8232790178,-32.8715262573,4,"0",0.0420032310177706
45318,"Ailanthus","Alto (> 8 mts)",175,"Grande",-68.8232611969,-32.8713530168,4,"0",0.0380952380952381
45324,"Paraiso","Medio (4 - 8 mts)",140,"Grande",-68.8237627149,-32.8722471153,4,"0",0.0859023207481815
45326,"Morera","Medio (4 - 8 mts)",180,"Grande",-68.8240410675,-32.872237254,4,"0",0.185148665048544
45330,"Morera","Medio (4 - 8 mts)",150,"Grande",-68.8244184029,-32.8722296374,4,"0",0.185148665048544
45334,"Morera","Medio (4 - 8 mts)",70,"Grande",-68.8246223245,-32.8725129778,4,"0",0.185148665048544
45341,"Morera","Medio (4 - 8 mts)",240,"Grande",-68.8246684767,-32.8729512656,4,"0",0.185148665048544
45345,"Morera","Medio (4 - 8 mts)",180,"Grande",-68.8246797536,-32.8731707293,4,"1",0.185148665048544
45348,"Morera","Medio (4 - 8 mts)",140,"Grande",-68.8245160137,-32.8733231807,4,"1",0.185148665048544
45352,"lamo blanco","Medio (4 - 8 mts)",120,"Grande",-68.8241302401,-32.8733409433,4,"1",0.046875
45354,"Paraiso","Alto (> 8 mts)",140,"Grande",-68.8239464305,-32.873352497,4,"0",0.0859023207481815
45356,"Paraiso","Medio (4 - 8 mts)",120,"Grande",-68.8238123151,-32.873357446,4,"0",0.0859023207481815
45360,"Jacarand","Medio (4 - 8 mts)",120,"Grande",-68.8235594687,-32.8733685041,4,"0",0.103064066852368
45361,"Olmo comun","Medio (4 - 8 mts)",146,"Grande",-68.8234753208,-32.8732963789,4,"0",0.0227272727272727
45368,"Olmo comun","Bajo (2 - 4 mts)",140,"Grande",-68.8234376614,-32.8728889406,4,"0",0.0227272727272727
45374,"Paraiso","Alto (> 8 mts)",110,"Grande",-68.8234020947,-32.8725040475,4,"0",0.0859023207481815
45376,"Morera","Medio (4 - 8 mts)",300,"Grande",-68.8233905738,-32.8723866307,4,"0",0.185148665048544
45378,"Morera","Alto (> 8 mts)",140,"Grande",-68.8257974571,-32.8720879383,4,"1",0.185148665048544
45379,"Morera","Alto (> 8 mts)",172,"Grande",-68.8256638877,-32.8720906376,4,"1",0.185148665048544
45381,"Paraiso","Alto (> 8 mts)",240,"Grande",-68.8254512448,-32.8720951201,4,"0",0.0859023207481815
45385,"Conifera","Medio (4 - 8 mts)",35,"Mediano",-68.8247949936,-32.8721061835,4,"0",0.021505376344086
45386,"Fresno europeo","Alto (> 8 mts)",150,"Grande",-68.8247205877,-32.8720562065,4,"0",0.0420032310177706
45390,"Fresno europeo","Alto (> 8 mts)",133,"Grande",-68.8246648301,-32.8715466921,4,"0",0.0420032310177706
45391,"Morera","Alto (> 8 mts)",130,"Grande",-68.8246572908,-32.8714391843,4,"0",0.185148665048544
45393,"Fresno europeo","Alto (> 8 mts)",180,"Grande",-68.8248566461,-32.8712652717,4,"0",0.0420032310177706
45396,"Morera","Alto (> 8 mts)",160,"Grande",-68.8253255377,-32.8712579681,4,"1",0.185148665048544
45397,"Fresno europeo","Alto (> 8 mts)",105,"Grande",-68.8253849181,-32.8712577083,4,"0",0.0420032310177706
45398,"Fresno europeo","Alto (> 8 mts)",140,"Grande",-68.825497764,-32.8712570606,4,"0",0.0420032310177706
45399,"Fresno europeo","Alto (> 8 mts)",142,"Grande",-68.8255917961,-32.8712551178,4,"1",0.0420032310177706
45402,"Morera","Alto (> 8 mts)",142,"Grande",-68.8258373878,-32.8713389568,4,"0",0.185148665048544
45403,"Morera","Alto (> 8 mts)",132,"Grande",-68.8258445964,-32.8714775572,4,"1",0.185148665048544
45405,"Morera","Alto (> 8 mts)",150,"Grande",-68.8258532636,-32.8716172002,4,"0",0.185148665048544
45406,"Morera","Alto (> 8 mts)",145,"Grande",-68.8258631328,-32.871681456,4,"1",0.185148665048544
45407,"Morera","Alto (> 8 mts)",140,"Grande",-68.8258739732,-32.8718162815,4,"1",0.185148665048544
45408,"Morera","Alto (> 8 mts)",190,"Grande",-68.8258842607,-32.8719579447,4,"0",0.185148665048544
45409,"Morera","Alto (> 8 mts)",110,"Grande",-68.8258891093,-32.8719963636,4,"0",0.185148665048544
45411,"Olmo comun","Medio (4 - 8 mts)",55,"Mediano",-68.8249295705,-32.8722172018,4,"0",0.0227272727272727
45412,"Morera","Medio (4 - 8 mts)",170,"Grande",-68.8250236153,-32.8722131179,4,"0",0.185148665048544
45413,"Ligustro","Medio (4 - 8 mts)",50,"Mediano",-68.8250738659,-32.8722134019,4,"0",0.0138888888888889
45417,"Morera","Medio (4 - 8 mts)",300,"Grande",-68.8254307312,-32.8722032045,4,"1",0.185148665048544
45418,"Fresno americano","Medio (4 - 8 mts)",190,"Grande",-68.8255397263,-32.87219984,4,"0",0.0512455516014235
45423,"Morera","Medio (4 - 8 mts)",210,"Grande",-68.8259315593,-32.8723593545,4,"1",0.185148665048544
45426,"Acer","Medio (4 - 8 mts)",240,"Grande",-68.8259555923,-32.8726371997,4,"0",0.0204081632653061
45427,"Morera","Alto (> 8 mts)",180,"Grande",-68.8259597087,-32.872717907,4,"0",0.185148665048544
45429,"Morera","Alto (> 8 mts)",240,"Grande",-68.825978585,-32.8729007066,4,"0",0.185148665048544
45435,"Morera","Alto (> 8 mts)",240,"Grande",-68.8255485995,-32.8732581901,4,"0",0.185148665048544
45437,"Morera","Alto (> 8 mts)",260,"Grande",-68.8253260517,-32.8732752624,4,"0",0.185148665048544
45440,"Morera","Medio (4 - 8 mts)",180,"Grande",-68.8250311103,-32.8732894576,4,"0",0.185148665048544
45441,"Morera","Alto (> 8 mts)",250,"Grande",-68.824907144,-32.873297632,4,"1",0.185148665048544
45444,"Morera","Medio (4 - 8 mts)",80,"Grande",-68.8248072712,-32.8730089881,4,"0",0.185148665048544
45449,"Morera","Alto (> 8 mts)",282,"Grande",-68.8247454312,-32.8723975532,4,"1",0.185148665048544
45451,"Fresno europeo","Medio (4 - 8 mts)",70,"Grande",-68.8221799448,-32.8713159577,4,"0",0.0420032310177706
45454,"Fresno europeo","Alto (> 8 mts)",95,"Grande",-68.8223857705,-32.8713064009,4,"0",0.0420032310177706
45456,"Paraiso","Alto (> 8 mts)",150,"Grande",-68.8224951069,-32.8713049412,4,"1",0.0859023207481815
45459,"Morera","Alto (> 8 mts)",138,"Grande",-68.8227430888,-32.8712945753,4,"1",0.185148665048544
45460,"Morera","Alto (> 8 mts)",125,"Grande",-68.8228189555,-32.8712930597,4,"1",0.185148665048544
45461,"Morera","Alto (> 8 mts)",150,"Grande",-68.8229044397,-32.8712911069,4,"0",0.185148665048544
45464,"Morera","Medio (4 - 8 mts)",115,"Grande",-68.8231254586,-32.8713723015,4,"0",0.185148665048544
45465,"Fresno europeo","Medio (4 - 8 mts)",65,"Grande",-68.8231343548,-32.8714622797,4,"0",0.0420032310177706
45471,"Fresno europeo","Alto (> 8 mts)",160,"Grande",-68.8231844768,-32.8717844879,4,"0",0.0420032310177706
45473,"Fresno europeo","Alto (> 8 mts)",155,"Grande",-68.8232133932,-32.8720335738,4,"1",0.0420032310177706
45474,"Fresno europeo","Alto (> 8 mts)",120,"Grande",-68.823218653,-32.8720752395,4,"0",0.0420032310177706
45475,"Fresno europeo","Alto (> 8 mts)",140,"Grande",-68.8230384111,-32.8721612506,4,"0",0.0420032310177706
45476,"Morera","Alto (> 8 mts)",180,"Grande",-68.8229593384,-32.8721625814,4,"1",0.185148665048544
45478,"Morera","Alto (> 8 mts)",180,"Grande",-68.8227755404,-32.8721694446,4,"0",0.185148665048544
45479,"Morera","Alto (> 8 mts)",148,"Grande",-68.8225589158,-32.8721664649,4,"0",0.185148665048544
45480,"Morera","Alto (> 8 mts)",125,"Grande",-68.8224748532,-32.8721677847,4,"0",0.185148665048544
45482,"Morera","Alto (> 8 mts)",175,"Grande",-68.822293633,-32.8721732694,4,"0",0.185148665048544
45483,"Morera","Alto (> 8 mts)",160,"Grande",-68.8221942575,-32.8721751119,4,"0",0.185148665048544
45497,"Olmo comun","Medio (4 - 8 mts)",158,"Grande",-68.820350814,-32.8723025924,4,"0",0.0227272727272727
45501,"Paraiso","Medio (4 - 8 mts)",45,"Mediano",-68.8206125342,-32.8723253282,4,"0",0.0859023207481815
45503,"Prunas","Bajo (2 - 4 mts)",40,"Mediano",-68.8207098456,-32.8722974268,4,"0",0.0321782178217822
45505,"Fresno europeo","Alto (> 8 mts)",210,"Grande",-68.8208929946,-32.8722941663,4,"0",0.0420032310177706
45514,"Morera","Medio (4 - 8 mts)",240,"Grande",-68.8215344483,-32.8722853691,4,"1",0.185148665048544
45515,"Morera","Medio (4 - 8 mts)",100,"Grande",-68.8217371085,-32.8722890025,4,"0",0.185148665048544
45521,"Fresno europeo","Bajo (2 - 4 mts)",32,"Mediano",-68.8219883868,-32.8725334226,4,"0",0.0420032310177706
45523,"Fresno europeo","Medio (4 - 8 mts)",120,"Grande",-68.8220126777,-32.8726761051,4,"0",0.0420032310177706
45524,"Fresno europeo","Medio (4 - 8 mts)",178,"Grande",-68.821966795,-32.8727527668,4,"0",0.0420032310177706
45527,"Fresno europeo","Alto (> 8 mts)",228,"Grande",-68.8217272238,-32.8727555887,4,"0",0.0420032310177706
45531,"Fresno europeo","Alto (> 8 mts)",210,"Grande",-68.8214451273,-32.8727590636,4,"0",0.0420032310177706
45532,"Fresno europeo","Medio (4 - 8 mts)",95,"Grande",-68.821397042,-32.8727599869,4,"0",0.0420032310177706
45534,"Fresno europeo","Medio (4 - 8 mts)",140,"Grande",-68.8211224253,-32.8727633816,4,"0",0.0420032310177706
45536,"Fresno europeo","Medio (4 - 8 mts)",120,"Grande",-68.8209931303,-32.8727653607,4,"0",0.0420032310177706
45537,"Fresno europeo","Medio (4 - 8 mts)",130,"Grande",-68.8209236783,-32.8727644498,4,"0",0.0420032310177706
45538,"Fresno europeo","Medio (4 - 8 mts)",190,"Grande",-68.8208584942,-32.8727666107,4,"0",0.0420032310177706
45541,"Fresno europeo","Medio (4 - 8 mts)",160,"Grande",-68.8205913522,-32.8727724495,4,"0",0.0420032310177706
45547,"Morera","Medio (4 - 8 mts)",210,"Grande",-68.820212621,-32.8724782241,4,"0",0.185148665048544
45548,"Morera","Medio (4 - 8 mts)",90,"Grande",-68.8201966881,-32.872431223,4,"0",0.185148665048544
45549,"Morera","Alto (> 8 mts)",150,"Grande",-68.8205769368,-32.8703803255,4,"0",0.185148665048544
45550,"Morera","Alto (> 8 mts)",153,"Grande",-68.8205917735,-32.8704410308,4,"0",0.185148665048544
45552,"Morera","Alto (> 8 mts)",116,"Grande",-68.8206140229,-32.8705348388,4,"1",0.185148665048544
45560,"Morera","Alto (> 8 mts)",160,"Grande",-68.8206641263,-32.8711231757,4,"0",0.185148665048544
45561,"Morera","Alto (> 8 mts)",120,"Grande",-68.82067042,-32.8711814342,4,"0",0.185148665048544
45563,"Fresno europeo","Alto (> 8 mts)",151,"Grande",-68.8208027962,-32.8712401438,4,"0",0.0420032310177706
45566,"Fresno europeo","Alto (> 8 mts)",180,"Grande",-68.8211319131,-32.8712311471,4,"0",0.0420032310177706
45568,"Fresno europeo","Alto (> 8 mts)",155,"Grande",-68.8213851938,-32.8712083679,4,"0",0.0420032310177706
45572,"Fresno europeo","Alto (> 8 mts)",85,"Grande",-68.8217747365,-32.8709045694,4,"0",0.0420032310177706
45576,"Fresno europeo","Alto (> 8 mts)",144,"Grande",-68.8217253418,-32.8704924249,4,"0",0.0420032310177706
45582,"Fresno europeo","Alto (> 8 mts)",155,"Grande",-68.8213207513,-32.8703086234,4,"0",0.0420032310177706
45596,"Morera","Alto (> 8 mts)",165,"Grande",-68.8205864055,-32.871636284,4,"1",0.185148665048544
45598,"Morera","Alto (> 8 mts)",138,"Grande",-68.8205682993,-32.8714857897,4,"1",0.185148665048544
45600,"Fresno europeo","Bajo (2 - 4 mts)",30,"Mediano",-68.8204109522,-32.8713840657,4,"0",0.0420032310177706
45601,"Fresno europeo","Bajo (2 - 4 mts)",50,"Mediano",-68.8203534658,-32.8713860552,4,"0",0.0420032310177706
45610,"Fresno americano","Medio (4 - 8 mts)",77,"Grande",-68.8200663291,-32.8719910974,4,"1",0.0512455516014235
45617,"Fresno americano","Alto (> 8 mts)",160,"Grande",-68.819788169,-32.871545713,4,"1",0.0512455516014235
45620,"Morera","Alto (> 8 mts)",108,"Grande",-68.8208955056,-32.8713646202,4,"0",0.185148665048544
45621,"Morera","Alto (> 8 mts)",125,"Grande",-68.8209799243,-32.8713612244,4,"0",0.185148665048544
45624,"Fresno europeo","Muy bajo (1 - 2 mts)",2,"Chico",-68.8211712003,-32.8713543746,4,"0",0.0420032310177706
45625,"Morera","Alto (> 8 mts)",190,"Grande",-68.8212652309,-32.8713532466,4,"0",0.185148665048544
45629,"Paraiso","Alto (> 8 mts)",170,"Grande",-68.8215370701,-32.8713425773,4,"0",0.0859023207481815
45630,"Morera","Alto (> 8 mts)",190,"Grande",-68.8215868563,-32.871340825,4,"1",0.185148665048544
45638,"Paraiso","Alto (> 8 mts)",100,"Grande",-68.8219042504,-32.8718205961,4,"1",0.0859023207481815
45641,"Caducifolio","Medio (4 - 8 mts)",30,"Mediano",-68.8218604749,-32.8721800553,4,"0",0.0512249443207127
45647,"Morera","Alto (> 8 mts)",112,"Grande",-68.8214268491,-32.8721903682,4,"1",0.185148665048544
45649,"Fresno europeo","Medio (4 - 8 mts)",60,"Mediano",-68.8213180069,-32.8721936311,4,"0",0.0420032310177706
45654,"Morera","Alto (> 8 mts)",165,"Grande",-68.82103915,-32.8721969989,4,"0",0.185148665048544
45655,"Olmo bola","Alto (> 8 mts)",80,"Grande",-68.8209835862,-32.8721975506,4,"0",0.0231481481481481
45657,"Morera","Alto (> 8 mts)",180,"Grande",-68.8207896193,-32.8720783548,4,"1",0.185148665048544
45659,"Morera","Alto (> 8 mts)",180,"Grande",-68.8207674023,-32.8719590694,4,"1",0.185148665048544
45661,"Fresno europeo","Medio (4 - 8 mts)",60,"Mediano",-68.8207542917,-32.8718326629,4,"0",0.0420032310177706
45665,"Morera","Alto (> 8 mts)",138,"Grande",-68.8207167878,-32.8715721243,4,"1",0.185148665048544
45666,"Morera","Alto (> 8 mts)",140,"Grande",-68.8207107354,-32.8715335502,4,"1",0.185148665048544
45667,"Acer","Bajo (2 - 4 mts)",45,"Mediano",-68.8207073441,-32.8714952729,4,"0",0.0204081632653061
45668,"Morera","Alto (> 8 mts)",98,"Grande",-68.8207010084,-32.8714578436,4,"0",0.185148665048544
45669,"Morera","Alto (> 8 mts)",195,"Grande",-68.8206945298,-32.8714128434,4,"1",0.185148665048544
45670,"Morera","Alto (> 8 mts)",140,"Grande",-68.8222074185,-32.8698638187,4,"0",0.185148665048544
45676,"Fresno europeo","Muy bajo (1 - 2 mts)",18,"Chico",-68.8223114499,-32.86954593,4,"0",0.0420032310177706
45677,"Morera","Alto (> 8 mts)",168,"Grande",-68.8223850153,-32.869545213,4,"1",0.185148665048544
45682,"Caducifolio","Muy bajo (1 - 2 mts)",5,"Chico",-68.8227918515,-32.8695233117,4,"0",0.0512249443207127
45683,"Paraiso","Medio (4 - 8 mts)",116,"Grande",-68.8228829892,-32.8696063903,4,"1",0.0859023207481815
45684,"Fresno europeo","Alto (> 8 mts)",150,"Grande",-68.8229085523,-32.8697597659,4,"0",0.0420032310177706
45689,"Morera","Alto (> 8 mts)",160,"Grande",-68.8227201675,-32.870124962,4,"0",0.185148665048544
45691,"Morera","Alto (> 8 mts)",110,"Grande",-68.8225526657,-32.8701319849,4,"1",0.185148665048544
45695,"Morera","Alto (> 8 mts)",87,"Grande",-68.8222453256,-32.8701436682,4,"1",0.185148665048544
45696,"Fresno europeo","Alto (> 8 mts)",148,"Grande",-68.822137863,-32.870144364,4,"0",0.0420032310177706
45698,"Morera","Alto (> 8 mts)",180,"Grande",-68.8219258335,-32.8701505176,4,"0",0.185148665048544
45702,"Morera","Alto (> 8 mts)",189,"Grande",-68.8217831363,-32.8699103736,4,"1",0.185148665048544
45704,"Morera","Alto (> 8 mts)",200,"Grande",-68.8217695242,-32.869771313,4,"0",0.185148665048544
45706,"Morera","Alto (> 8 mts)",140,"Grande",-68.8217431077,-32.8696235779,4,"1",0.185148665048544
45709,"Morera","Medio (4 - 8 mts)",180,"Grande",-68.8225587786,-32.8694136509,4,"1",0.185148665048544
45710,"Morera","Medio (4 - 8 mts)",190,"Grande",-68.8224477975,-32.8694142148,4,"0",0.185148665048544
45711,"Morera","Medio (4 - 8 mts)",200,"Grande",-68.8223974352,-32.869415045,4,"0",0.185148665048544
45714,"Morera","Medio (4 - 8 mts)",79,"Grande",-68.822259736,-32.8694186888,4,"0",0.185148665048544
45716,"Morera","Alto (> 8 mts)",197,"Grande",-68.8220231298,-32.8694292106,4,"0",0.185148665048544
45719,"Morera","Medio (4 - 8 mts)",150,"Grande",-68.8217093949,-32.8693844005,4,"0",0.185148665048544
45721,"Morera","Medio (4 - 8 mts)",210,"Grande",-68.8216936355,-32.8692505667,4,"0",0.185148665048544
45722,"Morera","Alto (> 8 mts)",220,"Grande",-68.8216852148,-32.8691870754,4,"1",0.185148665048544
45723,"Jacarand","Medio (4 - 8 mts)",50,"Mediano",-68.8216757315,-32.869120607,4,"0",0.103064066852368
45724,"Morera","Medio (4 - 8 mts)",200,"Grande",-68.8216673014,-32.8690618046,4,"1",0.185148665048544
45726,"Morera","Medio (4 - 8 mts)",196,"Grande",-68.8216442181,-32.8688504145,4,"0",0.185148665048544
45727,"Morera","Medio (4 - 8 mts)",176,"Grande",-68.8216389822,-32.8687972071,4,"0",0.185148665048544
45728,"Morera","Medio (4 - 8 mts)",200,"Grande",-68.8217143698,-32.8687302944,4,"0",0.185148665048544
45731,"Morera","Medio (4 - 8 mts)",140,"Grande",-68.8219035013,-32.8687243421,4,"0",0.185148665048544
45733,"Morera","Medio (4 - 8 mts)",215,"Grande",-68.8220000635,-32.8687205986,4,"0",0.185148665048544
45738,"Morera","Medio (4 - 8 mts)",187,"Grande",-68.8224223425,-32.8687122999,4,"1",0.185148665048544
45740,"Morera","Alto (> 8 mts)",190,"Grande",-68.8226243047,-32.8687017661,4,"0",0.185148665048544
45741,"Morera","Muy bajo (1 - 2 mts)",15,"Chico",-68.8227684521,-32.8687502111,4,"0",0.185148665048544
45745,"Fresno europeo","Medio (4 - 8 mts)",85,"Grande",-68.822818717,-32.869145246,4,"0",0.0420032310177706
45749,"Morera","Alto (> 8 mts)",190,"Grande",-68.8214620829,-32.8701635623,4,"0",0.185148665048544
45755,"Paraiso","Medio (4 - 8 mts)",40,"Mediano",-68.8208959866,-32.8701778051,4,"0",0.0859023207481815
45756,"Paraiso","Medio (4 - 8 mts)",58,"Mediano",-68.8208414868,-32.8701811535,4,"0",0.0859023207481815
45759,"Acacia SP","Medio (4 - 8 mts)",65,"Grande",-68.8206402416,-32.8701867162,4,"0",0.150492264416315
45761,"Morera","Alto (> 8 mts)",165,"Grande",-68.8205241801,-32.8700487997,4,"1",0.185148665048544
45765,"Acacia SP","Alto (> 8 mts)",38,"Mediano",-68.820479919,-32.86974341,4,"0",0.150492264416315
45766,"Paraiso","Medio (4 - 8 mts)",61,"Grande",-68.8207164034,-32.8695942564,4,"0",0.0859023207481815
45770,"Caducifolio","Muy bajo (1 - 2 mts)",2,"Chico",-68.8210956947,-32.8695798232,4,"0",0.0512249443207127
45771,"Morera","Alto (> 8 mts)",140,"Grande",-68.8211565996,-32.8695790987,4,"1",0.185148665048544
45774,"Morera","Medio (4 - 8 mts)",135,"Grande",-68.8213468763,-32.869573148,4,"1",0.185148665048544
45779,"Paraiso","Medio (4 - 8 mts)",165,"Grande",-68.8216136519,-32.8697081526,4,"0",0.0859023207481815
45780,"Morera","Alto (> 8 mts)",138,"Grande",-68.8216221268,-32.8697920691,4,"0",0.185148665048544
45782,"Morera","Alto (> 8 mts)",150,"Grande",-68.8216525803,-32.8699551063,4,"1",0.185148665048544
45785,"Morera","Alto (> 8 mts)",180,"Grande",-68.8216148911,-32.8701564766,4,"0",0.185148665048544
45791,"Fresno europeo","Medio (4 - 8 mts)",66,"Grande",-68.8199286943,-32.871273153,4,"0",0.0420032310177706
45792,"Fresno americano","Medio (4 - 8 mts)",272,"Grande",-68.8196977147,-32.8712817019,4,"0",0.0512455516014235
45793,"Morera","Medio (4 - 8 mts)",156,"Grande",-68.8195689884,-32.8711690688,4,"0",0.185148665048544
45794,"Morera","Bajo (2 - 4 mts)",65,"Grande",-68.8195014369,-32.8710624065,4,"0",0.185148665048544
45796,"Paraiso","Alto (> 8 mts)",232,"Grande",-68.8194080809,-32.8709048531,4,"0",0.0859023207481815
45797,"Acer","Medio (4 - 8 mts)",279,"Grande",-68.8193794415,-32.870861856,4,"0",0.0204081632653061
45798,"Jacarand","Medio (4 - 8 mts)",200,"Grande",-68.8193332876,-32.8707865475,4,"0",0.103064066852368
45799,"Fresno europeo","Alto (> 8 mts)",280,"Grande",-68.8192951639,-32.8707011065,4,"0",0.0420032310177706
45803,"Fresno americano","Medio (4 - 8 mts)",158,"Grande",-68.819307611,-32.870359112,4,"0",0.0512455516014235
45805,"Fresno europeo","Medio (4 - 8 mts)",147,"Grande",-68.8194924705,-32.8703539688,4,"0",0.0420032310177706
45812,"Morera","Medio (4 - 8 mts)",260,"Grande",-68.820422945,-32.8704443051,4,"0",0.185148665048544
45813,"Fresno americano","Bajo (2 - 4 mts)",40,"Mediano",-68.820437678,-32.8705362089,4,"0",0.0512455516014235
45814,"Morera","Medio (4 - 8 mts)",290,"Grande",-68.8204501288,-32.8706461369,4,"0",0.185148665048544
45815,"Morera","Medio (4 - 8 mts)",223,"Grande",-68.8204788921,-32.870783242,4,"1",0.185148665048544
45816,"Morera","Medio (4 - 8 mts)",250,"Grande",-68.8204819397,-32.8708616036,4,"1",0.185148665048544
45817,"Morera","Medio (4 - 8 mts)",256,"Grande",-68.8204924658,-32.8709404267,4,"1",0.185148665048544
45819,"Morera","Medio (4 - 8 mts)",210,"Grande",-68.8205166659,-32.8711267514,4,"0",0.185148665048544
45822,"Morera","Medio (4 - 8 mts)",226,"Grande",-68.8213449144,-32.869448532,4,"0",0.185148665048544
45823,"Morera","Bajo (2 - 4 mts)",70,"Grande",-68.821193177,-32.8694550779,4,"1",0.185148665048544
45824,"Morera","Medio (4 - 8 mts)",120,"Grande",-68.8211354753,-32.869456889,4,"0",0.185148665048544
45829,"Morera","Medio (4 - 8 mts)",132,"Grande",-68.8207614996,-32.8694605015,4,"0",0.185148665048544
45832,"Paraiso","Medio (4 - 8 mts)",120,"Grande",-68.8204410234,-32.8694266792,4,"0",0.0859023207481815
45834,"Fresno europeo","Medio (4 - 8 mts)",100,"Grande",-68.8204083194,-32.869218882,4,"0",0.0420032310177706
45835,"Fresno europeo","Medio (4 - 8 mts)",100,"Grande",-68.8203988254,-32.8691581843,4,"0",0.0420032310177706
45839,"Morera","Medio (4 - 8 mts)",112,"Grande",-68.8203588954,-32.8688248609,4,"0",0.185148665048544
45841,"Morera","Medio (4 - 8 mts)",250,"Grande",-68.8205937553,-32.8687580965,4,"0",0.185148665048544
45847,"Morera","Medio (4 - 8 mts)",185,"Grande",-68.8212961067,-32.8687451409,4,"0",0.185148665048544
45850,"Morera","Medio (4 - 8 mts)",205,"Grande",-68.8215022138,-32.8688524662,4,"0",0.185148665048544
45854,"Morera","Medio (4 - 8 mts)",220,"Grande",-68.8215474048,-32.869175247,4,"0",0.185148665048544
45861,"Morera","Alto (> 8 mts)",125,"Grande",-68.8193582168,-32.8696308869,4,"0",0.185148665048544
45862,"Fresno europeo","Medio (4 - 8 mts)",130,"Grande",-68.8196848731,-32.8702186766,4,"0",0.0420032310177706
45863,"Fresno europeo","Medio (4 - 8 mts)",100,"Grande",-68.8196358655,-32.8702224913,4,"0",0.0420032310177706
45865,"Fresno europeo","Alto (> 8 mts)",135,"Grande",-68.8195005094,-32.8702286593,4,"0",0.0420032310177706
45866,"Fresno europeo","Alto (> 8 mts)",130,"Grande",-68.8193484169,-32.870231511,4,"0",0.0420032310177706
45867,"Morera","Alto (> 8 mts)",180,"Grande",-68.8192243706,-32.8701519115,4,"0",0.185148665048544
45870,"Morera","Alto (> 8 mts)",190,"Grande",-68.8192041286,-32.8699910759,4,"0",0.185148665048544
45871,"Morera","Alto (> 8 mts)",160,"Grande",-68.8191976815,-32.8699393968,4,"0",0.185148665048544
45874,"Fresno americano","Muy bajo (1 - 2 mts)",8,"Chico",-68.8192411752,-32.8696308711,4,"0",0.0512455516014235
45881,"Fresno europeo","Medio (4 - 8 mts)",125,"Grande",-68.8201810299,-32.8696014148,4,"0",0.0420032310177706
45882,"Morera","Alto (> 8 mts)",160,"Grande",-68.8203154849,-32.8696600432,4,"1",0.185148665048544
45883,"Morera","Alto (> 8 mts)",140,"Grande",-68.8203208318,-32.8697023042,4,"1",0.185148665048544
45884,"Morera","Alto (> 8 mts)",200,"Grande",-68.8203271085,-32.8697519371,4,"1",0.185148665048544
45891,"Morera","Alto (> 8 mts)",140,"Grande",-68.8203243136,-32.870197341,4,"0",0.185148665048544
45895,"Paraiso sombrilla","Medio (4 - 8 mts)",70,"Grande",-68.8200408957,-32.8702110289,4,"0",0.022887323943662
45899,"Morera","Bajo (2 - 4 mts)",30,"Mediano",-68.8191039208,-32.8692599845,4,"0",0.185148665048544
45903,"Olmo comun","Bajo (2 - 4 mts)",86,"Grande",-68.8190615128,-32.868950671,4,"0",0.0227272727272727
45907,"Morera","Alto (> 8 mts)",232,"Grande",-68.8193374789,-32.8688030117,4,"0",0.185148665048544
45909,"Olmo comun","Medio (4 - 8 mts)",40,"Mediano",-68.8194582224,-32.86880003,4,"0",0.0227272727272727
45910,"Morera","Medio (4 - 8 mts)",230,"Grande",-68.8195565238,-32.8687990898,4,"1",0.185148665048544
45912,"Morera","Alto (> 8 mts)",142,"Grande",-68.8197039822,-32.8687946136,4,"0",0.185148665048544
45913,"Morera","Medio (4 - 8 mts)",130,"Grande",-68.8197883948,-32.8687930221,4,"0",0.185148665048544
45920,"Morera","Medio (4 - 8 mts)",147,"Grande",-68.820253474,-32.8691772718,4,"0",0.185148665048544
45925,"Fresno americano","Muy bajo (1 - 2 mts)",5,"Chico",-68.8199258822,-32.8694926641,4,"0",0.0512455516014235
45930,"Morera","Medio (4 - 8 mts)",87,"Grande",-68.8193227371,-32.8695132404,4,"0",0.185148665048544
45931,"Morera","Bajo (2 - 4 mts)",46,"Mediano",-68.8192314966,-32.8695162176,4,"0",0.185148665048544
45932,"Morera","Alto (> 8 mts)",180,"Grande",-68.8188484046,-32.8702385226,4,"0",0.185148665048544
45936,"Morera","Alto (> 8 mts)",180,"Grande",-68.8185108665,-32.869997658,4,"0",0.185148665048544
45938,"Olmo comun","Alto (> 8 mts)",165,"Grande",-68.8183619782,-32.8698393209,4,"0",0.0227272727272727
45941,"Olmo comun","Alto (> 8 mts)",110,"Grande",-68.8183027416,-32.8696689608,4,"0",0.0227272727272727
45942,"Morera","Alto (> 8 mts)",140,"Grande",-68.8183527186,-32.8696685644,4,"0",0.185148665048544
45946,"Paraiso sombrilla","Medio (4 - 8 mts)",170,"Grande",-68.8186422928,-32.8696611399,4,"1",0.022887323943662
45947,"Paraiso","Medio (4 - 8 mts)",140,"Grande",-68.8187042698,-32.8696587049,4,"0",0.0859023207481815
45952,"Fresno europeo","Bajo (2 - 4 mts)",30,"Mediano",-68.8190297864,-32.86979448,4,"0",0.0420032310177706
45954,"Morera","Alto (> 8 mts)",165,"Grande",-68.8190562204,-32.8699782338,4,"0",0.185148665048544
45957,"Morera","Medio (4 - 8 mts)",110,"Grande",-68.819081466,-32.8701742986,4,"1",0.185148665048544
45958,"Fresno europeo","Medio (4 - 8 mts)",120,"Grande",-68.8190311264,-32.8702336474,4,"0",0.0420032310177706
45959,"lamo blanco","Alto (> 8 mts)",150,"Grande",-68.8187409535,-32.8695313767,4,"0",0.046875
45960,"Caducifolio","Muy bajo (1 - 2 mts)",2,"Chico",-68.8185666808,-32.8695382195,4,"0",0.0512249443207127
45965,"Morera","Alto (> 8 mts)",150,"Grande",-68.8182142755,-32.8694510704,4,"0",0.185148665048544
45966,"Morera","Alto (> 8 mts)",180,"Grande",-68.8181785114,-32.869396567,4,"0",0.185148665048544
45968,"Fresno europeo","Medio (4 - 8 mts)",26,"Mediano",-68.8180382122,-32.8693276277,4,"0",0.0420032310177706
45969,"Morera","Alto (> 8 mts)",186,"Grande",-68.8180991278,-32.8692237492,4,"0",0.185148665048544
45970,"Fresno europeo","Medio (4 - 8 mts)",22,"Mediano",-68.8179924435,-32.8692415395,4,"0",0.0420032310177706
45972,"Morera","Medio (4 - 8 mts)",52,"Mediano",-68.8179424258,-32.8691432723,4,"0",0.185148665048544
45975,"Morera","Medio (4 - 8 mts)",56,"Mediano",-68.817830705,-32.8689137187,4,"0",0.185148665048544
45979,"Olmo comun","Alto (> 8 mts)",150,"Grande",-68.8181193343,-32.868844618,4,"0",0.0227272727272727
45980,"Olmo comun","Alto (> 8 mts)",190,"Grande",-68.8181919989,-32.8688404857,4,"0",0.0227272727272727
45984,"Morera","Medio (4 - 8 mts)",37,"Mediano",-68.8186078595,-32.8688237354,4,"0",0.185148665048544
45987,"Morera","Alto (> 8 mts)",184,"Grande",-68.8189299126,-32.8690381252,4,"0",0.185148665048544
45988,"Morera","Alto (> 8 mts)",205,"Grande",-68.8189404746,-32.869098554,4,"1",0.185148665048544
45989,"Morera","Alto (> 8 mts)",154,"Grande",-68.8189542072,-32.8691761196,4,"0",0.185148665048544
45990,"Morera","Alto (> 8 mts)",153,"Grande",-68.8189636827,-32.8692453834,4,"0",0.185148665048544
45991,"Morera","Medio (4 - 8 mts)",87,"Grande",-68.8189742096,-32.8693231247,4,"0",0.185148665048544
45996,"Paraiso","Medio (4 - 8 mts)",120,"Grande",-68.8211976687,-32.8736054004,4,"0",0.0859023207481815
45998,"Fresno europeo","Medio (4 - 8 mts)",118,"Grande",-68.8213045284,-32.8736021267,4,"0",0.0420032310177706
46001,"Fresno europeo","Medio (4 - 8 mts)",160,"Grande",-68.8215300129,-32.873589915,4,"0",0.0420032310177706
46003,"Fresno europeo","Medio (4 - 8 mts)",190,"Grande",-68.8216379504,-32.8735819537,4,"0",0.0420032310177706
46004,"Fresno europeo","Medio (4 - 8 mts)",170,"Grande",-68.82170207,-32.8735780777,4,"0",0.0420032310177706
46005,"Morera","Bajo (2 - 4 mts)",36,"Mediano",-68.8217544317,-32.8735762588,4,"0",0.185148665048544
46006,"Fresno europeo","Medio (4 - 8 mts)",146,"Grande",-68.8218463417,-32.8735680941,4,"0",0.0420032310177706
46007,"Fresno europeo","Medio (4 - 8 mts)",180,"Grande",-68.821915065,-32.8735671478,4,"1",0.0420032310177706
46009,"Fresno europeo","Medio (4 - 8 mts)",46,"Mediano",-68.82214004,-32.8736420001,4,"1",0.0420032310177706
46012,"Paraiso","Medio (4 - 8 mts)",170,"Grande",-68.8218976946,-32.8741482519,4,"1",0.0859023207481815
46014,"Fresno americano","Medio (4 - 8 mts)",100,"Grande",-68.8216157081,-32.8740172596,4,"0",0.0512455516014235
46018,"Paraiso","Bajo (2 - 4 mts)",100,"Grande",-68.8212046986,-32.8738294813,4,"0",0.0859023207481815
46019,"Paraiso","Muy bajo (1 - 2 mts)",10,"Chico",-68.8209367449,-32.8737060168,4,"0",0.0859023207481815
46020,"Paraiso","Muy bajo (1 - 2 mts)",12,"Chico",-68.8209176922,-32.873653236,4,"0",0.0859023207481815
46024,"Perenne","Bajo (2 - 4 mts)",36,"Mediano",-68.821760004,-32.8734614811,4,"0",0.0364741641337386
46027,"Fresno americano","Alto (> 8 mts)",223,"Grande",-68.8215932931,-32.8734716129,4,"0",0.0512455516014235
46030,"Fresno europeo","Medio (4 - 8 mts)",185,"Grande",-68.821267356,-32.8734893619,4,"0",0.0420032310177706
46037,"Caducifolio","Bajo (2 - 4 mts)",30,"Mediano",-68.8204192139,-32.8731188559,4,"0",0.0512249443207127
46038,"Caducifolio","Muy bajo (1 - 2 mts)",30,"Mediano",-68.8203826585,-32.8730701255,4,"0",0.0512249443207127
46043,"Fresno europeo","Medio (4 - 8 mts)",140,"Grande",-68.8207566193,-32.8728600208,4,"0",0.0420032310177706
46044,"Fresno europeo","Medio (4 - 8 mts)",220,"Grande",-68.82089611,-32.8728576698,4,"0",0.0420032310177706
46047,"Fresno europeo","Medio (4 - 8 mts)",175,"Grande",-68.8212846711,-32.8728478317,4,"0",0.0420032310177706
46051,"Paraiso","Bajo (2 - 4 mts)",76,"Grande",-68.8215887053,-32.8728466597,4,"0",0.0859023207481815
46053,"Fresno europeo","Medio (4 - 8 mts)",112,"Grande",-68.8217655226,-32.8728395008,4,"0",0.0420032310177706
46057,"Fresno europeo","Medio (4 - 8 mts)",125,"Grande",-68.8219802953,-32.8728396263,4,"0",0.0420032310177706
46058,"Fresno europeo","Medio (4 - 8 mts)",169,"Grande",-68.8220448996,-32.8729190979,4,"0",0.0420032310177706
46059,"Fresno europeo","Bajo (2 - 4 mts)",48,"Mediano",-68.8220537471,-32.8729778703,4,"0",0.0420032310177706
46060,"Fresno europeo","Medio (4 - 8 mts)",180,"Grande",-68.8220706691,-32.8730651783,4,"0",0.0420032310177706
46062,"Fresno europeo","Medio (4 - 8 mts)",158,"Grande",-68.8220853028,-32.8732282253,4,"0",0.0420032310177706
46065,"Acacia SP","Alto (> 8 mts)",150,"Grande",-68.8223604387,-32.8738631822,4,"0",0.150492264416315
46069,"Morera","Alto (> 8 mts)",200,"Grande",-68.8226116805,-32.873968632,4,"0",0.185148665048544
46071,"Morera","Alto (> 8 mts)",170,"Grande",-68.8228487181,-32.874107716,4,"1",0.185148665048544
46074,"Morera","Alto (> 8 mts)",165,"Grande",-68.8229678171,-32.8743481183,4,"1",0.185148665048544
46075,"Morera","Alto (> 8 mts)",180,"Grande",-68.822977325,-32.8744029547,4,"0",0.185148665048544
46077,"Paraiso","Muy bajo (1 - 2 mts)",16,"Chico",-68.8230026811,-32.8745483435,4,"0",0.0859023207481815
46078,"Morera","Alto (> 8 mts)",160,"Grande",-68.822953572,-32.8745262727,4,"0",0.185148665048544
46079,"Paraiso","Medio (4 - 8 mts)",105,"Grande",-68.8229043091,-32.874581567,4,"0",0.0859023207481815
46083,"Acer","Medio (4 - 8 mts)",85,"Grande",-68.822548762,-32.8744422023,4,"0",0.0204081632653061
46088,"Acer","Medio (4 - 8 mts)",90,"Grande",-68.8222012506,-32.874024856,4,"0",0.0204081632653061
46089,"Acer","Medio (4 - 8 mts)",70,"Grande",-68.8222313501,-32.8739344589,4,"0",0.0204081632653061
46094,"Paraiso","Medio (4 - 8 mts)",50,"Mediano",-68.8245428676,-32.8747527668,4,"0",0.0859023207481815
46096,"Paraiso","Medio (4 - 8 mts)",120,"Grande",-68.8246039352,-32.874797663,4,"0",0.0859023207481815
46098,"Morera","Medio (4 - 8 mts)",130,"Grande",-68.8247204936,-32.874799656,4,"0",0.185148665048544
46101,"Morera","Alto (> 8 mts)",200,"Grande",-68.8249593899,-32.8749864345,4,"0",0.185148665048544
46102,"Paraiso","Medio (4 - 8 mts)",132,"Grande",-68.8250874797,-32.8750072111,4,"0",0.0859023207481815
46106,"Morera","Medio (4 - 8 mts)",200,"Grande",-68.8253135037,-32.8747699821,4,"0",0.185148665048544
46109,"Morera","Medio (4 - 8 mts)",136,"Grande",-68.8252586541,-32.8746071661,4,"0",0.185148665048544
46114,"Morera","Alto (> 8 mts)",200,"Grande",-68.8249257915,-32.8744069034,4,"1",0.185148665048544
46115,"Morera","Medio (4 - 8 mts)",175,"Grande",-68.824806347,-32.8744084386,4,"1",0.185148665048544
46123,"Morera","Medio (4 - 8 mts)",140,"Grande",-68.8244598551,-32.8745236455,4,"1",0.185148665048544
46125,"Morera","Medio (4 - 8 mts)",136,"Grande",-68.8243781669,-32.8745405963,4,"0",0.185148665048544
46127,"Morera","Medio (4 - 8 mts)",140,"Grande",-68.8242656571,-32.874549118,4,"1",0.185148665048544
46134,"Morera","Alto (> 8 mts)",140,"Grande",-68.8238910926,-32.8743252535,4,"1",0.185148665048544
46136,"Morera","Alto (> 8 mts)",168,"Grande",-68.8238072353,-32.8742466348,4,"0",0.185148665048544
46142,"Morera","Alto (> 8 mts)",80,"Grande",-68.8236233395,-32.8740918813,4,"0",0.185148665048544
46152,"Fresno europeo","Muy bajo (1 - 2 mts)",8,"Chico",-68.8242296072,-32.8744269925,4,"0",0.0420032310177706
46153,"Morera","Alto (> 8 mts)",165,"Grande",-68.8244673375,-32.8743509447,4,"1",0.185148665048544
46154,"Morera","Alto (> 8 mts)",145,"Grande",-68.8245107172,-32.8743286364,4,"1",0.185148665048544
46156,"Morera","Alto (> 8 mts)",180,"Grande",-68.8245808738,-32.8742616416,4,"1",0.185148665048544
46159,"Morera","Alto (> 8 mts)",148,"Grande",-68.824658337,-32.8741305277,4,"1",0.185148665048544
46160,"Jacarand","Muy bajo (1 - 2 mts)",10,"Chico",-68.824693526,-32.8740588815,4,"0",0.103064066852368
46174,"Morera","Medio (4 - 8 mts)",180,"Grande",-68.8244147294,-32.8748348179,4,"1",0.185148665048544
46175,"Morera","Medio (4 - 8 mts)",200,"Grande",-68.8243165177,-32.8747868902,4,"0",0.185148665048544
46177,"Morera","Medio (4 - 8 mts)",210,"Grande",-68.8239941934,-32.8745964503,4,"0",0.185148665048544
46178,"Morera","Medio (4 - 8 mts)",190,"Grande",-68.8239514942,-32.8745749299,4,"0",0.185148665048544
46180,"Morera","Bajo (2 - 4 mts)",40,"Mediano",-68.8239874373,-32.8750823976,4,"0",0.185148665048544
46183,"Morera","Medio (4 - 8 mts)",120,"Grande",-68.8242996092,-32.8752332047,4,"1",0.185148665048544
46184,"Morera","Medio (4 - 8 mts)",150,"Grande",-68.824409068,-32.8752853789,4,"1",0.185148665048544
46185,"Morera","Medio (4 - 8 mts)",100,"Grande",-68.8244800361,-32.8753134382,4,"1",0.185148665048544
46187,"Morera","Medio (4 - 8 mts)",100,"Grande",-68.8247052859,-32.8754224982,4,"0",0.185148665048544
46196,"Morera","Medio (4 - 8 mts)",130,"Grande",-68.8256292204,-32.8750723141,4,"0",0.185148665048544
46202,"Morera","Medio (4 - 8 mts)",120,"Grande",-68.8250360426,-32.8751303618,4,"1",0.185148665048544
46207,"Perenne","Bajo (2 - 4 mts)",33,"Mediano",-68.8252008735,-32.8755350919,4,"0",0.0364741641337386
46209,"Morera","Medio (4 - 8 mts)",90,"Grande",-68.8253397972,-32.8755291545,4,"0",0.185148665048544
46211,"Morera","Medio (4 - 8 mts)",160,"Grande",-68.8260889064,-32.8755021556,4,"0",0.185148665048544
46212,"Morera","Medio (4 - 8 mts)",180,"Grande",-68.8261605039,-32.8754999107,4,"0",0.185148665048544
46221,"Olmo comun","Medio (4 - 8 mts)",90,"Grande",-68.8261589386,-32.8746594401,4,"0",0.0227272727272727
46224,"Perenne","Bajo (2 - 4 mts)",40,"Mediano",-68.8261035375,-32.874409989,4,"0",0.0364741641337386
46229,"Morera","Bajo (2 - 4 mts)",20,"Chico",-68.8257426986,-32.8744079197,4,"0",0.185148665048544
46238,"Morera","Alto (> 8 mts)",180,"Grande",-68.8254284194,-32.8758870529,4,"0",0.185148665048544
46240,"Morera","Alto (> 8 mts)",105,"Grande",-68.8256157314,-32.8759934291,4,"1",0.185148665048544
46244,"Morera","Alto (> 8 mts)",190,"Grande",-68.8259978376,-32.8762046021,4,"0",0.185148665048544
46245,"Morera","Alto (> 8 mts)",220,"Grande",-68.8262172491,-32.876323239,4,"0",0.185148665048544
46247,"Morera","Alto (> 8 mts)",175,"Grande",-68.8263347327,-32.876391022,4,"1",0.185148665048544
46248,"Morera","Alto (> 8 mts)",140,"Grande",-68.8261900396,-32.8756045752,4,"1",0.185148665048544
46249,"Morera","Alto (> 8 mts)",160,"Grande",-68.8259818364,-32.8756120132,4,"1",0.185148665048544
46252,"Morera","Alto (> 8 mts)",205,"Grande",-68.8254815461,-32.8756306711,4,"1",0.185148665048544
46253,"Morera","Alto (> 8 mts)",145,"Grande",-68.8252401717,-32.8756396278,4,"1",0.185148665048544
46257,"Fresno europeo","Alto (> 8 mts)",180,"Grande",-68.8224789761,-32.8735358112,4,"0",0.0420032310177706
46261,"Fresno europeo","Alto (> 8 mts)",168,"Grande",-68.8227139596,-32.873525188,4,"0",0.0420032310177706
46262,"Ailanthus","Alto (> 8 mts)",160,"Grande",-68.8227727136,-32.873522036,4,"0",0.0380952380952381
46265,"Morera","Alto (> 8 mts)",200,"Grande",-68.8230455411,-32.8735087751,4,"1",0.185148665048544
46266,"Morera","Alto (> 8 mts)",218,"Grande",-68.8231084391,-32.8735060481,4,"1",0.185148665048544
46267,"Morera","Bajo (2 - 4 mts)",15,"Chico",-68.8231703977,-32.8735007318,4,"0",0.185148665048544
46270,"Morera","Medio (4 - 8 mts)",130,"Grande",-68.823361566,-32.8735439135,4,"1",0.185148665048544
46271,"Morera","Medio (4 - 8 mts)",120,"Grande",-68.8233636173,-32.8735871977,4,"1",0.185148665048544
46274,"Morera","Medio (4 - 8 mts)",180,"Grande",-68.8233835338,-32.8737816309,4,"0",0.185148665048544
46278,"Morera","Alto (> 8 mts)",125,"Grande",-68.823174955,-32.874428121,4,"0",0.185148665048544
46279,"Morera","Alto (> 8 mts)",160,"Grande",-68.8231333689,-32.87438433,4,"0",0.185148665048544
46282,"Morera","Alto (> 8 mts)",160,"Grande",-68.8230828715,-32.8742042563,4,"0",0.185148665048544
46285,"Morera","Alto (> 8 mts)",158,"Grande",-68.8230164626,-32.8740656866,4,"0",0.185148665048544
46288,"Perenne","Muy bajo (1 - 2 mts)",15,"Chico",-68.8228180346,-32.8739049042,4,"0",0.0364741641337386
46289,"Morera","Alto (> 8 mts)",190,"Grande",-68.8227902885,-32.8738869212,4,"1",0.185148665048544
46290,"Perenne","Muy bajo (1 - 2 mts)",5,"Chico",-68.8227412735,-32.8738580472,4,"0",0.0364741641337386
46291,"Morera","Alto (> 8 mts)",200,"Grande",-68.8226963447,-32.873843056,4,"0",0.185148665048544
46292,"Morera","Bajo (2 - 4 mts)",35,"Mediano",-68.8226119996,-32.8738084015,4,"0",0.185148665048544
46293,"Morera","Medio (4 - 8 mts)",148,"Grande",-68.8224389699,-32.8737456416,4,"0",0.185148665048544
46295,"Morera","Medio (4 - 8 mts)",60,"Mediano",-68.8223589441,-32.873714627,4,"0",0.185148665048544
46296,"Morera","Alto (> 8 mts)",180,"Grande",-68.8223172983,-32.8737011326,4,"0",0.185148665048544
46297,"Morera","Alto (> 8 mts)",140,"Grande",-68.8222853366,-32.8736860091,4,"1",0.185148665048544
46301,"Morera","Alto (> 8 mts)",230,"Grande",-68.8235835689,-32.8734852642,4,"1",0.185148665048544
46304,"Morera","Bajo (2 - 4 mts)",16,"Chico",-68.8239062336,-32.873468134,4,"0",0.185148665048544
46306,"Morera","Alto (> 8 mts)",220,"Grande",-68.8240269503,-32.8734629505,4,"1",0.185148665048544
46308,"Morera","Alto (> 8 mts)",180,"Grande",-68.8242883739,-32.8734529638,4,"1",0.185148665048544
46312,"Prunas","Medio (4 - 8 mts)",45,"Mediano",-68.8245857115,-32.8734399234,4,"0",0.0321782178217822
46313,"Fresno europeo","Alto (> 8 mts)",173,"Grande",-68.8246611132,-32.873435104,4,"0",0.0420032310177706
46314,"Morera","Alto (> 8 mts)",168,"Grande",-68.8247133785,-32.8734821555,4,"0",0.185148665048544
46324,"Morera","Medio (4 - 8 mts)",65,"Grande",-68.8235271661,-32.8738431109,4,"1",0.185148665048544
46325,"Morera","Alto (> 8 mts)",185,"Grande",-68.8235245234,-32.8738103234,4,"1",0.185148665048544
46327,"Morera","Medio (4 - 8 mts)",140,"Grande",-68.8235150922,-32.8737166242,4,"0",0.185148665048544
46328,"Fresno europeo","Bajo (2 - 4 mts)",12,"Chico",-68.823514116,-32.8736592282,4,"0",0.0420032310177706
46334,"Morera","Alto (> 8 mts)",180,"Grande",-68.8255157114,-32.8733759974,4,"0",0.185148665048544
46337,"Morera","Alto (> 8 mts)",120,"Grande",-68.8257051982,-32.8733675836,4,"1",0.185148665048544
46340,"Paraiso","Medio (4 - 8 mts)",120,"Grande",-68.8260261388,-32.8734126435,4,"0",0.0859023207481815
46341,"Morera","Alto (> 8 mts)",114,"Grande",-68.8260347784,-32.873441956,4,"0",0.185148665048544
46342,"Morera","Alto (> 8 mts)",166,"Grande",-68.8260478469,-32.8735462352,4,"0",0.185148665048544
46345,"Fresno europeo","Medio (4 - 8 mts)",135,"Grande",-68.8260603275,-32.8737212713,4,"0",0.0420032310177706
46347,"Morera","Medio (4 - 8 mts)",112,"Grande",-68.8260834538,-32.8739166103,4,"0",0.185148665048544
46349,"Morera","Alto (> 8 mts)",160,"Grande",-68.8261045131,-32.8740761492,4,"0",0.185148665048544
46350,"Morera","Alto (> 8 mts)",164,"Grande",-68.8261097181,-32.8741466688,4,"0",0.185148665048544
46352,"Morera","Alto (> 8 mts)",165,"Grande",-68.8259996994,-32.8742888517,4,"0",0.185148665048544
46353,"Morera","Alto (> 8 mts)",168,"Grande",-68.8259381645,-32.874289868,4,"0",0.185148665048544
46355,"Morera","Alto (> 8 mts)",173,"Grande",-68.8257429293,-32.8742899785,4,"0",0.185148665048544
46357,"Morera","Alto (> 8 mts)",140,"Grande",-68.8255413364,-32.8742862431,4,"0",0.185148665048544
46360,"Morera","Alto (> 8 mts)",180,"Grande",-68.8251937094,-32.8742852447,4,"0",0.185148665048544
46361,"Morera","Alto (> 8 mts)",115,"Grande",-68.8249874787,-32.8742865794,4,"0",0.185148665048544
46362,"Morera","Alto (> 8 mts)",165,"Grande",-68.8249201584,-32.8742877476,4,"0",0.185148665048544
46364,"Morera","Alto (> 8 mts)",137,"Grande",-68.8247867955,-32.8741837759,4,"1",0.185148665048544
46365,"Morera","Alto (> 8 mts)",140,"Grande",-68.8248104042,-32.8741325026,4,"0",0.185148665048544
46370,"Morera","Alto (> 8 mts)",146,"Grande",-68.8248911416,-32.873828745,4,"0",0.185148665048544
46371,"Morera","Alto (> 8 mts)",160,"Grande",-68.824886001,-32.8737259447,4,"0",0.185148665048544
46376,"Morera","Alto (> 8 mts)",110,"Grande",-68.8330608927,-32.8671816249,4,"0",0.185148665048544
46377,"Morera","Alto (> 8 mts)",140,"Grande",-68.8329880098,-32.8671892822,4,"0",0.185148665048544
46378,"Morera","Medio (4 - 8 mts)",100,"Grande",-68.8329222883,-32.8671954162,4,"1",0.185148665048544
46388,"Morera","Alto (> 8 mts)",210,"Grande",-68.8323766312,-32.8667964979,4,"1",0.185148665048544
46389,"Morera","Alto (> 8 mts)",160,"Grande",-68.8325400018,-32.8667372048,4,"1",0.185148665048544
46393,"Morera","Alto (> 8 mts)",240,"Grande",-68.8328897028,-32.8667253463,4,"0",0.185148665048544
46397,"Fresno europeo","Alto (> 8 mts)",145,"Grande",-68.833068592,-32.8670641444,4,"1",0.0420032310177706
46401,"Morera","Medio (4 - 8 mts)",98,"Grande",-68.8328470541,-32.8673281605,4,"1",0.185148665048544
46404,"Morera","Alto (> 8 mts)",160,"Grande",-68.8330784042,-32.8673033627,4,"0",0.185148665048544
46405,"Paraiso","Alto (> 8 mts)",180,"Grande",-68.8331471759,-32.8673213224,4,"0",0.0859023207481815
46408,"Morera","Alto (> 8 mts)",110,"Grande",-68.8332154442,-32.8675528784,4,"1",0.185148665048544
46411,"Fresno europeo","Bajo (2 - 4 mts)",45,"Mediano",-68.8333025431,-32.8678850886,4,"0",0.0420032310177706
46413,"Paraiso","Alto (> 8 mts)",190,"Grande",-68.8333369862,-32.8680358077,4,"0",0.0859023207481815
46418,"Morera","Alto (> 8 mts)",150,"Grande",-68.8329498355,-32.868263227,4,"0",0.185148665048544
46422,"Morera","Alto (> 8 mts)",160,"Grande",-68.8324100232,-32.8674481973,4,"0",0.185148665048544
46423,"Morera","Alto (> 8 mts)",175,"Grande",-68.8323915354,-32.8673932594,4,"0",0.185148665048544
46425,"Morera","Alto (> 8 mts)",128,"Grande",-68.8323275228,-32.8671623389,4,"0",0.185148665048544
46426,"Morera","Alto (> 8 mts)",145,"Grande",-68.8322953702,-32.8670548147,4,"1",0.185148665048544
46427,"Morera","Alto (> 8 mts)",170,"Grande",-68.8322711799,-32.8669784989,4,"1",0.185148665048544
46428,"Morera","Alto (> 8 mts)",220,"Grande",-68.832244706,-32.8668852958,4,"1",0.185148665048544
46432,"Morera","Alto (> 8 mts)",120,"Grande",-68.8319784576,-32.8667766089,4,"0",0.185148665048544
46434,"Morera","Alto (> 8 mts)",180,"Grande",-68.8318771966,-32.8667781725,4,"1",0.185148665048544
46438,"Morera","Alto (> 8 mts)",145,"Grande",-68.8318539663,-32.8670686493,4,"0",0.185148665048544
46439,"Morera","Alto (> 8 mts)",140,"Grande",-68.8318604588,-32.8671385393,4,"1",0.185148665048544
46440,"Paraiso","Alto (> 8 mts)",160,"Grande",-68.8318629537,-32.867184384,4,"0",0.0859023207481815
46441,"Morera","Medio (4 - 8 mts)",85,"Grande",-68.8318664302,-32.8672756527,4,"0",0.185148665048544
46442,"Morera","Alto (> 8 mts)",220,"Grande",-68.8318721462,-32.8673431496,4,"0",0.185148665048544
46448,"Morera","Alto (> 8 mts)",200,"Grande",-68.8325047238,-32.8678273064,4,"0",0.185148665048544
46451,"Morera","Alto (> 8 mts)",115,"Grande",-68.832603522,-32.868186854,4,"0",0.185148665048544
46452,"Morera","Alto (> 8 mts)",150,"Grande",-68.8325157727,-32.8682939436,4,"1",0.185148665048544
46456,"Morera","Alto (> 8 mts)",170,"Grande",-68.8320316132,-32.8683350474,4,"0",0.185148665048544
46457,"Morera","Muy bajo (1 - 2 mts)",8,"Chico",-68.8319780023,-32.8683398482,4,"0",0.185148665048544
46459,"Morera","Alto (> 8 mts)",110,"Grande",-68.8319115175,-32.8682970293,4,"0",0.185148665048544
46461,"Morera","Alto (> 8 mts)",160,"Grande",-68.8319048341,-32.8681051389,4,"0",0.185148665048544
46462,"Morera","Alto (> 8 mts)",155,"Grande",-68.8319030379,-32.8680156749,4,"0",0.185148665048544
46466,"Fresno europeo","Medio (4 - 8 mts)",80,"Grande",-68.8318850875,-32.8676760726,4,"0",0.0420032310177706
46467,"Morera","Alto (> 8 mts)",260,"Grande",-68.831875654,-32.8674569716,4,"0",0.185148665048544
46469,"Morera","Alto (> 8 mts)",160,"Grande",-68.8315839441,-32.8683832064,4,"0",0.185148665048544
46470,"Morera","Muy bajo (1 - 2 mts)",4,"Chico",-68.8314933189,-32.8683915811,4,"0",0.185148665048544
46471,"Morera","Alto (> 8 mts)",143,"Grande",-68.8314258893,-32.8683964495,4,"0",0.185148665048544
46472,"Morera","Alto (> 8 mts)",140,"Grande",-68.8313239252,-32.8684134443,4,"0",0.185148665048544
46474,"Olmo bola","Medio (4 - 8 mts)",26,"Mediano",-68.8312145026,-32.8684194282,4,"0",0.0231481481481481
46477,"Morera","Alto (> 8 mts)",155,"Grande",-68.8310165912,-32.8684357522,4,"0",0.185148665048544
46485,"Morera","Medio (4 - 8 mts)",110,"Grande",-68.8304143238,-32.8684420101,4,"0",0.185148665048544
46486,"Fresno europeo","Medio (4 - 8 mts)",70,"Grande",-68.8304116271,-32.8683779465,4,"0",0.0420032310177706
46489,"Fresno europeo","Alto (> 8 mts)",150,"Grande",-68.8304074874,-32.8681951674,4,"0",0.0420032310177706
46491,"Morera","Alto (> 8 mts)",180,"Grande",-68.8303960151,-32.8680476347,4,"0",0.185148665048544
46494,"Morera","Muy bajo (1 - 2 mts)",4,"Chico",-68.830381984,-32.8677962647,4,"0",0.185148665048544
46496,"Fresno europeo","Alto (> 8 mts)",195,"Grande",-68.8303706912,-32.867599368,4,"0",0.0420032310177706
46498,"Fresno europeo","Alto (> 8 mts)",128,"Grande",-68.8303617762,-32.8675117112,4,"0",0.0420032310177706
46500,"Prunas","Medio (4 - 8 mts)",20,"Chico",-68.8303532606,-32.8673826672,4,"0",0.0321782178217822
46501,"Fresno europeo","Medio (4 - 8 mts)",65,"Grande",-68.8303521569,-32.867345065,4,"0",0.0420032310177706
46503,"Fresno europeo","Alto (> 8 mts)",147,"Grande",-68.8303437881,-32.8672510971,4,"0",0.0420032310177706
46510,"Morera","Alto (> 8 mts)",185,"Grande",-68.8304671808,-32.8668338672,4,"0",0.185148665048544
46515,"Morera","Alto (> 8 mts)",199,"Grande",-68.8310196705,-32.8668121652,4,"1",0.185148665048544
46524,"Morera","Alto (> 8 mts)",198,"Grande",-68.8317363748,-32.8676104998,4,"0",0.185148665048544
46525,"Morera","Alto (> 8 mts)",170,"Grande",-68.8317396054,-32.8677103217,4,"0",0.185148665048544
46529,"Paraiso sombrilla","Alto (> 8 mts)",160,"Grande",-68.8317679429,-32.8681506573,4,"1",0.022887323943662
46530,"Paraiso","Alto (> 8 mts)",140,"Grande",-68.83177266,-32.8682554405,4,"0",0.0859023207481815
46538,"Morera","Alto (> 8 mts)",123,"Grande",-68.8331834916,-32.8694847026,4,"0",0.185148665048544
46539,"Morera","Alto (> 8 mts)",170,"Grande",-68.8331061622,-32.8694625323,4,"1",0.185148665048544
46540,"Morera","Alto (> 8 mts)",150,"Grande",-68.8330826925,-32.8694040604,4,"1",0.185148665048544
46544,"Morera","Alto (> 8 mts)",155,"Grande",-68.8329768277,-32.8690505451,4,"1",0.185148665048544
46546,"Morera","Bajo (2 - 4 mts)",20,"Chico",-68.8329330258,-32.8688606637,4,"0",0.185148665048544
46550,"Morera","Bajo (2 - 4 mts)",20,"Chico",-68.8328155611,-32.8684420466,4,"0",0.185148665048544
46553,"Fresno europeo","Bajo (2 - 4 mts)",28,"Mediano",-68.8331826216,-32.8683617953,4,"0",0.0420032310177706
46557,"Acer","Muy bajo (1 - 2 mts)",14,"Chico",-68.8335221586,-32.8686653287,4,"0",0.0204081632653061
46564,"Morera","Alto (> 8 mts)",168,"Grande",-68.8319257242,-32.8686446111,4,"1",0.185148665048544
46566,"Palo borracho","Medio (4 - 8 mts)",105,"Grande",-68.8319392166,-32.8690010049,4,"0",0
46572,"Morera","Alto (> 8 mts)",132,"Grande",-68.8320538064,-32.8695944421,4,"1",0.185148665048544
46573,"Morera","Alto (> 8 mts)",135,"Grande",-68.8321490394,-32.8695818876,4,"0",0.185148665048544
46576,"Morera","Bajo (2 - 4 mts)",30,"Mediano",-68.8324653473,-32.8695514457,4,"0",0.185148665048544
46577,"Morera","Alto (> 8 mts)",150,"Grande",-68.8326636112,-32.8695364102,4,"0",0.185148665048544
46578,"Prunas","Bajo (2 - 4 mts)",50,"Mediano",-68.8327375453,-32.869532722,4,"0",0.0321782178217822
46580,"Morera","Alto (> 8 mts)",105,"Grande",-68.8328971849,-32.8695151756,4,"1",0.185148665048544
46581,"Morera","Alto (> 8 mts)",155,"Grande",-68.8329498295,-32.8694613534,4,"0",0.185148665048544
46584,"Morera","Medio (4 - 8 mts)",128,"Grande",-68.832889189,-32.869234013,4,"1",0.185148665048544
46585,"Morera","Alto (> 8 mts)",118,"Grande",-68.8328689264,-32.8691565304,4,"0",0.185148665048544
46587,"Morera","Alto (> 8 mts)",122,"Grande",-68.8328192397,-32.8689301387,4,"1",0.185148665048544
46588,"Morera","Alto (> 8 mts)",168,"Grande",-68.8327901414,-32.8688353317,4,"0",0.185148665048544
46593,"Morera","Alto (> 8 mts)",125,"Grande",-68.8326834653,-32.8684596334,4,"0",0.185148665048544
46595,"Morera","Alto (> 8 mts)",70,"Grande",-68.832531246,-32.86843224,4,"1",0.185148665048544
46598,"Morera","Alto (> 8 mts)",195,"Grande",-68.8321874746,-32.8684633873,4,"0",0.185148665048544
46601,"Morera","Medio (4 - 8 mts)",110,"Grande",-68.8317897821,-32.868580885,4,"0",0.185148665048544
46603,"Morera","Alto (> 8 mts)",150,"Grande",-68.8317923888,-32.8686959727,4,"0",0.185148665048544
46606,"Paraiso","Alto (> 8 mts)",114,"Grande",-68.8318092949,-32.8691115584,4,"0",0.0859023207481815
46607,"Fresno europeo","Medio (4 - 8 mts)",60,"Mediano",-68.8318118313,-32.869182976,4,"0",0.0420032310177706
46609,"Fresno europeo","Medio (4 - 8 mts)",55,"Mediano",-68.8318183366,-32.8693593561,4,"0",0.0420032310177706
46611,"Morera","Alto (> 8 mts)",144,"Grande",-68.8318297006,-32.8695655889,4,"0",0.185148665048544
46614,"Morera","Alto (> 8 mts)",132,"Grande",-68.831687532,-32.8696377235,4,"0",0.185148665048544
46615,"Morera","Alto (> 8 mts)",125,"Grande",-68.8315788429,-32.8696482875,4,"0",0.185148665048544
46617,"Morera","Alto (> 8 mts)",160,"Grande",-68.8312004871,-32.8696783766,4,"0",0.185148665048544
46619,"Morera","Alto (> 8 mts)",185,"Grande",-68.8309709233,-32.8696980626,4,"0",0.185148665048544
46624,"Morera","Bajo (2 - 4 mts)",24,"Mediano",-68.8304658466,-32.869644089,4,"0",0.185148665048544
46625,"Fresno europeo","Alto (> 8 mts)",120,"Grande",-68.8304601899,-32.8695846597,4,"0",0.0420032310177706
46626,"Morera","Alto (> 8 mts)",200,"Grande",-68.830454906,-32.8694977292,4,"0",0.185148665048544
46627,"Olmo bola","Medio (4 - 8 mts)",100,"Grande",-68.8304592284,-32.8694161317,4,"0",0.0231481481481481
46630,"Paraiso","Alto (> 8 mts)",150,"Grande",-68.8304445181,-32.8690610246,4,"0",0.0859023207481815
46647,"Morera","Alto (> 8 mts)",185,"Grande",-68.8305989569,-32.869855548,4,"0",0.185148665048544
46648,"Morera","Alto (> 8 mts)",108,"Grande",-68.8307368072,-32.8698490341,4,"1",0.185148665048544
46649,"Morera","Muy bajo (1 - 2 mts)",2,"Chico",-68.8308781067,-32.8698357106,4,"0",0.185148665048544
46650,"Morera","Muy bajo (1 - 2 mts)",4,"Chico",-68.8309389178,-32.8698332744,4,"0",0.185148665048544
46652,"Morera","Alto (> 8 mts)",110,"Grande",-68.8312518896,-32.8698025299,4,"1",0.185148665048544
46654,"Morera","Alto (> 8 mts)",180,"Grande",-68.8315752275,-32.8697803655,4,"1",0.185148665048544
46658,"Morera","Alto (> 8 mts)",165,"Grande",-68.8318593063,-32.8699091138,4,"0",0.185148665048544
46660,"Morera","Alto (> 8 mts)",128,"Grande",-68.8318609626,-32.8700987125,4,"0",0.185148665048544
46661,"Morera","Alto (> 8 mts)",138,"Grande",-68.8318591108,-32.8701740917,4,"1",0.185148665048544
46664,"Morera","Alto (> 8 mts)",145,"Grande",-68.8318644464,-32.8704624607,4,"1",0.185148665048544
46666,"Morera","Medio (4 - 8 mts)",50,"Mediano",-68.8318064416,-32.8706619673,4,"0",0.185148665048544
46667,"Morera","Alto (> 8 mts)",150,"Grande",-68.8317427197,-32.8706698931,4,"1",0.185148665048544
46670,"Morera","Alto (> 8 mts)",70,"Grande",-68.8312429381,-32.8707246479,4,"1",0.185148665048544
46672,"Morera","Medio (4 - 8 mts)",90,"Grande",-68.8310837911,-32.8707498609,4,"0",0.185148665048544
46674,"Morera","Medio (4 - 8 mts)",122,"Grande",-68.8308976857,-32.8707622197,4,"0",0.185148665048544
46675,"Morera","Alto (> 8 mts)",132,"Grande",-68.8307833707,-32.8707744174,4,"0",0.185148665048544
46681,"Morera","Alto (> 8 mts)",195,"Grande",-68.8305094118,-32.8703484054,4,"0",0.185148665048544
46683,"Morera","Alto (> 8 mts)",180,"Grande",-68.8305051243,-32.8701157283,4,"0",0.185148665048544
46685,"Morera","Alto (> 8 mts)",65,"Grande",-68.8305021976,-32.8699175067,4,"0",0.185148665048544
46686,"Morera","Alto (> 8 mts)",115,"Grande",-68.8327205076,-32.8705260957,4,"1",0.185148665048544
46688,"Paraiso sombrilla","Alto (> 8 mts)",165,"Grande",-68.8326993676,-32.8703468107,4,"0",0.022887323943662
46694,"Morera","Alto (> 8 mts)",160,"Grande",-68.8326302592,-32.8698556538,4,"0",0.185148665048544
46695,"Morera","Bajo (2 - 4 mts)",7,"Chico",-68.8326182178,-32.8697673014,4,"0",0.185148665048544
46696,"Jacarand","Bajo (2 - 4 mts)",20,"Chico",-68.8326095605,-32.8697191501,4,"0",0.103064066852368
46697,"Morera","Alto (> 8 mts)",178,"Grande",-68.8325757265,-32.8696733502,4,"0",0.185148665048544
46698,"Morera","Alto (> 8 mts)",160,"Grande",-68.8325034936,-32.869675147,4,"0",0.185148665048544
46703,"Morera","Alto (> 8 mts)",189,"Grande",-68.8320176628,-32.8697270644,4,"0",0.185148665048544
46709,"Morera","Alto (> 8 mts)",175,"Grande",-68.8319925963,-32.8701575897,4,"0",0.185148665048544
46713,"Morera","Medio (4 - 8 mts)",119,"Grande",-68.832093944,-32.8706386894,4,"0",0.185148665048544
46714,"Morera","Alto (> 8 mts)",182,"Grande",-68.8322096744,-32.8706321722,4,"0",0.185148665048544
46715,"Morera","Alto (> 8 mts)",180,"Grande",-68.8322853174,-32.8706237021,4,"1",0.185148665048544
46718,"Morera","Alto (> 8 mts)",123,"Grande",-68.8325818438,-32.8705959998,4,"0",0.185148665048544
46720,"Fresno europeo","Alto (> 8 mts)",115,"Grande",-68.8330156025,-32.8705459188,4,"0",0.0420032310177706
46722,"Morera","Alto (> 8 mts)",140,"Grande",-68.8328479455,-32.8705610453,4,"0",0.185148665048544
46723,"Morera","Alto (> 8 mts)",150,"Grande",-68.8328125588,-32.8704974547,4,"0",0.185148665048544
46725,"Fresno europeo","Medio (4 - 8 mts)",42,"Mediano",-68.8327906679,-32.8703765083,4,"0",0.0420032310177706
46727,"Prunas","Medio (4 - 8 mts)",31,"Mediano",-68.8327741577,-32.8702352809,4,"0",0.0321782178217822
46728,"Morera","Alto (> 8 mts)",150,"Grande",-68.8327633182,-32.8701469004,4,"0",0.185148665048544
46729,"Fresno europeo","Medio (4 - 8 mts)",70,"Grande",-68.8327493744,-32.8700614913,4,"0",0.0420032310177706
46732,"Paraiso","Alto (> 8 mts)",115,"Grande",-68.8328745328,-32.8696423708,4,"0",0.0859023207481815
46733,"Morera","Alto (> 8 mts)",140,"Grande",-68.8329236777,-32.8696452317,4,"0",0.185148665048544
46737,"Morera","Alto (> 8 mts)",103,"Grande",-68.8330545331,-32.8698913886,4,"0",0.185148665048544
46738,"Morera","Alto (> 8 mts)",43,"Mediano",-68.833079052,-32.8699784348,4,"0",0.185148665048544
46740,"Morera","Medio (4 - 8 mts)",105,"Grande",-68.8331124463,-32.8701188731,4,"0",0.185148665048544
46741,"Morera","Medio (4 - 8 mts)",63,"Grande",-68.8331287782,-32.8701844481,4,"0",0.185148665048544
46742,"Acer","Medio (4 - 8 mts)",80,"Grande",-68.833150425,-32.8702647277,4,"0",0.0204081632653061
46745,"Morera","Alto (> 8 mts)",155,"Grande",-68.8331704601,-32.8705210159,4,"1",0.185148665048544
46746,"Morera","Medio (4 - 8 mts)",176,"Grande",-68.8336355288,-32.8695677303,4,"0",0.185148665048544
46750,"Morera","Medio (4 - 8 mts)",140,"Grande",-68.8333272271,-32.8695971687,4,"0",0.185148665048544
46753,"Morera","Medio (4 - 8 mts)",196,"Grande",-68.8331487037,-32.8696434581,4,"0",0.185148665048544
46756,"Morera","Medio (4 - 8 mts)",145,"Grande",-68.8331913421,-32.8698685779,4,"0",0.185148665048544
46760,"Morera","Alto (> 8 mts)",200,"Grande",-68.8333129827,-32.870300381,4,"0",0.185148665048544
46761,"Morera","Alto (> 8 mts)",193,"Grande",-68.8333360978,-32.8703955405,4,"0",0.185148665048544
46762,"Morera","Alto (> 8 mts)",186,"Grande",-68.8333509505,-32.8704528891,4,"0",0.185148665048544
46765,"lamo blanco","Medio (4 - 8 mts)",156,"Grande",-68.8335270322,-32.8704892869,4,"1",0.046875
46771,"Paraiso sombrilla","Bajo (2 - 4 mts)",88,"Grande",-68.8338604391,-32.8700346587,4,"0",0.022887323943662
46772,"Paraiso sombrilla","Bajo (2 - 4 mts)",76,"Grande",-68.8338434942,-32.8699537542,4,"0",0.022887323943662
46781,"Fresno americano","Bajo (2 - 4 mts)",196,"Grande",-68.8324879371,-32.8727774045,4,"0",0.0512455516014235
46791,"Morera","Medio (4 - 8 mts)",189,"Grande",-68.832066566,-32.8720687394,4,"0",0.185148665048544
46792,"Morera","Medio (4 - 8 mts)",200,"Grande",-68.832066686,-32.8720050799,4,"0",0.185148665048544
46794,"Fresno americano","Medio (4 - 8 mts)",123,"Grande",-68.8320955768,-32.8718699548,4,"0",0.0512455516014235
46796,"Fresno americano","Medio (4 - 8 mts)",95,"Grande",-68.8322449688,-32.8718624007,4,"0",0.0512455516014235
46801,"Morera","Alto (> 8 mts)",196,"Grande",-68.8326862201,-32.8718321131,4,"0",0.185148665048544
46802,"Morera","Medio (4 - 8 mts)",156,"Grande",-68.8327297156,-32.8718294265,4,"0",0.185148665048544
46804,"Morera","Alto (> 8 mts)",236,"Grande",-68.8328983566,-32.8718151031,4,"0",0.185148665048544
46807,"Morera","Medio (4 - 8 mts)",176,"Grande",-68.8332496073,-32.8717919691,4,"0",0.185148665048544
46809,"Morera","Medio (4 - 8 mts)",180,"Grande",-68.833324107,-32.8719501353,4,"0",0.185148665048544
46811,"Paraiso","Alto (> 8 mts)",232,"Grande",-68.8333301447,-32.872092611,4,"0",0.0859023207481815
46813,"Morera","Alto (> 8 mts)",215,"Grande",-68.8333383381,-32.8722250807,4,"0",0.185148665048544
46815,"Pltano","Medio (4 - 8 mts)",175,"Grande",-68.8333439622,-32.8723641727,4,"0",0.0903973509933775
46818,"Paraiso","Alto (> 8 mts)",200,"Grande",-68.8333540921,-32.8725998457,4,"0",0.0859023207481815
46819,"Pltano","Alto (> 8 mts)",220,"Grande",-68.8333600751,-32.8726573817,4,"0",0.0903973509933775
46827,"Paraiso","Alto (> 8 mts)",108,"Grande",-68.8334390896,-32.87188726,4,"1",0.0859023207481815
46828,"Morera","Medio (4 - 8 mts)",35,"Mediano",-68.8334373433,-32.8717925798,4,"0",0.185148665048544
46831,"Morera","Alto (> 8 mts)",145,"Grande",-68.8337617267,-32.8717439592,4,"1",0.185148665048544
46832,"Paraiso","Muy bajo (1 - 2 mts)",15,"Chico",-68.8338456154,-32.8717382096,4,"0",0.0859023207481815
46836,"Fresno europeo","Alto (> 8 mts)",108,"Grande",-68.8341137676,-32.8717133515,4,"0",0.0420032310177706
46837,"Morera","Alto (> 8 mts)",95,"Grande",-68.8342939597,-32.8717226496,4,"1",0.185148665048544
46838,"Pltano","Alto (> 8 mts)",280,"Grande",-68.8343135268,-32.8717625475,4,"1",0.0903973509933775
46839,"Pltano","Alto (> 8 mts)",230,"Grande",-68.8343295656,-32.8718375518,4,"1",0.0903973509933775
46841,"Morera","Medio (4 - 8 mts)",130,"Grande",-68.8343705354,-32.8720013997,4,"1",0.185148665048544
46846,"Pltano","Alto (> 8 mts)",160,"Grande",-68.8344848475,-32.8723984884,4,"0",0.0903973509933775
46848,"Pltano","Alto (> 8 mts)",140,"Grande",-68.8345134029,-32.8725000867,4,"0",0.0903973509933775
46851,"Morera","Alto (> 8 mts)",85,"Grande",-68.8343966835,-32.8726373882,4,"1",0.185148665048544
46852,"Pltano","Alto (> 8 mts)",250,"Grande",-68.8342765662,-32.8726457952,4,"1",0.0903973509933775
46853,"Pltano","Alto (> 8 mts)",280,"Grande",-68.8340744873,-32.8726575199,4,"0",0.0903973509933775
46855,"Morera","Alto (> 8 mts)",118,"Grande",-68.8338929175,-32.8726709378,4,"1",0.185148665048544
46856,"Morera","Medio (4 - 8 mts)",108,"Grande",-68.8337828435,-32.8726774307,4,"0",0.185148665048544
46857,"Fresno europeo","Medio (4 - 8 mts)",45,"Mediano",-68.8336861784,-32.8726845032,4,"0",0.0420032310177706
46861,"Paraiso","Alto (> 8 mts)",130,"Grande",-68.8334857356,-32.8725988488,4,"0",0.0859023207481815
46864,"Morera","Medio (4 - 8 mts)",45,"Mediano",-68.8334229008,-32.8716048351,4,"0",0.185148665048544
46866,"Morera","Medio (4 - 8 mts)",50,"Mediano",-68.833411874,-32.8714447698,4,"0",0.185148665048544
46872,"Morera","Alto (> 8 mts)",135,"Grande",-68.8333843769,-32.870804433,4,"1",0.185148665048544
46873,"Morera","Alto (> 8 mts)",126,"Grande",-68.833379317,-32.8707104697,4,"0",0.185148665048544
46876,"Morera","Alto (> 8 mts)",105,"Grande",-68.8336732029,-32.8705695653,4,"1",0.185148665048544
46877,"Morera","Alto (> 8 mts)",110,"Grande",-68.8338172614,-32.8705559609,4,"1",0.185148665048544
46878,"Morera","Alto (> 8 mts)",145,"Grande",-68.8339216822,-32.8705405002,4,"0",0.185148665048544
46879,"Morera","Medio (4 - 8 mts)",90,"Grande",-68.834024267,-32.8705928445,4,"1",0.185148665048544
46881,"Morera","Alto (> 8 mts)",130,"Grande",-68.8340636523,-32.8707302248,4,"1",0.185148665048544
46882,"Pltano","Alto (> 8 mts)",180,"Grande",-68.8340996993,-32.8708815768,4,"0",0.0903973509933775
46883,"Pltano","Alto (> 8 mts)",185,"Grande",-68.8341605117,-32.8710900354,4,"0",0.0903973509933775
46885,"Morera","Alto (> 8 mts)",170,"Grande",-68.8341840483,-32.8712182045,4,"0",0.185148665048544
46886,"Pltano","Alto (> 8 mts)",150,"Grande",-68.8342206737,-32.8713368763,4,"0",0.0903973509933775
46887,"Pltano","Alto (> 8 mts)",155,"Grande",-68.834234137,-32.8713873349,4,"0",0.0903973509933775
46895,"Olmo bola","Alto (> 8 mts)",151,"Grande",-68.833687059,-32.8716571143,4,"0",0.0231481481481481
46900,"Morera","Medio (4 - 8 mts)",75,"Grande",-68.8330234486,-32.8717110559,4,"1",0.185148665048544
46905,"Morera","Alto (> 8 mts)",170,"Grande",-68.8323814,-32.8717581674,4,"1",0.185148665048544
46906,"Morera","Alto (> 8 mts)",120,"Grande",-68.832281272,-32.8717628122,4,"1",0.185148665048544
46908,"Olmo comun","Alto (> 8 mts)",110,"Grande",-68.8320381772,-32.8716864939,4,"0",0.0227272727272727
46909,"Morera","Medio (4 - 8 mts)",30,"Mediano",-68.8320425823,-32.8715671255,4,"0",0.185148665048544
46916,"Morera","Alto (> 8 mts)",170,"Grande",-68.8320257315,-32.8711712285,4,"1",0.185148665048544
46917,"Tilo","Bajo (2 - 4 mts)",35,"Mediano",-68.8320213906,-32.8710537058,4,"0",0
46919,"Morera","Alto (> 8 mts)",118,"Grande",-68.8320147312,-32.870923073,4,"0",0.185148665048544
46920,"Morera","Alto (> 8 mts)",117,"Grande",-68.8320134111,-32.8708485859,4,"1",0.185148665048544
46928,"Morera","Alto (> 8 mts)",105,"Grande",-68.8325665469,-32.8707047741,4,"0",0.185148665048544
46931,"Morera","Alto (> 8 mts)",105,"Grande",-68.8330390064,-32.8706459335,4,"1",0.185148665048544
46932,"Morera","Alto (> 8 mts)",115,"Grande",-68.8331197976,-32.8706435788,4,"0",0.185148665048544
46935,"Morera","Alto (> 8 mts)",145,"Grande",-68.8332743803,-32.870830165,4,"1",0.185148665048544
46936,"Morera","Alto (> 8 mts)",130,"Grande",-68.8332774309,-32.8709129446,4,"1",0.185148665048544
46937,"Morera","Alto (> 8 mts)",98,"Grande",-68.8332797443,-32.8709899524,4,"0",0.185148665048544
46943,"Caducifolio","Bajo (2 - 4 mts)",12,"Chico",-68.8333068824,-32.8715619331,4,"0",0.0512249443207127
46944,"Morera","Alto (> 8 mts)",108,"Grande",-68.8333143247,-32.8716389477,4,"1",0.185148665048544
46949,"Morera","Medio (4 - 8 mts)",78,"Grande",-68.8316102594,-32.8707959259,4,"0",0.185148665048544
46953,"lamo blanco","Alto (> 8 mts)",105,"Grande",-68.8313690434,-32.8708255372,4,"0",0.046875
46955,"lamo blanco","Alto (> 8 mts)",155,"Grande",-68.8312680554,-32.8708334261,4,"0",0.046875
46957,"Morera","Medio (4 - 8 mts)",52,"Mediano",-68.8311285773,-32.870854067,4,"1",0.185148665048544
46961,"lamo blanco","Alto (> 8 mts)",125,"Grande",-68.830894967,-32.8708733182,4,"0",0.046875
46962,"lamo blanco","Alto (> 8 mts)",130,"Grande",-68.8308096826,-32.8708829412,4,"0",0.046875
46966,"Morera","Medio (4 - 8 mts)",110,"Grande",-68.8313804193,-32.8710250073,4,"0",0.185148665048544
46972,"lamo blanco","Alto (> 8 mts)",180,"Grande",-68.8305605144,-32.8713293933,4,"0",0.046875
46976,"lamo blanco","Alto (> 8 mts)",180,"Grande",-68.8305785557,-32.8716559951,4,"0",0.046875
46978,"lamo blanco","Alto (> 8 mts)",180,"Grande",-68.8305819625,-32.8717377996,4,"0",0.046875
46983,"lamo blanco","Alto (> 8 mts)",150,"Grande",-68.8308939478,-32.8718408363,4,"0",0.046875
46984,"Paraiso","Bajo (2 - 4 mts)",20,"Chico",-68.8309654596,-32.8718331802,4,"0",0.0859023207481815
46988,"lamo blanco","Alto (> 8 mts)",120,"Grande",-68.8312153339,-32.8718156604,4,"0",0.046875
46989,"Morera","Alto (> 8 mts)",62,"Grande",-68.8313076635,-32.8718101945,4,"0",0.185148665048544
46990,"lamo blanco","Medio (4 - 8 mts)",51,"Mediano",-68.8314193326,-32.871805025,4,"0",0.046875
46992,"lamo blanco","Alto (> 8 mts)",150,"Grande",-68.8316059155,-32.8717938248,4,"0",0.046875
46993,"lamo blanco","Alto (> 8 mts)",145,"Grande",-68.8316651158,-32.8717912896,4,"0",0.046875
46997,"lamo blanco","Alto (> 8 mts)",150,"Grande",-68.8319269234,-32.8717225719,4,"0",0.046875
47000,"Morera","Alto (> 8 mts)",90,"Grande",-68.8319189048,-32.8715552067,4,"0",0.185148665048544
47001,"Morera","Alto (> 8 mts)",129,"Grande",-68.8319176066,-32.8715070545,4,"1",0.185148665048544
47002,"Morera","Alto (> 8 mts)",102,"Grande",-68.8319115268,-32.8714447393,4,"0",0.185148665048544
47006,"Paraiso","Alto (> 8 mts)",180,"Grande",-68.8318922857,-32.8711092832,4,"0",0.0859023207481815
47015,"Morera","Alto (> 8 mts)",170,"Grande",-68.8306264489,-32.8724565333,4,"1",0.185148665048544
47016,"Morera","Alto (> 8 mts)",230,"Grande",-68.8306325929,-32.8725329619,4,"1",0.185148665048544
47017,"Morera","Alto (> 8 mts)",240,"Grande",-68.830637595,-32.8726845299,4,"1",0.185148665048544
47018,"Morera","Alto (> 8 mts)",190,"Grande",-68.8306427217,-32.8727699606,4,"1",0.185148665048544
47019,"Morera","Alto (> 8 mts)",200,"Grande",-68.8306444597,-32.8728674361,4,"0",0.185148665048544
47025,"Fresno europeo","Medio (4 - 8 mts)",80,"Grande",-68.8312031784,-32.8728736014,4,"0",0.0420032310177706
47026,"Morera","Alto (> 8 mts)",150,"Grande",-68.8312704052,-32.8728647653,4,"1",0.185148665048544
47028,"Fresno europeo","Muy bajo (1 - 2 mts)",8,"Chico",-68.8314916134,-32.8728520791,4,"0",0.0420032310177706
47029,"Morera","Alto (> 8 mts)",210,"Grande",-68.8315419151,-32.8728464301,4,"0",0.185148665048544
47030,"Fresno americano","Alto (> 8 mts)",115,"Grande",-68.8316149393,-32.8728423266,4,"0",0.0512455516014235
47043,"Paraiso","Alto (> 8 mts)",188,"Grande",-68.8319374243,-32.8719901186,4,"0",0.0859023207481815
47049,"Morera","Alto (> 8 mts)",144,"Grande",-68.8315690468,-32.8719095527,4,"0",0.185148665048544
47050,"Fresno europeo","Medio (4 - 8 mts)",50,"Mediano",-68.83150707,-32.8719112726,4,"0",0.0420032310177706
47056,"Morera","Alto (> 8 mts)",186,"Grande",-68.831049936,-32.871935706,4,"0",0.185148665048544
47058,"Morera","Alto (> 8 mts)",145,"Grande",-68.83083839,-32.8719463928,4,"1",0.185148665048544
47059,"Morera","Alto (> 8 mts)",104,"Grande",-68.8307868849,-32.8719473664,4,"1",0.185148665048544
47061,"Morera","Alto (> 8 mts)",120,"Grande",-68.830658199,-32.8719488965,4,"0",0.185148665048544
47062,"Morera","Alto (> 8 mts)",96,"Grande",-68.8305993048,-32.8720151715,4,"0",0.185148665048544
47063,"Morera","Alto (> 8 mts)",131,"Grande",-68.8346265829,-32.8736981744,4,"1",0.185148665048544
47066,"Fresno europeo","Alto (> 8 mts)",180,"Grande",-68.8342310671,-32.8737295141,4,"0",0.0420032310177706
47068,"Morera","Bajo (2 - 4 mts)",14,"Chico",-68.8340404126,-32.8737412204,4,"0",0.185148665048544
47069,"Morera","Alto (> 8 mts)",65,"Grande",-68.8339751135,-32.8737475358,4,"0",0.185148665048544
47071,"Morera","Muy bajo (1 - 2 mts)",3,"Chico",-68.833734117,-32.8737702089,4,"0",0.185148665048544
47073,"Morera","Alto (> 8 mts)",145,"Grande",-68.8335340741,-32.8736716194,4,"0",0.185148665048544
47074,"Morera","Alto (> 8 mts)",138,"Grande",-68.8335354371,-32.8736124097,4,"1",0.185148665048544
47079,"Fresno europeo","Medio (4 - 8 mts)",30,"Mediano",-68.833519834,-32.8732404493,4,"0",0.0420032310177706
47087,"Morera","Alto (> 8 mts)",90,"Grande",-68.833785575,-32.8727768966,4,"0",0.185148665048544
47088,"Fresno americano","Medio (4 - 8 mts)",45,"Mediano",-68.8338495914,-32.8727704894,4,"0",0.0512455516014235
47092,"Pltano","Alto (> 8 mts)",250,"Grande",-68.8342315208,-32.8727358148,4,"0",0.0903973509933775
47093,"Morera","Alto (> 8 mts)",150,"Grande",-68.8343145534,-32.8727312359,4,"0",0.185148665048544
47094,"Pltano","Alto (> 8 mts)",155,"Grande",-68.8343918222,-32.8727233132,4,"0",0.0903973509933775
47097,"Pltano","Alto (> 8 mts)",180,"Grande",-68.8346181345,-32.8729071172,4,"1",0.0903973509933775
47101,"Pltano","Alto (> 8 mts)",220,"Grande",-68.8347355245,-32.8733483476,4,"0",0.0903973509933775
47105,"Fresno europeo","Medio (4 - 8 mts)",100,"Grande",-68.8321130468,-32.8730889781,4,"0",0.0420032310177706
47108,"Fresno europeo","Alto (> 8 mts)",140,"Grande",-68.8321250342,-32.8733692686,4,"0",0.0420032310177706
47109,"Morera","Alto (> 8 mts)",135,"Grande",-68.8321276422,-32.8734544903,4,"1",0.185148665048544
47110,"Morera","Alto (> 8 mts)",200,"Grande",-68.8321304378,-32.8735132655,4,"0",0.185148665048544
47118,"Fresno americano","Alto (> 8 mts)",125,"Grande",-68.8325496911,-32.8738608722,4,"0",0.0512455516014235
47120,"Fresno europeo","Alto (> 8 mts)",90,"Grande",-68.8327249623,-32.8738440647,4,"0",0.0420032310177706
47121,"Fresno europeo","Alto (> 8 mts)",180,"Grande",-68.8328213574,-32.87383698,4,"0",0.0420032310177706
47122,"Morera","Alto (> 8 mts)",138,"Grande",-68.8329354879,-32.8738310912,4,"0",0.185148665048544
47125,"Prunas","Alto (> 8 mts)",180,"Grande",-68.8331509414,-32.873811271,4,"0",0.0321782178217822
47133,"Pltano","Alto (> 8 mts)",165,"Grande",-68.8334068625,-32.8734646403,4,"1",0.0903973509933775
47135,"Fresno europeo","Muy bajo (1 - 2 mts)",8,"Chico",-68.8334033837,-32.8733856112,4,"0",0.0420032310177706
47136,"Pltano","Alto (> 8 mts)",179,"Grande",-68.833398424,-32.873316809,4,"0",0.0903973509933775
47140,"Pltano","Alto (> 8 mts)",195,"Grande",-68.8333808898,-32.8730115948,4,"0",0.0903973509933775
47148,"Paraiso","Alto (> 8 mts)",210,"Grande",-68.8330031043,-32.8728406988,4,"0",0.0859023207481815
47150,"Fresno europeo","Medio (4 - 8 mts)",105,"Grande",-68.8328259919,-32.8728563997,4,"0",0.0420032310177706
47152,"Perenne","Muy bajo (1 - 2 mts)",25,"Mediano",-68.832451263,-32.8728855226,4,"0",0.0364741641337386
47153,"Fresno europeo","Medio (4 - 8 mts)",110,"Grande",-68.8323967608,-32.8728901023,4,"0",0.0420032310177706
47156,"Morera","Medio (4 - 8 mts)",120,"Grande",-68.8321715468,-32.8729061697,4,"1",0.185148665048544
47157,"Fresno europeo","Medio (4 - 8 mts)",125,"Grande",-68.8347652793,-32.8737835155,4,"1",0.0420032310177706
47165,"Morera","Medio (4 - 8 mts)",180,"Grande",-68.8339344065,-32.8738588184,4,"0",0.185148665048544
47166,"Olmo comun","Medio (4 - 8 mts)",145,"Grande",-68.8338778548,-32.8738642941,4,"0",0.0227272727272727
47169,"Paraiso","Medio (4 - 8 mts)",72,"Grande",-68.8336162228,-32.8738850532,4,"0",0.0859023207481815
47173,"Paraiso","Alto (> 8 mts)",386,"Grande",-68.8335596727,-32.8741452618,4,"0",0.0859023207481815
47177,"Morera","Medio (4 - 8 mts)",269,"Grande",-68.8335764253,-32.8744437447,4,"0",0.185148665048544
47178,"Morera","Medio (4 - 8 mts)",245,"Grande",-68.8335883325,-32.874704891,4,"1",0.185148665048544
47181,"Morera","Medio (4 - 8 mts)",265,"Grande",-68.8335970262,-32.8749131036,4,"1",0.185148665048544
47185,"Fresno americano","Medio (4 - 8 mts)",145,"Grande",-68.8337278142,-32.8751432093,4,"0",0.0512455516014235
47194,"Morera","Medio (4 - 8 mts)",158,"Grande",-68.8348657244,-32.8750793439,4,"1",0.185148665048544
47196,"Fresno americano","Alto (> 8 mts)",250,"Grande",-68.8350423577,-32.8750701137,4,"0",0.0512455516014235
47200,"Fresno americano","Alto (> 8 mts)",186,"Grande",-68.8350564326,-32.8744786953,4,"0",0.0512455516014235
47204,"Morera","Medio (4 - 8 mts)",235,"Grande",-68.8349224458,-32.8739938699,4,"0",0.185148665048544
47205,"Fresno americano","Alto (> 8 mts)",60,"Mediano",-68.832149299,-32.8740375184,4,"0",0.0512455516014235
47207,"Morera","Alto (> 8 mts)",185,"Grande",-68.8321538607,-32.8741973344,4,"0",0.185148665048544
47208,"Fresno europeo","Medio (4 - 8 mts)",60,"Mediano",-68.8321526163,-32.874261774,4,"0",0.0420032310177706
47209,"Morera","Medio (4 - 8 mts)",56,"Mediano",-68.8321565809,-32.8743126349,4,"0",0.185148665048544
47214,"Pltano","Alto (> 8 mts)",195,"Grande",-68.8321947858,-32.87490573,4,"1",0.0903973509933775
47215,"Morera","Alto (> 8 mts)",143,"Grande",-68.8321964846,-32.8750045389,4,"0",0.185148665048544
47219,"Morera","Bajo (2 - 4 mts)",96,"Grande",-68.8322818395,-32.875222251,4,"0",0.185148665048544
47220,"Morera","Alto (> 8 mts)",162,"Grande",-68.8323770518,-32.8752170884,4,"1",0.185148665048544
47221,"Morera","Alto (> 8 mts)",122,"Grande",-68.8324520737,-32.875211959,4,"0",0.185148665048544
47222,"Fresno europeo","Alto (> 8 mts)",155,"Grande",-68.8327280846,-32.8751971502,4,"0",0.0420032310177706
47226,"Morera","Alto (> 8 mts)",176,"Grande",-68.8332610564,-32.8751707858,4,"1",0.185148665048544
47235,"Morera","Alto (> 8 mts)",158,"Grande",-68.833466665,-32.8746813454,4,"0",0.185148665048544
47251,"Morera","Alto (> 8 mts)",148,"Grande",-68.8323958287,-32.8739709433,4,"0",0.185148665048544
47254,"Fresno europeo","Alto (> 8 mts)",69,"Grande",-68.8322093383,-32.8739873746,4,"0",0.0420032310177706
47257,"Morera","Alto (> 8 mts)",152,"Grande",-68.8320191895,-32.8736851846,4,"0",0.185148665048544
47259,"Morera","Alto (> 8 mts)",115,"Grande",-68.8320035422,-32.873305418,4,"1",0.185148665048544
47260,"Pltano","Alto (> 8 mts)",168,"Grande",-68.8320007785,-32.8732411235,4,"1",0.0903973509933775
47262,"Pltano","Alto (> 8 mts)",280,"Grande",-68.8319914158,-32.8731063979,4,"0",0.0903973509933775
47264,"Fresno europeo","Alto (> 8 mts)",155,"Grande",-68.8319196828,-32.8729301385,4,"0",0.0420032310177706
47269,"Fresno europeo","Alto (> 8 mts)",94,"Grande",-68.831500334,-32.8729597405,4,"0",0.0420032310177706
47270,"Morera","Alto (> 8 mts)",78,"Grande",-68.8314031686,-32.8729672127,4,"1",0.185148665048544
47272,"Morera","Alto (> 8 mts)",145,"Grande",-68.8312561499,-32.8729776706,4,"0",0.185148665048544
47274,"Fresno americano","Medio (4 - 8 mts)",135,"Grande",-68.831117814,-32.8729807878,4,"0",0.0512455516014235
47276,"Morera","Medio (4 - 8 mts)",50,"Mediano",-68.8309268419,-32.8729949569,4,"0",0.185148665048544
47278,"Fresno europeo","Alto (> 8 mts)",175,"Grande",-68.8307294861,-32.8730103975,4,"0",0.0420032310177706
47279,"Morera","Bajo (2 - 4 mts)",10,"Chico",-68.8306535734,-32.873082607,4,"0",0.185148665048544
47280,"Fresno europeo","Alto (> 8 mts)",125,"Grande",-68.8306550891,-32.8731284151,4,"0",0.0420032310177706
47283,"Morera","Medio (4 - 8 mts)",35,"Mediano",-68.8306659906,-32.8734013581,4,"0",0.185148665048544
47284,"Acer","Alto (> 8 mts)",108,"Grande",-68.8306706507,-32.8735305058,4,"0",0.0204081632653061
47285,"Morera","Alto (> 8 mts)",98,"Grande",-68.8306715954,-32.8736007301,4,"0",0.185148665048544
47291,"Morera","Alto (> 8 mts)",138,"Grande",-68.8308113463,-32.8739906339,4,"0",0.185148665048544
47293,"Morera","Muy bajo (1 - 2 mts)",6,"Chico",-68.8310790303,-32.8739699601,4,"0",0.185148665048544
47298,"Pltano","Alto (> 8 mts)",300,"Grande",-68.8314483103,-32.8739431369,4,"1",0.0903973509933775
47299,"Morera","Alto (> 8 mts)",128,"Grande",-68.8315304826,-32.8739387626,4,"1",0.185148665048544
47300,"Prunas","Bajo (2 - 4 mts)",45,"Mediano",-68.8316046503,-32.8739327309,4,"0",0.0321782178217822
47304,"Fresno europeo","Alto (> 8 mts)",110,"Grande",-68.8318633192,-32.8739089649,4,"1",0.0420032310177706
47306,"Morera","Alto (> 8 mts)",135,"Grande",-68.8319840391,-32.8739015916,4,"1",0.185148665048544
47308,"Jacarand","Alto (> 8 mts)",90,"Grande",-68.8319959462,-32.8752366551,4,"0",0.103064066852368
47309,"Morera","Alto (> 8 mts)",160,"Grande",-68.8318921195,-32.875242804,4,"0",0.185148665048544
47313,"Paraiso","Medio (4 - 8 mts)",188,"Grande",-68.8313872142,-32.875269361,4,"1",0.0859023207481815
47314,"Fresno americano","Alto (> 8 mts)",177,"Grande",-68.8311653918,-32.8752771049,4,"0",0.0512455516014235
47316,"Pltano","Alto (> 8 mts)",250,"Grande",-68.8307625313,-32.8752588791,4,"0",0.0903973509933775
47317,"Morera","Alto (> 8 mts)",87,"Grande",-68.830761216,-32.8752200144,4,"1",0.185148665048544
47321,"Morera","Alto (> 8 mts)",152,"Grande",-68.83073108,-32.8747987105,4,"0",0.185148665048544
47322,"Morera","Alto (> 8 mts)",210,"Grande",-68.8307311341,-32.8746577759,4,"0",0.185148665048544
47323,"Morera","Alto (> 8 mts)",192,"Grande",-68.8307240284,-32.8745733678,4,"0",0.185148665048544
47329,"Morera","Alto (> 8 mts)",144,"Grande",-68.830826564,-32.8740904693,4,"0",0.185148665048544
47330,"Pltano","Alto (> 8 mts)",190,"Grande",-68.8309105579,-32.8740867957,4,"0",0.0903973509933775
47334,"Morera","Alto (> 8 mts)",115,"Grande",-68.831491823,-32.8740404215,4,"0",0.185148665048544
47336,"Fresno europeo","Medio (4 - 8 mts)",55,"Mediano",-68.8316922056,-32.8740234672,4,"0",0.0420032310177706
47337,"Morera","Alto (> 8 mts)",148,"Grande",-68.8318191672,-32.8740142576,4,"0",0.185148665048544
47340,"Fresno americano","Alto (> 8 mts)",96,"Grande",-68.8320405367,-32.8741430509,4,"0",0.0512455516014235
47345,"Pltano","Alto (> 8 mts)",180,"Grande",-68.8320644133,-32.8745708464,4,"0",0.0903973509933775
47346,"Pltano","Alto (> 8 mts)",205,"Grande",-68.8320691447,-32.874668416,4,"0",0.0903973509933775
47350,"Pltano","Alto (> 8 mts)",200,"Grande",-68.8320873964,-32.8751327224,4,"0",0.0903973509933775
47351,"Morera","Bajo (2 - 4 mts)",40,"Mediano",-68.8278656171,-32.8753051126,4,"0",0.185148665048544
47352,"Pltano","Alto (> 8 mts)",230,"Grande",-68.8278570195,-32.8751270623,4,"1",0.0903973509933775
47353,"Morera","Medio (4 - 8 mts)",110,"Grande",-68.8278549736,-32.8750799009,4,"0",0.185148665048544
47359,"Morera","Medio (4 - 8 mts)",150,"Grande",-68.8278175932,-32.8745173731,4,"1",0.185148665048544
47360,"Morera","Medio (4 - 8 mts)",146,"Grande",-68.8278124576,-32.8744102449,4,"0",0.185148665048544
47364,"Morera","Medio (4 - 8 mts)",210,"Grande",-68.8280025003,-32.8742749304,4,"1",0.185148665048544
47365,"Morera","Medio (4 - 8 mts)",180,"Grande",-68.8280612872,-32.8742732115,4,"1",0.185148665048544
47368,"Fresno europeo","Medio (4 - 8 mts)",196,"Grande",-68.8284902312,-32.8742447234,4,"0",0.0420032310177706
47369,"Morera","Medio (4 - 8 mts)",210,"Grande",-68.8285714542,-32.8742374409,4,"0",0.185148665048544
47370,"Morera","Medio (4 - 8 mts)",150,"Grande",-68.8286685163,-32.87423172,4,"1",0.185148665048544
47373,"Fresno americano","Medio (4 - 8 mts)",130,"Grande",-68.8289422739,-32.8742182916,4,"0",0.0512455516014235
47374,"Morera","Medio (4 - 8 mts)",230,"Grande",-68.8290341791,-32.8742126464,4,"1",0.185148665048544
47375,"Fresno europeo","Alto (> 8 mts)",240,"Grande",-68.8291656245,-32.8742047107,4,"1",0.0420032310177706
47379,"Morera","Medio (4 - 8 mts)",9,"Chico",-68.829246281,-32.8744929119,4,"0",0.185148665048544
47380,"Morera","Alto (> 8 mts)",200,"Grande",-68.8292523842,-32.8746536021,4,"0",0.185148665048544
47381,"Morera","Medio (4 - 8 mts)",180,"Grande",-68.8292543336,-32.8747515286,4,"0",0.185148665048544
47383,"Morera","Alto (> 8 mts)",280,"Grande",-68.8292572813,-32.8748860653,4,"0",0.185148665048544
47384,"Morera","Alto (> 8 mts)",296,"Grande",-68.8292602662,-32.8750012156,4,"1",0.185148665048544
47387,"Morera","Medio (4 - 8 mts)",228,"Grande",-68.8291370982,-32.8753910145,4,"0",0.185148665048544
47392,"Fresno europeo","Alto (> 8 mts)",220,"Grande",-68.8286824613,-32.8754114175,4,"0",0.0420032310177706
47393,"Morera","Alto (> 8 mts)",236,"Grande",-68.8285891124,-32.8754148603,4,"1",0.185148665048544
47394,"Perenne","Muy bajo (1 - 2 mts)",25,"Mediano",-68.8285403331,-32.8754169936,4,"0",0.0364741641337386
47395,"Fresno americano","Medio (4 - 8 mts)",80,"Grande",-68.828486968,-32.8754205957,4,"0",0.0512455516014235
47400,"Morera","Alto (> 8 mts)",165,"Grande",-68.826287205,-32.8746383384,4,"0",0.185148665048544
47406,"Morera","Alto (> 8 mts)",185,"Grande",-68.8263575907,-32.8752573584,4,"0",0.185148665048544
47407,"Morera","Alto (> 8 mts)",180,"Grande",-68.8263691651,-32.8753495275,4,"0",0.185148665048544
47409,"Morera","Alto (> 8 mts)",180,"Grande",-68.8264732018,-32.8754826122,4,"0",0.185148665048544
47410,"Morera","Medio (4 - 8 mts)",26,"Mediano",-68.8270063503,-32.8754655224,4,"0",0.185148665048544
47411,"Morera","Alto (> 8 mts)",210,"Grande",-68.8271242981,-32.8754612392,4,"0",0.185148665048544
47420,"Morera","Alto (> 8 mts)",170,"Grande",-68.8277310003,-32.8750910916,4,"1",0.185148665048544
47421,"Morera","Alto (> 8 mts)",140,"Grande",-68.8277215825,-32.8749881053,4,"1",0.185148665048544
47422,"Morera","Alto (> 8 mts)",143,"Grande",-68.827716383,-32.8749140691,4,"1",0.185148665048544
47424,"Morera","Alto (> 8 mts)",155,"Grande",-68.8277018622,-32.874687183,4,"0",0.185148665048544
47425,"Morera","Alto (> 8 mts)",184,"Grande",-68.8276998341,-32.8746308244,4,"1",0.185148665048544
47426,"Morera","Alto (> 8 mts)",180,"Grande",-68.8276946025,-32.8745733793,4,"1",0.185148665048544
47427,"Paraiso","Alto (> 8 mts)",160,"Grande",-68.8276799769,-32.874400775,4,"0",0.0859023207481815
47431,"Morera","Medio (4 - 8 mts)",110,"Grande",-68.8273681109,-32.8743244224,4,"0",0.185148665048544
47433,"Morera","Medio (4 - 8 mts)",70,"Grande",-68.8271939263,-32.8743309446,4,"0",0.185148665048544
47437,"Morera","Alto (> 8 mts)",197,"Grande",-68.8264287545,-32.8743808309,4,"0",0.185148665048544
47440,"Fresno europeo","Alto (> 8 mts)",150,"Grande",-68.8304383961,-32.8741299789,4,"0",0.0420032310177706
47443,"Paraiso","Alto (> 8 mts)",160,"Grande",-68.8302235991,-32.8741409587,4,"0",0.0859023207481815
47447,"Morera","Medio (4 - 8 mts)",105,"Grande",-68.8299142338,-32.8741600529,4,"0",0.185148665048544
47448,"Morera","Alto (> 8 mts)",190,"Grande",-68.8296710407,-32.8741741689,4,"0",0.185148665048544
47452,"Morera","Alto (> 8 mts)",160,"Grande",-68.8306446529,-32.8752387101,4,"1",0.185148665048544
47455,"Morera","Alto (> 8 mts)",152,"Grande",-68.8306450096,-32.8750510682,4,"0",0.185148665048544
47456,"Morera","Alto (> 8 mts)",188,"Grande",-68.8306468409,-32.8749831831,4,"1",0.185148665048544
47458,"Morera","Alto (> 8 mts)",158,"Grande",-68.8306326216,-32.8748225623,4,"0",0.185148665048544
47462,"Morera","Alto (> 8 mts)",160,"Grande",-68.8306173314,-32.8744344527,4,"0",0.185148665048544
47464,"Morera","Alto (> 8 mts)",215,"Grande",-68.8306026097,-32.8743093679,4,"0",0.185148665048544
47469,"Fresno europeo","Alto (> 8 mts)",190,"Grande",-68.8302309367,-32.8753367946,4,"0",0.0420032310177706
47472,"Fresno europeo","Alto (> 8 mts)",170,"Grande",-68.829793866,-32.8753540541,4,"0",0.0420032310177706
47474,"Fresno europeo","Alto (> 8 mts)",80,"Grande",-68.8296525102,-32.8753614377,4,"0",0.0420032310177706
47476,"Fresno europeo","Muy bajo (1 - 2 mts)",2,"Chico",-68.8294573123,-32.8753732247,4,"0",0.0420032310177706
47479,"Fresno europeo","Alto (> 8 mts)",183,"Grande",-68.8293828391,-32.8751631467,4,"0",0.0420032310177706
47484,"Morera","Alto (> 8 mts)",96,"Grande",-68.8293668062,-32.8746077718,4,"0",0.185148665048544
47486,"Morera","Medio (4 - 8 mts)",51,"Mediano",-68.8293585792,-32.8744400456,4,"0",0.185148665048544
47489,"Morera","Alto (> 8 mts)",110,"Grande",-68.8259549815,-32.8702153393,4,"0",0.185148665048544
47491,"Morera","Alto (> 8 mts)",150,"Grande",-68.8261056484,-32.870210319,4,"0",0.185148665048544
47492,"Fresno europeo","Muy bajo (1 - 2 mts)",6,"Chico",-68.8261925455,-32.8702114064,4,"0",0.0420032310177706
47495,"Morera","Medio (4 - 8 mts)",130,"Grande",-68.8266699008,-32.870201674,4,"0",0.185148665048544
47500,"Morera","Medio (4 - 8 mts)",50,"Mediano",-68.8274025701,-32.8703952185,4,"0",0.185148665048544
47501,"Paraiso sombrilla","Medio (4 - 8 mts)",55,"Mediano",-68.8274086298,-32.8705081496,4,"0",0.022887323943662
47503,"Olmo bola","Medio (4 - 8 mts)",131,"Grande",-68.8274201509,-32.8706280908,4,"0",0.0231481481481481
47505,"Morera","Alto (> 8 mts)",132,"Grande",-68.8273661453,-32.8711015013,4,"1",0.185148665048544
47506,"Morera","Alto (> 8 mts)",125,"Grande",-68.8271899405,-32.8711028035,4,"0",0.185148665048544
47511,"Morera","Alto (> 8 mts)",160,"Grande",-68.8268371634,-32.8711070306,4,"1",0.185148665048544
47513,"Prunas","Muy bajo (1 - 2 mts)",10,"Chico",-68.8267043883,-32.8711108602,4,"0",0.0321782178217822
47514,"Morera","Alto (> 8 mts)",157,"Grande",-68.8265451753,-32.8711140659,4,"0",0.185148665048544
47520,"Morera","Medio (4 - 8 mts)",52,"Mediano",-68.8261209649,-32.8711219529,4,"0",0.185148665048544
47525,"Morera","Alto (> 8 mts)",120,"Grande",-68.825903617,-32.8708014591,4,"0",0.185148665048544
47531,"Morera","Alto (> 8 mts)",154,"Grande",-68.8258700887,-32.8704619247,4,"0",0.185148665048544
47532,"Morera","Alto (> 8 mts)",105,"Grande",-68.8258626955,-32.8704178215,4,"0",0.185148665048544
47533,"Morera","Alto (> 8 mts)",157,"Grande",-68.8258606563,-32.8703677747,4,"0",0.185148665048544
47534,"Morera","Alto (> 8 mts)",155,"Grande",-68.8258543409,-32.8703188941,4,"0",0.185148665048544
47538,"Morera","Alto (> 8 mts)",130,"Grande",-68.8264030056,-32.8712348418,4,"0",0.185148665048544
47542,"Morera","Alto (> 8 mts)",128,"Grande",-68.8266340539,-32.8712301686,4,"0",0.185148665048544
47543,"Morera","Alto (> 8 mts)",138,"Grande",-68.8267668612,-32.8712296736,4,"0",0.185148665048544
47544,"Morera","Alto (> 8 mts)",140,"Grande",-68.8268245619,-32.8712288518,4,"0",0.185148665048544
47547,"Morera","Alto (> 8 mts)",145,"Grande",-68.8270168577,-32.8712247149,4,"1",0.185148665048544
47548,"Morera","Alto (> 8 mts)",135,"Grande",-68.8270944663,-32.8712230296,4,"0",0.185148665048544
47550,"Morera","Alto (> 8 mts)",120,"Grande",-68.8272125508,-32.8712180721,4,"1",0.185148665048544
47553,"Morera","Alto (> 8 mts)",121,"Grande",-68.8273594207,-32.8712158926,4,"0",0.185148665048544
47555,"Paraiso","Alto (> 8 mts)",130,"Grande",-68.8274580619,-32.8712720464,4,"0",0.0859023207481815
47562,"Morera","Alto (> 8 mts)",103,"Grande",-68.8274956618,-32.8717684483,4,"1",0.185148665048544
47564,"Morera","Medio (4 - 8 mts)",100,"Grande",-68.8275158394,-32.8719776979,4,"1",0.185148665048544
47568,"Morera","Alto (> 8 mts)",112,"Grande",-68.8271908986,-32.8720360399,4,"1",0.185148665048544
47572,"Morera","Alto (> 8 mts)",180,"Grande",-68.826694004,-32.8720547389,4,"1",0.185148665048544
47573,"Fresno europeo","Medio (4 - 8 mts)",65,"Grande",-68.8266213411,-32.8720568023,4,"0",0.0420032310177706
47576,"Fresno europeo","Medio (4 - 8 mts)",68,"Grande",-68.8263210634,-32.8720700013,4,"0",0.0420032310177706
47577,"Fresno europeo","Medio (4 - 8 mts)",68,"Grande",-68.826234506,-32.8720740289,4,"0",0.0420032310177706
47580,"Morera","Alto (> 8 mts)",110,"Grande",-68.8260273383,-32.8720106224,4,"1",0.185148665048544
47581,"Morera","Alto (> 8 mts)",70,"Grande",-68.8260221523,-32.8719304546,4,"0",0.185148665048544
47588,"Morera","Alto (> 8 mts)",130,"Grande",-68.8259713507,-32.8714673497,4,"1",0.185148665048544
47589,"Fresno europeo","Medio (4 - 8 mts)",64,"Grande",-68.8259592058,-32.8713346179,4,"0",0.0420032310177706
47594,"Morera","Alto (> 8 mts)",120,"Grande",-68.8297406271,-32.8719011263,4,"1",0.185148665048544
47595,"Morera","Alto (> 8 mts)",90,"Grande",-68.8296733064,-32.8719034692,4,"1",0.185148665048544
47597,"Paraiso","Alto (> 8 mts)",100,"Grande",-68.8295322475,-32.8719115726,4,"1",0.0859023207481815
47599,"Morera","Medio (4 - 8 mts)",90,"Grande",-68.8294157709,-32.8719161928,4,"1",0.185148665048544
47601,"Morera","Alto (> 8 mts)",180,"Grande",-68.8292670373,-32.871856617,4,"1",0.185148665048544
47602,"Morera","Alto (> 8 mts)",165,"Grande",-68.8292571032,-32.8717830946,4,"1",0.185148665048544
47603,"Morera","Alto (> 8 mts)",140,"Grande",-68.829261178,-32.8717381994,4,"1",0.185148665048544
47608,"Perenne","Medio (4 - 8 mts)",150,"Grande",-68.8292458431,-32.8712876183,4,"0",0.0364741641337386
47609,"Morera","Alto (> 8 mts)",185,"Grande",-68.8292450533,-32.8712313939,4,"1",0.185148665048544
47612,"Morera","Alto (> 8 mts)",145,"Grande",-68.8293533456,-32.8710364151,4,"1",0.185148665048544
47615,"Morera","Alto (> 8 mts)",168,"Grande",-68.8295863239,-32.8710127476,4,"0",0.185148665048544
47618,"Morera","Alto (> 8 mts)",135,"Grande",-68.8298737576,-32.8709877507,4,"0",0.185148665048544
47620,"Caducifolio","Muy bajo (1 - 2 mts)",6,"Chico",-68.8300866379,-32.8709659504,4,"0",0.0512249443207127
47621,"Morera","Alto (> 8 mts)",170,"Grande",-68.8301470118,-32.8709590019,4,"1",0.185148665048544
47622,"Pltano","Alto (> 8 mts)",150,"Grande",-68.8302136517,-32.8709507526,4,"1",0.0903973509933775
47623,"Pltano","Alto (> 8 mts)",190,"Grande",-68.8302949941,-32.8709408145,4,"1",0.0903973509933775
47624,"Morera","Alto (> 8 mts)",120,"Grande",-68.8304187845,-32.8709607691,4,"0",0.185148665048544
47626,"Morera","Alto (> 8 mts)",170,"Grande",-68.8304254098,-32.8711024523,4,"1",0.185148665048544
47629,"Morera","Alto (> 8 mts)",115,"Grande",-68.8304402377,-32.8713852562,4,"0",0.185148665048544
47630,"Pltano","Alto (> 8 mts)",170,"Grande",-68.830450034,-32.8715046745,4,"0",0.0903973509933775
47632,"Morera","Alto (> 8 mts)",132,"Grande",-68.8304531713,-32.8715758792,4,"1",0.185148665048544
47634,"Morera","Alto (> 8 mts)",158,"Grande",-68.8304611601,-32.8717136508,4,"0",0.185148665048544
47635,"Pltano","Alto (> 8 mts)",250,"Grande",-68.830470545,-32.8718353922,4,"0",0.0903973509933775
47636,"Prunas","Medio (4 - 8 mts)",48,"Mediano",-68.8290911464,-32.8719408168,4,"0",0.0321782178217822
47640,"Morera","Alto (> 8 mts)",207,"Grande",-68.8285117066,-32.8719702305,4,"0",0.185148665048544
47642,"Morera","Medio (4 - 8 mts)",180,"Grande",-68.8283439381,-32.8719765756,4,"0",0.185148665048544
47643,"Morera","Alto (> 8 mts)",280,"Grande",-68.8281676172,-32.8719850872,4,"1",0.185148665048544
47644,"Morera","Muy bajo (1 - 2 mts)",8,"Chico",-68.8278951205,-32.8719986888,4,"0",0.185148665048544
47645,"Morera","Medio (4 - 8 mts)",177,"Grande",-68.8277968068,-32.872004144,4,"1",0.185148665048544
47649,"Fresno americano","Bajo (2 - 4 mts)",60,"Mediano",-68.8276222042,-32.8716768592,4,"0",0.0512455516014235
47651,"Morera","Alto (> 8 mts)",197,"Grande",-68.827603337,-32.8714877479,4,"0",0.185148665048544
47654,"Pltano","Alto (> 8 mts)",397,"Grande",-68.8278790146,-32.8711758872,4,"0",0.0903973509933775
47659,"Morera","Medio (4 - 8 mts)",240,"Grande",-68.8286821902,-32.8711077234,4,"1",0.185148665048544
47661,"Morera","Bajo (2 - 4 mts)",50,"Mediano",-68.8288905851,-32.8710883517,4,"0",0.185148665048544
47667,"Morera","Medio (4 - 8 mts)",172,"Grande",-68.8291416859,-32.8718583493,4,"0",0.185148665048544
47669,"Morera","Alto (> 8 mts)",160,"Grande",-68.830353047,-32.8729375536,4,"0",0.185148665048544
47670,"Morera","Alto (> 8 mts)",155,"Grande",-68.8302782442,-32.8729407884,4,"0",0.185148665048544
47671,"Fresno americano","Alto (> 8 mts)",154,"Grande",-68.8301232914,-32.8729496852,4,"0",0.0512455516014235
47674,"Fresno americano","Medio (4 - 8 mts)",80,"Grande",-68.8295579734,-32.8729857955,4,"0",0.0512455516014235
47678,"Fresno americano","Medio (4 - 8 mts)",50,"Mediano",-68.8293048813,-32.8729085359,4,"0",0.0512455516014235
47680,"Morera","Alto (> 8 mts)",160,"Grande",-68.8292977075,-32.8727489263,4,"0",0.185148665048544
47681,"Fresno europeo","Medio (4 - 8 mts)",50,"Mediano",-68.8292946518,-32.8726707453,4,"0",0.0420032310177706
47683,"Fresno americano","Medio (4 - 8 mts)",27,"Mediano",-68.829286499,-32.8724644267,4,"0",0.0512455516014235
47684,"Fresno europeo","Medio (4 - 8 mts)",30,"Mediano",-68.8292863971,-32.8724111157,4,"0",0.0420032310177706
47686,"Morera","Alto (> 8 mts)",200,"Grande",-68.8292794559,-32.8722366492,4,"0",0.185148665048544
47691,"Paraiso","Alto (> 8 mts)",195,"Grande",-68.8297863961,-32.8719937023,4,"0",0.0859023207481815
47692,"Morera","Medio (4 - 8 mts)",60,"Mediano",-68.8299949758,-32.8719904892,4,"0",0.185148665048544
47693,"Morera","Alto (> 8 mts)",147,"Grande",-68.8301586102,-32.8719785143,4,"0",0.185148665048544
47694,"Morera","Alto (> 8 mts)",160,"Grande",-68.8302480342,-32.8719722381,4,"0",0.185148665048544
47695,"Morera","Alto (> 8 mts)",215,"Grande",-68.8303410067,-32.8719659622,4,"0",0.185148665048544
47696,"Morera","Alto (> 8 mts)",148,"Grande",-68.8304766436,-32.871999599,4,"0",0.185148665048544
47698,"Morera","Alto (> 8 mts)",150,"Grande",-68.8304910942,-32.8721714237,4,"0",0.185148665048544
47701,"Fresno europeo","Alto (> 8 mts)",55,"Mediano",-68.8305074817,-32.8726393925,4,"0",0.0420032310177706
47702,"Morera","Alto (> 8 mts)",170,"Grande",-68.8305198528,-32.8728764646,4,"1",0.185148665048544
47705,"Morera","Medio (4 - 8 mts)",140,"Grande",-68.8288515792,-32.8730378506,4,"1",0.185148665048544
47707,"Fresno europeo","Medio (4 - 8 mts)",120,"Grande",-68.8282040619,-32.8730860476,4,"0",0.0420032310177706
47710,"Fresno europeo","Muy bajo (1 - 2 mts)",40,"Mediano",-68.8280105374,-32.8730963892,4,"0",0.0420032310177706
47716,"Morera","Medio (4 - 8 mts)",220,"Grande",-68.8276826099,-32.8724872946,4,"1",0.185148665048544
47720,"Fresno europeo","Medio (4 - 8 mts)",110,"Grande",-68.8278230285,-32.872107892,4,"0",0.0420032310177706
47721,"Morera","Medio (4 - 8 mts)",210,"Grande",-68.8279652794,-32.8720985992,4,"1",0.185148665048544
47723,"Morera","Medio (4 - 8 mts)",246,"Grande",-68.8283458718,-32.8720820836,4,"1",0.185148665048544
47725,"Fresno europeo","Medio (4 - 8 mts)",200,"Grande",-68.8285360824,-32.8720741391,4,"0",0.0420032310177706
47727,"Morera","Alto (> 8 mts)",237,"Grande",-68.8288042924,-32.8720672027,4,"1",0.185148665048544
47732,"Morera","Medio (4 - 8 mts)",180,"Grande",-68.8291553285,-32.872330346,4,"0",0.185148665048544
47734,"Fresno europeo","Alto (> 8 mts)",200,"Grande",-68.8291603674,-32.8724886904,4,"0",0.0420032310177706
47736,"Morera","Medio (4 - 8 mts)",95,"Grande",-68.829169684,-32.8726451469,4,"1",0.185148665048544
47737,"Morera","Medio (4 - 8 mts)",67,"Grande",-68.8291770246,-32.8727176532,4,"0",0.185148665048544
47739,"Pltano","Alto (> 8 mts)",198,"Grande",-68.8275371133,-32.8731312641,4,"0",0.0903973509933775
47746,"Pltano","Alto (> 8 mts)",26,"Mediano",-68.8265282792,-32.8732062426,4,"0",0.0903973509933775
47748,"Fresno europeo","Alto (> 8 mts)",145,"Grande",-68.8263957786,-32.8732079523,4,"0",0.0420032310177706
47751,"Morera","Alto (> 8 mts)",154,"Grande",-68.8261256891,-32.8730810696,4,"0",0.185148665048544
47754,"Morera","Alto (> 8 mts)",183,"Grande",-68.8261027139,-32.8728083655,4,"0",0.185148665048544
47757,"Morera","Alto (> 8 mts)",175,"Grande",-68.8260723786,-32.8724745163,4,"0",0.185148665048544
47760,"Morera","Alto (> 8 mts)",185,"Grande",-68.8261263762,-32.8721816311,4,"1",0.185148665048544
47761,"Fresno americano","Alto (> 8 mts)",120,"Grande",-68.8262026346,-32.8721801618,4,"0",0.0512455516014235
47762,"Morera","Alto (> 8 mts)",180,"Grande",-68.8263405525,-32.8721760603,4,"1",0.185148665048544
47763,"Fresno americano","Alto (> 8 mts)",198,"Grande",-68.8264787385,-32.872168723,4,"0",0.0512455516014235
47765,"Morera","Alto (> 8 mts)",110,"Grande",-68.8267667766,-32.8721616661,4,"0",0.185148665048544
47767,"Pltano","Alto (> 8 mts)",198,"Grande",-68.8271436704,-32.8721461616,4,"0",0.0903973509933775
47769,"Morera","Medio (4 - 8 mts)",50,"Mediano",-68.8273409727,-32.8721350728,4,"0",0.185148665048544
47770,"Pltano","Alto (> 8 mts)",154,"Grande",-68.8274386152,-32.8721280841,4,"0",0.0903973509933775
47771,"Pltano","Alto (> 8 mts)",150,"Grande",-68.8275358325,-32.8721972726,4,"0",0.0903973509933775
47774,"Paraiso sombrilla","Medio (4 - 8 mts)",143,"Grande",-68.8275484961,-32.8724392299,4,"0",0.022887323943662
47780,"Morera","Alto (> 8 mts)",120,"Grande",-68.8271870492,-32.8732541669,4,"0",0.185148665048544
47790,"Morera","Alto (> 8 mts)",196,"Grande",-68.8276372605,-32.8738355347,4,"0",0.185148665048544
47791,"Morera","Alto (> 8 mts)",150,"Grande",-68.8276476155,-32.8740062395,4,"0",0.185148665048544
47793,"Morera","Alto (> 8 mts)",142,"Grande",-68.8276580773,-32.8741217609,4,"1",0.185148665048544
47795,"Morera","Alto (> 8 mts)",198,"Grande",-68.8276269166,-32.8742112561,4,"1",0.185148665048544
47796,"Morera","Alto (> 8 mts)",140,"Grande",-68.8275814293,-32.8742126965,4,"1",0.185148665048544
47799,"Olmo comun","Alto (> 8 mts)",180,"Grande",-68.8273566657,-32.8742246802,4,"0",0.0227272727272727
47802,"Morera","Alto (> 8 mts)",200,"Grande",-68.82710114,-32.8742399257,4,"1",0.185148665048544
47804,"Fresno americano","Alto (> 8 mts)",122,"Grande",-68.8269590034,-32.8742507298,4,"0",0.0512455516014235
47806,"Morera","Alto (> 8 mts)",178,"Grande",-68.8268093965,-32.8742588192,4,"1",0.185148665048544
47808,"Prunas","Bajo (2 - 4 mts)",30,"Mediano",-68.8267225507,-32.8742622453,4,"0",0.0321782178217822
47810,"Morera","Alto (> 8 mts)",95,"Grande",-68.8265336703,-32.8742787244,4,"0",0.185148665048544
47812,"Morera","Alto (> 8 mts)",145,"Grande",-68.8262964289,-32.8742919205,4,"1",0.185148665048544
47813,"Morera","Alto (> 8 mts)",115,"Grande",-68.8262367344,-32.8742182594,4,"1",0.185148665048544
47814,"Morera","Alto (> 8 mts)",125,"Grande",-68.8262315342,-32.8741452151,4,"1",0.185148665048544
47815,"Morera","Medio (4 - 8 mts)",128,"Grande",-68.8262168578,-32.8740001122,4,"1",0.185148665048544
47816,"Morera","Alto (> 8 mts)",145,"Grande",-68.8262042213,-32.8739047856,4,"0",0.185148665048544
47817,"Morera","Alto (> 8 mts)",160,"Grande",-68.8262021578,-32.873867092,4,"1",0.185148665048544
47819,"Morera","Alto (> 8 mts)",160,"Grande",-68.8261664304,-32.8735582123,4,"1",0.185148665048544
47820,"Morera","Alto (> 8 mts)",125,"Grande",-68.826160188,-32.8734717312,4,"1",0.185148665048544
47823,"Fresno europeo","Bajo (2 - 4 mts)",35,"Mediano",-68.8290716764,-32.8741123238,4,"0",0.0420032310177706
47829,"Morera","Alto (> 8 mts)",108,"Grande",-68.8284626372,-32.8741471223,4,"1",0.185148665048544
47830,"Morera","Alto (> 8 mts)",140,"Grande",-68.8283345725,-32.8741540159,4,"1",0.185148665048544
47832,"Morera","Alto (> 8 mts)",90,"Grande",-68.8282029194,-32.8741609982,4,"1",0.185148665048544
47833,"Pltano","Alto (> 8 mts)",165,"Grande",-68.8281099819,-32.874166746,4,"1",0.0903973509933775
47842,"Fresno europeo","Alto (> 8 mts)",118,"Grande",-68.8278885051,-32.8732104659,4,"0",0.0420032310177706
47843,"Morera","Alto (> 8 mts)",122,"Grande",-68.8279579729,-32.8732034381,4,"1",0.185148665048544
47849,"Paraiso","Alto (> 8 mts)",135,"Grande",-68.8286868424,-32.8731518805,4,"0",0.0859023207481815
47850,"Paraiso","Alto (> 8 mts)",210,"Grande",-68.8287370338,-32.8731487825,4,"0",0.0859023207481815
47853,"Morera","Alto (> 8 mts)",138,"Grande",-68.8289935227,-32.8731265009,4,"0",0.185148665048544
47854,"Fresno europeo","Alto (> 8 mts)",168,"Grande",-68.8291570212,-32.87311915,4,"1",0.0420032310177706
47856,"Morera","Alto (> 8 mts)",158,"Grande",-68.8291961169,-32.8733485041,4,"1",0.185148665048544
47858,"Olmo bola","Alto (> 8 mts)",170,"Grande",-68.8292074711,-32.8735284625,4,"0",0.0231481481481481
47859,"Fresno europeo","Alto (> 8 mts)",130,"Grande",-68.8292065454,-32.8736796996,4,"0",0.0420032310177706
47867,"Fresno americano","Medio (4 - 8 mts)",33,"Mediano",-68.830017056,-32.874058698,4,"0",0.0512455516014235
47871,"Morera","Alto (> 8 mts)",168,"Grande",-68.8295644364,-32.8740755912,4,"1",0.185148665048544
47872,"Fresno americano","Bajo (2 - 4 mts)",48,"Mediano",-68.8294698852,-32.8740809753,4,"1",0.0512455516014235
47876,"Fresno europeo","Medio (4 - 8 mts)",65,"Grande",-68.8293375047,-32.873727679,4,"0",0.0420032310177706
47880,"Paraiso","Medio (4 - 8 mts)",108,"Grande",-68.8293284727,-32.8734224433,4,"0",0.0859023207481815
47886,"Fresno americano","Alto (> 8 mts)",84,"Grande",-68.8296357845,-32.873085719,4,"1",0.0512455516014235
47887,"Fresno europeo","Medio (4 - 8 mts)",77,"Grande",-68.8297960863,-32.8730736742,4,"0",0.0420032310177706
47889,"Morera","Alto (> 8 mts)",220,"Grande",-68.8300172946,-32.8730612611,4,"0",0.185148665048544
47893,"Fresno americano","Medio (4 - 8 mts)",175,"Grande",-68.8304359528,-32.8730306289,4,"0",0.0512455516014235
47901,"Morera","Alto (> 8 mts)",200,"Grande",-68.8305873124,-32.8739251355,4,"1",0.185148665048544
47902,"Morera","Alto (> 8 mts)",220,"Grande",-68.8305943569,-32.873998909,4,"1",0.185148665048544
47905,"Morera","Medio (4 - 8 mts)",165,"Grande",-68.8290662373,-32.8703693105,4,"0",0.185148665048544
47907,"Fresno europeo","Medio (4 - 8 mts)",96,"Grande",-68.8290806416,-32.8706026886,4,"0",0.0420032310177706
47912,"Morera","Medio (4 - 8 mts)",160,"Grande",-68.8290949565,-32.8709384089,4,"0",0.185148665048544
47914,"Morera","Medio (4 - 8 mts)",200,"Grande",-68.828873689,-32.8709842731,4,"0",0.185148665048544
47918,"Fresno europeo","Bajo (2 - 4 mts)",27,"Mediano",-68.8284205652,-32.8710257615,4,"0",0.0420032310177706
47919,"Morera","Medio (4 - 8 mts)",78,"Grande",-68.828257583,-32.8710338767,4,"0",0.185148665048544
47930,"Caducifolio","Bajo (2 - 4 mts)",80,"Grande",-68.8275326203,-32.8705399701,4,"0",0.0512249443207127
47932,"Olmo comun","Bajo (2 - 4 mts)",44,"Mediano",-68.8275252062,-32.8704510529,4,"0",0.0227272727272727
47934,"Olmo comun","Medio (4 - 8 mts)",112,"Grande",-68.8275171987,-32.870227061,4,"0",0.0227272727272727
47939,"Olmo comun","Alto (> 8 mts)",312,"Grande",-68.8278854945,-32.8701231521,4,"0",0.0227272727272727
47941,"Fresno americano","Medio (4 - 8 mts)",215,"Grande",-68.8259547687,-32.8678974421,4,"0",0.0512455516014235
47943,"Morera","Medio (4 - 8 mts)",180,"Grande",-68.8260533008,-32.8678927767,4,"0",0.185148665048544
47945,"Morera","Medio (4 - 8 mts)",283,"Grande",-68.8261550561,-32.8678882546,4,"0",0.185148665048544
47946,"Morera","Bajo (2 - 4 mts)",29,"Mediano",-68.8263067988,-32.8678774647,4,"0",0.185148665048544
47947,"Paraiso sombrilla","Medio (4 - 8 mts)",165,"Grande",-68.8263825213,-32.867948443,4,"0",0.022887323943662
47948,"Paraiso sombrilla","Medio (4 - 8 mts)",118,"Grande",-68.8263889202,-32.8680094064,4,"0",0.022887323943662
47953,"Paraiso","Alto (> 8 mts)",280,"Grande",-68.8264115489,-32.8684049209,4,"0",0.0859023207481815
47955,"Morera","Medio (4 - 8 mts)",208,"Grande",-68.826424138,-32.8685275878,4,"0",0.185148665048544
47956,"Morera","Medio (4 - 8 mts)",280,"Grande",-68.8264350449,-32.8686389432,4,"0",0.185148665048544
47958,"Morera","Medio (4 - 8 mts)",208,"Grande",-68.826185231,-32.8688513962,4,"0",0.185148665048544
47961,"Olmo comun","Medio (4 - 8 mts)",145,"Grande",-68.8258657235,-32.8688686251,4,"0",0.0227272727272727
47964,"Morera","Alto (> 8 mts)",308,"Grande",-68.825688611,-32.8687387148,4,"1",0.185148665048544
47966,"Morera","Medio (4 - 8 mts)",95,"Grande",-68.8256760383,-32.8686114682,4,"0",0.185148665048544
47967,"Morera","Medio (4 - 8 mts)",222,"Grande",-68.8256667055,-32.8685211956,4,"1",0.185148665048544
47968,"Morera","Medio (4 - 8 mts)",285,"Grande",-68.8256508472,-32.8684349715,4,"0",0.185148665048544
47969,"Morera","Medio (4 - 8 mts)",266,"Grande",-68.8256412775,-32.8683566009,4,"0",0.185148665048544
47972,"Morera","Medio (4 - 8 mts)",222,"Grande",-68.8256214262,-32.8681269117,4,"0",0.185148665048544
47973,"Morera","Medio (4 - 8 mts)",239,"Grande",-68.8256089972,-32.8679809101,4,"1",0.185148665048544
47974,"Morera","Alto (> 8 mts)",115,"Grande",-68.8272909035,-32.8700559679,4,"0",0.185148665048544
47980,"Morera","Alto (> 8 mts)",126,"Grande",-68.8263902247,-32.8700815015,4,"0",0.185148665048544
47981,"Morera","Alto (> 8 mts)",185,"Grande",-68.826192542,-32.8700878094,4,"0",0.185148665048544
47982,"Morera","Alto (> 8 mts)",110,"Grande",-68.8260940361,-32.8700893442,4,"0",0.185148665048544
47983,"Morera","Alto (> 8 mts)",105,"Grande",-68.8260459516,-32.8700906299,4,"0",0.185148665048544
47984,"Morera","Alto (> 8 mts)",77,"Grande",-68.8260021405,-32.870092192,4,"0",0.185148665048544
47985,"Morera","Alto (> 8 mts)",112,"Grande",-68.8259455128,-32.8700910312,4,"0",0.185148665048544
47986,"Morera","Medio (4 - 8 mts)",75,"Grande",-68.825872203,-32.8700788564,4,"0",0.185148665048544
47987,"Morera","Alto (> 8 mts)",142,"Grande",-68.8258219355,-32.8700025608,4,"0",0.185148665048544
47991,"Morera","Alto (> 8 mts)",84,"Grande",-68.8257934847,-32.869748037,4,"0",0.185148665048544
47992,"Morera","Alto (> 8 mts)",122,"Grande",-68.8257893026,-32.8697010529,4,"0",0.185148665048544
47993,"Morera","Alto (> 8 mts)",120,"Grande",-68.8257851429,-32.8696426173,4,"1",0.185148665048544
47994,"Morera","Alto (> 8 mts)",135,"Grande",-68.8257777537,-32.8695965305,4,"0",0.185148665048544
47996,"Morera","Alto (> 8 mts)",200,"Grande",-68.8257663899,-32.8694519731,4,"0",0.185148665048544
47998,"Olmo comun","Alto (> 8 mts)",160,"Grande",-68.825745432,-32.8692414885,4,"0",0.0227272727272727
47999,"Morera","Alto (> 8 mts)",125,"Grande",-68.8257401612,-32.8692048723,4,"1",0.185148665048544
48004,"Morera","Medio (4 - 8 mts)",87,"Grande",-68.8259863514,-32.868979521,4,"0",0.185148665048544
48005,"Morera","Alto (> 8 mts)",140,"Grande",-68.8260985565,-32.8689717421,4,"0",0.185148665048544
48006,"Morera","Medio (4 - 8 mts)",126,"Grande",-68.8263069279,-32.8689622031,4,"1",0.185148665048544
48009,"Morera","Alto (> 8 mts)",125,"Grande",-68.8265888723,-32.8689531643,4,"1",0.185148665048544
48010,"Morera","Alto (> 8 mts)",130,"Grande",-68.8267214229,-32.8689450145,4,"0",0.185148665048544
48012,"Morera","Alto (> 8 mts)",110,"Grande",-68.82693514,-32.8689336785,4,"1",0.185148665048544
48013,"Olmo comun","Medio (4 - 8 mts)",128,"Grande",-68.8270282116,-32.8689298398,4,"1",0.0227272727272727
48014,"Fresno europeo","Bajo (2 - 4 mts)",45,"Mediano",-68.8272316394,-32.8689239281,4,"0",0.0420032310177706
48020,"Caducifolio","Muy bajo (1 - 2 mts)",8,"Chico",-68.8273484138,-32.8696016836,4,"0",0.0512249443207127
48025,"Fresno europeo","Muy bajo (1 - 2 mts)",6,"Chico",-68.8265098634,-32.8678735968,4,"0",0.0420032310177706
48028,"Morera","Medio (4 - 8 mts)",149,"Grande",-68.8266402428,-32.8678717912,4,"0",0.185148665048544
48029,"Pltano","Medio (4 - 8 mts)",180,"Grande",-68.8266862855,-32.867871543,4,"0",0.0903973509933775
48040,"Morera","Muy bajo (1 - 2 mts)",8,"Chico",-68.8267132084,-32.8688285944,4,"0",0.185148665048544
48041,"Olmo comun","Bajo (2 - 4 mts)",100,"Grande",-68.8265987653,-32.8688334854,4,"0",0.0227272727272727
48045,"Olmo comun","Medio (4 - 8 mts)",96,"Grande",-68.8264763994,-32.8680237745,4,"0",0.0227272727272727
48046,"Morera","Medio (4 - 8 mts)",155,"Grande",-68.8264722355,-32.8679673227,4,"1",0.185148665048544
48048,"Morera","Alto (> 8 mts)",160,"Grande",-68.8255305218,-32.8665333105,4,"0",0.185148665048544
48053,"Morera","Alto (> 8 mts)",167,"Grande",-68.8258870585,-32.8665297803,4,"0",0.185148665048544
48056,"Morera","Alto (> 8 mts)",47,"Mediano",-68.8262820051,-32.8665255738,4,"0",0.185148665048544
48058,"Morera","Alto (> 8 mts)",180,"Grande",-68.8263789925,-32.866525988,4,"0",0.185148665048544
48060,"Morera","Alto (> 8 mts)",150,"Grande",-68.8264675634,-32.8665260477,4,"0",0.185148665048544
48061,"Morera","Alto (> 8 mts)",184,"Grande",-68.826575833,-32.8665251257,4,"0",0.185148665048544
48066,"Morera","Alto (> 8 mts)",162,"Grande",-68.8268779609,-32.8665222882,4,"0",0.185148665048544
48069,"Morera","Alto (> 8 mts)",146,"Grande",-68.8270542484,-32.8665254174,4,"0",0.185148665048544
48072,"Olmo comun","Alto (> 8 mts)",170,"Grande",-68.8271640406,-32.8667519775,4,"0",0.0227272727272727
48073,"Morera","Medio (4 - 8 mts)",80,"Grande",-68.8271632418,-32.8667985786,4,"0",0.185148665048544
48074,"Morera","Bajo (2 - 4 mts)",5,"Chico",-68.827170038,-32.866851018,4,"0",0.185148665048544
48082,"Fresno europeo","Muy bajo (1 - 2 mts)",5,"Chico",-68.8272159012,-32.8674708358,4,"0",0.0420032310177706
48083,"Morera","Alto (> 8 mts)",80,"Grande",-68.8272179463,-32.8675683614,4,"0",0.185148665048544
48085,"Paraiso","Medio (4 - 8 mts)",70,"Grande",-68.8271469039,-32.8677261517,4,"0",0.0859023207481815
48086,"Paraiso","Alto (> 8 mts)",60,"Mediano",-68.8270440992,-32.8677303207,4,"0",0.0859023207481815
48087,"Morera","Alto (> 8 mts)",170,"Grande",-68.8269756656,-32.8677324171,4,"0",0.185148665048544
48088,"Morera","Medio (4 - 8 mts)",80,"Grande",-68.8268836317,-32.8677356567,4,"0",0.185148665048544
48092,"Paraiso sombrilla","Medio (4 - 8 mts)",66,"Grande",-68.8266157308,-32.8677490014,4,"0",0.022887323943662
48094,"Morera","Medio (4 - 8 mts)",58,"Mediano",-68.8264566176,-32.8677572964,4,"0",0.185148665048544
48095,"Morera","Medio (4 - 8 mts)",50,"Mediano",-68.826414942,-32.8677602142,4,"0",0.185148665048544
48098,"Morera","Alto (> 8 mts)",150,"Grande",-68.8261489799,-32.8677715669,4,"0",0.185148665048544
48102,"Prunas","Medio (4 - 8 mts)",50,"Mediano",-68.8257098427,-32.8677866615,4,"0",0.0321782178217822
48103,"Morera","Alto (> 8 mts)",196,"Grande",-68.8255827662,-32.8677354323,4,"0",0.185148665048544
48105,"Morera","Medio (4 - 8 mts)",130,"Grande",-68.8255596055,-32.8675043859,4,"0",0.185148665048544
48109,"Morera","Alto (> 8 mts)",198,"Grande",-68.8255356515,-32.8672420496,4,"0",0.185148665048544
48110,"Morera","Alto (> 8 mts)",186,"Grande",-68.8255271572,-32.867160254,4,"0",0.185148665048544
48111,"Morera","Alto (> 8 mts)",115,"Grande",-68.8255199292,-32.8670865755,4,"0",0.185148665048544
48112,"Morera","Alto (> 8 mts)",168,"Grande",-68.8255124668,-32.8670234465,4,"0",0.185148665048544
48114,"Morera","Alto (> 8 mts)",185,"Grande",-68.8255009554,-32.8669000786,4,"0",0.185148665048544
48115,"Morera","Alto (> 8 mts)",134,"Grande",-68.8254904749,-32.8667959183,4,"0",0.185148665048544
48116,"Morera","Alto (> 8 mts)",133,"Grande",-68.8254832507,-32.8667203462,4,"0",0.185148665048544
48117,"Caducifolio","Bajo (2 - 4 mts)",22,"Mediano",-68.8296150599,-32.868530658,4,"0",0.0512249443207127
48118,"Morera","Alto (> 8 mts)",120,"Grande",-68.8295632746,-32.8685394592,4,"0",0.185148665048544
48120,"Morera","Medio (4 - 8 mts)",90,"Grande",-68.8294116378,-32.8685503434,4,"0",0.185148665048544
48124,"Morera","Alto (> 8 mts)",140,"Grande",-68.829713744,-32.8668696782,4,"0",0.185148665048544
48126,"Morera","Medio (4 - 8 mts)",60,"Mediano",-68.8298726157,-32.8668631812,4,"0",0.185148665048544
48128,"Morera","Alto (> 8 mts)",88,"Grande",-68.8300449161,-32.8668520324,4,"0",0.185148665048544
48131,"Braquiquito","Bajo (2 - 4 mts)",35,"Mediano",-68.8301906512,-32.8669408407,4,"0",0
48132,"Paraiso","Alto (> 8 mts)",220,"Grande",-68.8301942877,-32.8669842767,4,"0",0.0859023207481815
48136,"Morera","Medio (4 - 8 mts)",58,"Mediano",-68.8302074234,-32.867202272,4,"0",0.185148665048544
48139,"Fresno europeo","Medio (4 - 8 mts)",90,"Grande",-68.830218354,-32.8674123961,4,"0",0.0420032310177706
48143,"Olmo comun","Medio (4 - 8 mts)",90,"Grande",-68.8302440332,-32.8677724676,4,"0",0.0227272727272727
48146,"Fresno europeo","Medio (4 - 8 mts)",50,"Mediano",-68.8302611948,-32.8679726887,4,"0",0.0420032310177706
48147,"Fresno europeo","Alto (> 8 mts)",125,"Grande",-68.8302676064,-32.8680541538,4,"0",0.0420032310177706
48150,"Acer","Alto (> 8 mts)",133,"Grande",-68.8302818389,-32.8682496397,4,"0",0.0204081632653061
48152,"Morera","Alto (> 8 mts)",115,"Grande",-68.8302922643,-32.8683857195,4,"1",0.185148665048544
48158,"Morera","Alto (> 8 mts)",105,"Grande",-68.8295920508,-32.8685773696,4,"0",0.185148665048544
48162,"Fresno europeo","Bajo (2 - 4 mts)",35,"Mediano",-68.8291728794,-32.8686139378,4,"0",0.0420032310177706
48163,"Morera","Alto (> 8 mts)",160,"Grande",-68.8291147564,-32.8685683842,4,"1",0.185148665048544
48165,"Pltano","Alto (> 8 mts)",135,"Grande",-68.8291009144,-32.868433607,4,"1",0.0903973509933775
48166,"Pltano","Alto (> 8 mts)",230,"Grande",-68.829093451,-32.8683812923,4,"0",0.0903973509933775
48167,"Pltano","Alto (> 8 mts)",125,"Grande",-68.8290915973,-32.8683361554,4,"1",0.0903973509933775
48168,"Pltano","Alto (> 8 mts)",165,"Grande",-68.829090474,-32.8682605612,4,"0",0.0903973509933775
48169,"Morera","Alto (> 8 mts)",122,"Grande",-68.829088278,-32.8681849935,4,"1",0.185148665048544
48170,"Fresno europeo","Medio (4 - 8 mts)",63,"Grande",-68.8290818403,-32.8681321725,4,"0",0.0420032310177706
48176,"Morera","Alto (> 8 mts)",250,"Grande",-68.8290590391,-32.8675759131,4,"0",0.185148665048544
48178,"Paraiso","Alto (> 8 mts)",190,"Grande",-68.8274497898,-32.8691722564,4,"1",0.0859023207481815
48180,"Olmo bola","Alto (> 8 mts)",112,"Grande",-68.8274569002,-32.8693076105,4,"0",0.0231481481481481
48182,"Fresno europeo","Alto (> 8 mts)",220,"Grande",-68.8277538108,-32.8694283959,4,"0",0.0420032310177706
48187,"Morera","Alto (> 8 mts)",180,"Grande",-68.8284270022,-32.8694033522,4,"1",0.185148665048544
48189,"Fresno europeo","Bajo (2 - 4 mts)",19,"Chico",-68.8286181617,-32.8693990156,4,"0",0.0420032310177706
48191,"Fresno europeo","Alto (> 8 mts)",128,"Grande",-68.8288190526,-32.869390454,4,"1",0.0420032310177706
48193,"Fresno europeo","Medio (4 - 8 mts)",120,"Grande",-68.8290095404,-32.8692907166,4,"0",0.0420032310177706
48204,"Jacarand","Medio (4 - 8 mts)",45,"Mediano",-68.8286215438,-32.8687856337,4,"0",0.103064066852368
48217,"Morera","Alto (> 8 mts)",155,"Grande",-68.8276928207,-32.8688881745,4,"0",0.185148665048544
48219,"Morera","Alto (> 8 mts)",134,"Grande",-68.827572122,-32.8688967474,4,"0",0.185148665048544
48221,"Fresno europeo","Alto (> 8 mts)",120,"Grande",-68.8303185983,-32.8708280842,4,"1",0.0420032310177706
48223,"Fresno europeo","Alto (> 8 mts)",148,"Grande",-68.8301613537,-32.870842169,4,"0",0.0420032310177706
48229,"Fresno europeo","Alto (> 8 mts)",203,"Grande",-68.8297575285,-32.8708847598,4,"0",0.0420032310177706
48233,"Morera","Alto (> 8 mts)",190,"Grande",-68.8292819511,-32.8709346066,4,"0",0.185148665048544
48238,"Morera","Alto (> 8 mts)",150,"Grande",-68.8291998723,-32.8703309907,4,"0",0.185148665048544
48248,"Morera","Medio (4 - 8 mts)",135,"Grande",-68.8300625136,-32.8699082638,4,"0",0.185148665048544
48250,"Morera","Medio (4 - 8 mts)",42,"Mediano",-68.8302029261,-32.8698928894,4,"0",0.185148665048544
48251,"Morera","Medio (4 - 8 mts)",125,"Grande",-68.8302681113,-32.8698889203,4,"1",0.185148665048544
48252,"Morera","Medio (4 - 8 mts)",124,"Grande",-68.8303662016,-32.8699573828,4,"0",0.185148665048544
48254,"Fresno europeo","Bajo (2 - 4 mts)",7,"Chico",-68.8303690603,-32.8701288537,4,"0",0.0420032310177706
48255,"Morera","Alto (> 8 mts)",168,"Grande",-68.8303794929,-32.8702720019,4,"1",0.185148665048544
48256,"Morera","Alto (> 8 mts)",140,"Grande",-68.8303835238,-32.8703996873,4,"1",0.185148665048544
48264,"Fresno europeo","Bajo (2 - 4 mts)",10,"Chico",-68.82748803,-32.8697851005,4,"0",0.0420032310177706
48267,"Fresno americano","Alto (> 8 mts)",279,"Grande",-68.8275202996,-32.8694973846,4,"0",0.0512455516014235
48270,"Morera","Medio (4 - 8 mts)",55,"Mediano",-68.8280282037,-32.8694801699,4,"0",0.185148665048544
48273,"Morera","Alto (> 8 mts)",308,"Grande",-68.8287539667,-32.8694607169,4,"1",0.185148665048544
48274,"Fresno americano","Medio (4 - 8 mts)",123,"Grande",-68.8290164799,-32.86951633,4,"0",0.0512455516014235
48275,"Paraiso","Medio (4 - 8 mts)",200,"Grande",-68.8290276302,-32.8696245395,4,"0",0.0859023207481815
48278,"Fresno americano","Alto (> 8 mts)",195,"Grande",-68.829028559,-32.8699033537,4,"0",0.0512455516014235
48279,"Morera","Medio (4 - 8 mts)",83,"Grande",-68.8290358824,-32.8699846063,4,"0",0.185148665048544
48283,"Pltano","Alto (> 8 mts)",268,"Grande",-68.8288868479,-32.8669146743,4,"1",0.0903973509933775
48286,"Morera","Medio (4 - 8 mts)",90,"Grande",-68.8289069727,-32.8672493603,4,"0",0.185148665048544
48288,"Fresno americano","Alto (> 8 mts)",200,"Grande",-68.8289130284,-32.8674275561,4,"0",0.0512455516014235
48290,"Fresno americano","Alto (> 8 mts)",180,"Grande",-68.8289414717,-32.8679585505,4,"1",0.0512455516014235
48291,"Morera","Medio (4 - 8 mts)",140,"Grande",-68.8289445335,-32.8680333052,4,"0",0.185148665048544
48292,"Morera","Alto (> 8 mts)",280,"Grande",-68.8289548783,-32.8682103219,4,"1",0.185148665048544
48294,"Morera","Alto (> 8 mts)",200,"Grande",-68.8289652694,-32.8683632635,4,"1",0.185148665048544
48295,"Pltano","Alto (> 8 mts)",248,"Grande",-68.8289726252,-32.8684275644,4,"1",0.0903973509933775
48299,"Morera","Medio (4 - 8 mts)",180,"Grande",-68.8289530149,-32.8686243775,4,"1",0.185148665048544
48301,"Morera","Muy bajo (1 - 2 mts)",6,"Chico",-68.8286975975,-32.8686518001,4,"0",0.185148665048544
48304,"Paraiso sombrilla","Medio (4 - 8 mts)",106,"Grande",-68.8284945419,-32.8686756873,4,"0",0.022887323943662
48310,"Paraiso","Bajo (2 - 4 mts)",55,"Mediano",-68.8281024429,-32.8687153647,4,"0",0.0859023207481815
48314,"Morera","Alto (> 8 mts)",215,"Grande",-68.8278442363,-32.8684718227,4,"0",0.185148665048544
48316,"Olmo comun","Medio (4 - 8 mts)",142,"Grande",-68.8277966882,-32.8687488479,4,"0",0.0227272727272727
48320,"Olmo comun","Medio (4 - 8 mts)",180,"Grande",-68.8274042066,-32.8684893621,4,"0",0.0227272727272727
48322,"Tilo","Bajo (2 - 4 mts)",49,"Mediano",-68.8273852498,-32.8682367497,4,"0",0
48329,"Olmo comun","Bajo (2 - 4 mts)",60,"Mediano",-68.8273564666,-32.8677067842,4,"0",0.0227272727272727
48330,"Caducifolio","Medio (4 - 8 mts)",110,"Grande",-68.8273501441,-32.8676060562,4,"0",0.0512249443207127
48337,"Caducifolio","Medio (4 - 8 mts)",95,"Grande",-68.8273086927,-32.8669420813,4,"0",0.0512249443207127
48339,"Olmo comun","Medio (4 - 8 mts)",110,"Grande",-68.8272982401,-32.866822412,4,"0",0.0227272727272727
48348,"Morera","Medio (4 - 8 mts)",210,"Grande",-68.8276824096,-32.8665186902,4,"0",0.185148665048544
48351,"Morera","Medio (4 - 8 mts)",148,"Grande",-68.8279644744,-32.866516844,4,"0",0.185148665048544
48359,"Morera","Medio (4 - 8 mts)",196,"Grande",-68.8283566358,-32.8665911602,4,"0",0.185148665048544
48360,"Morera","Medio (4 - 8 mts)",96,"Grande",-68.8285220222,-32.8665637365,4,"1",0.185148665048544
48362,"Fresno americano","Medio (4 - 8 mts)",30,"Mediano",-68.8285244944,-32.8666454398,4,"0",0.0512455516014235
48367,"Morera","Alto (> 8 mts)",135,"Grande",-68.8291171898,-32.8688728383,4,"0",0.185148665048544
48369,"Morera","Alto (> 8 mts)",150,"Grande",-68.8291275782,-32.8690274029,4,"0",0.185148665048544
48371,"Fresno americano","Alto (> 8 mts)",150,"Grande",-68.8291388652,-32.8692147903,4,"1",0.0512455516014235
48372,"Fresno europeo","Medio (4 - 8 mts)",110,"Grande",-68.8291450517,-32.8693317485,4,"0",0.0420032310177706
48375,"Fresno americano","Medio (4 - 8 mts)",75,"Grande",-68.8291643315,-32.8696337216,4,"0",0.0512455516014235
48378,"Fresno europeo","Alto (> 8 mts)",150,"Grande",-68.8291794524,-32.8698355721,4,"0",0.0420032310177706
48383,"Perenne","Medio (4 - 8 mts)",190,"Grande",-68.8295430248,-32.8698318039,4,"0",0.0364741641337386
48385,"Morera","Alto (> 8 mts)",122,"Grande",-68.8295965435,-32.8698333042,4,"1",0.185148665048544
48387,"Perenne","Medio (4 - 8 mts)",50,"Mediano",-68.8296885029,-32.8698153459,4,"0",0.0364741641337386
48388,"Morera","Alto (> 8 mts)",158,"Grande",-68.8298204719,-32.8698067539,4,"0",0.185148665048544
48395,"Morera","Alto (> 8 mts)",125,"Grande",-68.830353159,-32.8695121987,4,"0",0.185148665048544
48402,"Fresno europeo","Medio (4 - 8 mts)",70,"Grande",-68.8303295657,-32.8690527534,4,"1",0.0420032310177706
48406,"Morera","Alto (> 8 mts)",160,"Grande",-68.8303151125,-32.8687312798,4,"1",0.185148665048544
48408,"Paraiso","Alto (> 8 mts)",155,"Grande",-68.8301273299,-32.868646446,4,"0",0.0859023207481815
48409,"Morera","Medio (4 - 8 mts)",108,"Grande",-68.8300171504,-32.8686569364,4,"0",0.185148665048544
48417,"Fresno europeo","Muy bajo (1 - 2 mts)",20,"Chico",-68.8291779111,-32.8687363758,4,"0",0.0420032310177706
